ESCALE ; pCOHP file generated by LOBSTER. Energy is shifted such that the Fermi level lies at 0 eV.
         2          2        401  -5.82964e+00   1.42205e+01   4.19543e+00 
Average
No.1:Mn37->O91(1.9227656005901943)
-10.02506   0.00000  -0.71842   0.00000  -0.71842   0.00000  -0.71494   0.00000  -0.71494
 -9.97494   0.00000  -0.71842   0.00000  -0.71842   0.00000  -0.71494   0.00000  -0.71494
 -9.92481   0.00000  -0.71842   0.00000  -0.71842   0.00000  -0.71494   0.00000  -0.71494
 -9.87469   0.00000  -0.71842   0.00000  -0.71842   0.00000  -0.71494   0.00000  -0.71494
 -9.82456   0.00000  -0.71842   0.00000  -0.71842   0.00000  -0.71494   0.00000  -0.71494
 -9.77444   0.00000  -0.71842   0.00000  -0.71842   0.00000  -0.71494   0.00000  -0.71494
 -9.72431   0.00000  -0.71842   0.00000  -0.71842   0.00000  -0.71494   0.00000  -0.71494
 -9.67419   0.00000  -0.71842   0.00000  -0.71842   0.00000  -0.71494   0.00000  -0.71494
 -9.62406   0.00000  -0.71842   0.00000  -0.71842   0.00000  -0.71494   0.00000  -0.71494
 -9.57393   0.00000  -0.71842   0.00000  -0.71842   0.00000  -0.71494   0.00000  -0.71494
 -9.52381   0.00000  -0.71842   0.00000  -0.71842   0.00000  -0.71494   0.00000  -0.71494
 -9.47368   0.00000  -0.71842   0.00000  -0.71842   0.00000  -0.71494   0.00000  -0.71494
 -9.42356   0.00000  -0.71842   0.00000  -0.71842   0.00000  -0.71494   0.00000  -0.71494
 -9.37343   0.00000  -0.71842   0.00000  -0.71842   0.00000  -0.71494   0.00000  -0.71494
 -9.32331   0.00000  -0.71842   0.00000  -0.71842   0.00000  -0.71494   0.00000  -0.71494
 -9.27318   0.00000  -0.71842   0.00000  -0.71842   0.00000  -0.71494   0.00000  -0.71494
 -9.22306   0.00000  -0.71842   0.00000  -0.71842   0.00000  -0.71494   0.00000  -0.71494
 -9.17293   0.00000  -0.71842   0.00000  -0.71842   0.00000  -0.71494   0.00000  -0.71494
 -9.12281   0.00000  -0.71842   0.00000  -0.71842   0.00000  -0.71494   0.00000  -0.71494
 -9.07268   0.00000  -0.71842   0.00000  -0.71842   0.00000  -0.71494   0.00000  -0.71494
 -9.02256   0.00000  -0.71842   0.00000  -0.71842   0.00000  -0.71494   0.00000  -0.71494
 -8.97243   0.00000  -0.71842   0.00000  -0.71842   0.00000  -0.71494   0.00000  -0.71494
 -8.92231   0.00000  -0.71842   0.00000  -0.71842   0.00000  -0.71494   0.00000  -0.71494
 -8.87218   0.00000  -0.71842   0.00000  -0.71842   0.00000  -0.71494   0.00000  -0.71494
 -8.82206   0.00000  -0.71842   0.00000  -0.71842   0.00000  -0.71494   0.00000  -0.71494
 -8.77193   0.00000  -0.71842   0.00000  -0.71842   0.00000  -0.71494   0.00000  -0.71494
 -8.72180   0.00000  -0.71842   0.00000  -0.71842   0.00000  -0.71494   0.00000  -0.71494
 -8.67168   0.00000  -0.71842   0.00000  -0.71842   0.00000  -0.71494   0.00000  -0.71494
 -8.62155   0.00000  -0.71842   0.00000  -0.71842   0.00000  -0.71494   0.00000  -0.71494
 -8.57143   0.00000  -0.71842   0.00000  -0.71842   0.00000  -0.71494   0.00000  -0.71494
 -8.52130   0.00000  -0.71842   0.00000  -0.71842   0.00000  -0.71494   0.00000  -0.71494
 -8.47118   0.00000  -0.71842   0.00000  -0.71842   0.00000  -0.71494   0.00000  -0.71494
 -8.42105   0.00000  -0.71842   0.00000  -0.71842   0.00000  -0.71494   0.00000  -0.71494
 -8.37093   0.00000  -0.71842   0.00000  -0.71842   0.00000  -0.71494   0.00000  -0.71494
 -8.32080   0.00000  -0.71842   0.00000  -0.71842   0.00000  -0.71494   0.00000  -0.71494
 -8.27068   0.00000  -0.71842   0.00000  -0.71842   0.00000  -0.71494   0.00000  -0.71494
 -8.22055   0.00000  -0.71842   0.00000  -0.71842   0.00000  -0.71494   0.00000  -0.71494
 -8.17043   0.00000  -0.71842   0.00000  -0.71842   0.00000  -0.71494   0.00000  -0.71494
 -8.12030   0.00000  -0.71842   0.00000  -0.71842   0.00000  -0.71494   0.00000  -0.71494
 -8.07018   0.00000  -0.71842   0.00000  -0.71842   0.00000  -0.71494   0.00000  -0.71494
 -8.02005   0.00000  -0.71842   0.00000  -0.71842   0.00000  -0.71494   0.00000  -0.71494
 -7.96992   0.00000  -0.71842   0.00000  -0.71842   0.00000  -0.71494   0.00000  -0.71494
 -7.91980   0.00000  -0.71842   0.00000  -0.71842   0.00000  -0.71494   0.00000  -0.71494
 -7.86967   0.00000  -0.71842   0.00000  -0.71842   0.00000  -0.71494   0.00000  -0.71494
 -7.81955   0.00000  -0.71842   0.00000  -0.71842   0.00000  -0.71494   0.00000  -0.71494
 -7.76942   0.00000  -0.71842   0.00000  -0.71842   0.00000  -0.71494   0.00000  -0.71494
 -7.71930   0.00000  -0.71842   0.00000  -0.71842   0.00000  -0.71494   0.00000  -0.71494
 -7.66917   0.00000  -0.71842   0.00000  -0.71842   0.00000  -0.71494   0.00000  -0.71494
 -7.61905   0.00000  -0.71842   0.00000  -0.71842   0.00000  -0.71494   0.00000  -0.71494
 -7.56892   0.00000  -0.71842   0.00000  -0.71842   0.00000  -0.71494   0.00000  -0.71494
 -7.51880   0.00000  -0.71842   0.00000  -0.71842   0.00000  -0.71494   0.00000  -0.71494
 -7.46867   0.00000  -0.71842   0.00000  -0.71842   0.00000  -0.71494   0.00000  -0.71494
 -7.41855   0.00000  -0.71842   0.00000  -0.71842   0.00000  -0.71494   0.00000  -0.71494
 -7.36842   0.00000  -0.71842   0.00000  -0.71842   0.00000  -0.71494   0.00000  -0.71494
 -7.31830   0.00000  -0.71842   0.00000  -0.71842   0.00000  -0.71494   0.00000  -0.71494
 -7.26817   0.00000  -0.71842   0.00000  -0.71842   0.00000  -0.71494   0.00000  -0.71494
 -7.21805   0.00000  -0.71842   0.00000  -0.71842   0.00000  -0.71494   0.00000  -0.71494
 -7.16792   0.00000  -0.71842   0.00000  -0.71842   0.00000  -0.71494   0.00000  -0.71494
 -7.11779   0.00000  -0.71842   0.00000  -0.71842   0.00000  -0.71494   0.00000  -0.71494
 -7.06767  -0.06230  -0.72154  -0.06230  -0.72154   0.00000  -0.71494   0.00000  -0.71494
 -7.01754  -0.47173  -0.74519  -0.47173  -0.74519   0.00000  -0.71494   0.00000  -0.71494
 -6.96742  -0.09209  -0.74980  -0.09209  -0.74980   0.00000  -0.71494   0.00000  -0.71494
 -6.91729  -0.29839  -0.76476  -0.29839  -0.76476   0.00000  -0.71494   0.00000  -0.71494
 -6.86717  -0.34583  -0.78209  -0.34583  -0.78209   0.00000  -0.71494   0.00000  -0.71494
 -6.81704  -0.20529  -0.79238  -0.20529  -0.79238   0.00000  -0.71494   0.00000  -0.71494
 -6.76692  -0.18020  -0.80142  -0.18020  -0.80142   0.00000  -0.71494   0.00000  -0.71494
 -6.71679  -0.21712  -0.81230  -0.21712  -0.81230   0.00000  -0.71494   0.00000  -0.71494
 -6.66667  -0.44926  -0.83482  -0.44926  -0.83482   0.00000  -0.71494   0.00000  -0.71494
 -6.61654  -0.38569  -0.85415  -0.38569  -0.85415   0.00000  -0.71494   0.00000  -0.71494
 -6.56642  -0.27244  -0.86781  -0.27244  -0.86781   0.00000  -0.71494   0.00000  -0.71494
 -6.51629  -0.20970  -0.87832  -0.20970  -0.87832   0.00000  -0.71494   0.00000  -0.71494
 -6.46617  -0.17004  -0.88684  -0.17004  -0.88684   0.00000  -0.71494   0.00000  -0.71494
 -6.41604  -0.20528  -0.89713  -0.20528  -0.89713   0.00000  -0.71494   0.00000  -0.71494
 -6.36591  -0.17093  -0.90570  -0.17093  -0.90570   0.00000  -0.71494   0.00000  -0.71494
 -6.31579  -0.15073  -0.91325  -0.15073  -0.91325   0.00000  -0.71494   0.00000  -0.71494
 -6.26566  -0.20573  -0.92357  -0.20573  -0.92357   0.00000  -0.71494   0.00000  -0.71494
 -6.21554  -0.24528  -0.93586  -0.24528  -0.93586   0.00000  -0.71494   0.00000  -0.71494
 -6.16541  -0.21033  -0.94640  -0.21033  -0.94640   0.00000  -0.71494   0.00000  -0.71494
 -6.11529  -0.14356  -0.95360  -0.14356  -0.95360   0.00000  -0.71494   0.00000  -0.71494
 -6.06516  -0.26654  -0.96696  -0.26654  -0.96696   0.00000  -0.71494   0.00000  -0.71494
 -6.01504  -0.29991  -0.98199  -0.29991  -0.98199   0.00000  -0.71494   0.00000  -0.71494
 -5.96491  -0.25844  -0.99495  -0.25844  -0.99495   0.00000  -0.71494   0.00000  -0.71494
 -5.91479  -0.45733  -1.01787  -0.45733  -1.01787   0.00000  -0.71494   0.00000  -0.71494
 -5.86466  -0.37576  -1.03671  -0.37576  -1.03671   0.00000  -0.71494   0.00000  -0.71494
 -5.81454  -0.31241  -1.05237  -0.31241  -1.05237   0.00000  -0.71494   0.00000  -0.71494
 -5.76441  -0.31804  -1.06831  -0.31804  -1.06831   0.00000  -0.71494   0.00000  -0.71494
 -5.71429  -0.28937  -1.08281  -0.28937  -1.08281  -0.00628  -0.71526  -0.00628  -0.71526
 -5.66416  -0.37383  -1.10155  -0.37383  -1.10155  -0.14406  -0.72248  -0.14406  -0.72248
 -5.61404  -0.45718  -1.12447  -0.45718  -1.12447  -0.17949  -0.73147  -0.17949  -0.73147
 -5.56391  -0.40894  -1.14497  -0.40894  -1.14497  -0.24975  -0.74399  -0.24975  -0.74399
 -5.51378  -0.35316  -1.16267  -0.35316  -1.16267  -0.15406  -0.75172  -0.15406  -0.75172
 -5.46366  -0.23252  -1.17432  -0.23252  -1.17432  -0.11961  -0.75771  -0.11961  -0.75771
 -5.41353  -0.31076  -1.18990  -0.31076  -1.18990  -0.11135  -0.76329  -0.11135  -0.76329
 -5.36341  -0.42891  -1.21140  -0.42891  -1.21140  -0.11419  -0.76902  -0.11419  -0.76902
 -5.31328  -0.57370  -1.24016  -0.57370  -1.24016  -0.07852  -0.77295  -0.07852  -0.77295
 -5.26316  -0.48384  -1.26441  -0.48384  -1.26441  -0.07521  -0.77672  -0.07521  -0.77672
 -5.21303  -0.52440  -1.29070  -0.52440  -1.29070  -0.14525  -0.78400  -0.14525  -0.78400
 -5.16291  -0.46876  -1.31419  -0.46876  -1.31419  -0.12999  -0.79052  -0.12999  -0.79052
 -5.11278  -0.39302  -1.33389  -0.39302  -1.33389  -0.11197  -0.79613  -0.11197  -0.79613
 -5.06266  -0.26136  -1.34699  -0.26136  -1.34699  -0.14245  -0.80327  -0.14245  -0.80327
 -5.01253  -0.17933  -1.35598  -0.17933  -1.35598  -0.15188  -0.81088  -0.15188  -0.81088
 -4.96241  -0.20157  -1.36609  -0.20157  -1.36609  -0.12004  -0.81690  -0.12004  -0.81690
 -4.91228  -0.26281  -1.37926  -0.26281  -1.37926  -0.19779  -0.82682  -0.19779  -0.82682
 -4.86216  -0.15063  -1.38681  -0.15063  -1.38681  -0.27966  -0.84083  -0.27966  -0.84083
 -4.81203  -0.18065  -1.39586  -0.18065  -1.39586  -0.26199  -0.85397  -0.26199  -0.85397
 -4.76190  -0.17421  -1.40460  -0.17421  -1.40460  -0.25111  -0.86655  -0.25111  -0.86655
 -4.71178  -0.23579  -1.41642  -0.23579  -1.41642  -0.30543  -0.88186  -0.30543  -0.88186
 -4.66165  -0.37245  -1.43509  -0.37245  -1.43509  -0.33072  -0.89844  -0.33072  -0.89844
 -4.61153  -0.37312  -1.45379  -0.37312  -1.45379  -0.38497  -0.91774  -0.38497  -0.91774
 -4.56140  -0.23115  -1.46537  -0.23115  -1.46537  -0.35182  -0.93537  -0.35182  -0.93537
 -4.51128  -0.26405  -1.47861  -0.26405  -1.47861  -0.35300  -0.95307  -0.35300  -0.95307
 -4.46115  -0.26891  -1.49209  -0.26891  -1.49209  -0.32534  -0.96937  -0.32534  -0.96937
 -4.41103  -0.24061  -1.50415  -0.24061  -1.50415  -0.35051  -0.98694  -0.35051  -0.98694
 -4.36090  -0.23512  -1.51594  -0.23512  -1.51594  -0.28485  -1.00122  -0.28485  -1.00122
 -4.31078  -0.32744  -1.53235  -0.32744  -1.53235  -0.26674  -1.01459  -0.26674  -1.01459
 -4.26065  -0.18388  -1.54157  -0.18388  -1.54157  -0.30305  -1.02978  -0.30305  -1.02978
 -4.21053  -0.09082  -1.54612  -0.09082  -1.54612  -0.27565  -1.04360  -0.27565  -1.04360
 -4.16040   0.07050  -1.54258   0.07050  -1.54258  -0.35830  -1.06156  -0.35830  -1.06156
 -4.11028   0.07957  -1.53860   0.07957  -1.53860  -0.37264  -1.08024  -0.37264  -1.08024
 -4.06015   0.06374  -1.53540   0.06374  -1.53540  -0.47269  -1.10393  -0.47269  -1.10393
 -4.01003   0.03253  -1.53377   0.03253  -1.53377  -0.48598  -1.12829  -0.48598  -1.12829
 -3.95990   0.00178  -1.53368   0.00178  -1.53368  -0.50660  -1.15368  -0.50660  -1.15368
 -3.90977   0.00168  -1.53360   0.00168  -1.53360  -0.38106  -1.17279  -0.38106  -1.17279
 -3.85965  -0.00092  -1.53364  -0.00092  -1.53364  -0.34277  -1.18997  -0.34277  -1.18997
 -3.80952  -0.01372  -1.53433  -0.01372  -1.53433  -0.34805  -1.20741  -0.34805  -1.20741
 -3.75940  -0.04226  -1.53645  -0.04226  -1.53645  -0.28200  -1.22155  -0.28200  -1.22155
 -3.70927  -0.05277  -1.53909  -0.05277  -1.53909  -0.35322  -1.23925  -0.35322  -1.23925
 -3.65915  -0.02988  -1.54059  -0.02988  -1.54059  -0.31244  -1.25491  -0.31244  -1.25491
 -3.60902  -0.00570  -1.54088  -0.00570  -1.54088  -0.27240  -1.26857  -0.27240  -1.26857
 -3.55890  -0.04436  -1.54310  -0.04436  -1.54310  -0.31281  -1.28425  -0.31281  -1.28425
 -3.50877  -0.09200  -1.54771  -0.09200  -1.54771  -0.37077  -1.30283  -0.37077  -1.30283
 -3.45865  -0.11763  -1.55361  -0.11763  -1.55361  -0.40805  -1.32329  -0.40805  -1.32329
 -3.40852  -0.13491  -1.56037  -0.13491  -1.56037  -0.33501  -1.34008  -0.33501  -1.34008
 -3.35840  -0.03008  -1.56188  -0.03008  -1.56188  -0.37744  -1.35900  -0.37744  -1.35900
 -3.30827   0.00009  -1.56187   0.00009  -1.56187  -0.20754  -1.36940  -0.20754  -1.36940
 -3.25815   0.04515  -1.55961   0.04515  -1.55961  -0.17977  -1.37841  -0.17977  -1.37841
 -3.20802   0.12111  -1.55354   0.12111  -1.55354  -0.22174  -1.38953  -0.22174  -1.38953
 -3.15789   0.07966  -1.54955   0.07966  -1.54955  -0.16158  -1.39763  -0.16158  -1.39763
 -3.10777   0.08966  -1.54505   0.08966  -1.54505  -0.16479  -1.40589  -0.16479  -1.40589
 -3.05764   0.24083  -1.53298   0.24083  -1.53298  -0.17452  -1.41463  -0.17452  -1.41463
 -3.00752   0.18498  -1.52371   0.18498  -1.52371  -0.13849  -1.42158  -0.13849  -1.42158
 -2.95739   0.13304  -1.51704   0.13304  -1.51704  -0.10433  -1.42681  -0.10433  -1.42681
 -2.90727   0.06583  -1.51374   0.06583  -1.51374  -0.13283  -1.43346  -0.13283  -1.43346
 -2.85714   0.09047  -1.50921   0.09047  -1.50921  -0.15594  -1.44128  -0.15594  -1.44128
 -2.80702   0.08914  -1.50474   0.08914  -1.50474  -0.21751  -1.45218  -0.21751  -1.45218
 -2.75689   0.09926  -1.49976   0.09926  -1.49976  -0.22144  -1.46328  -0.22144  -1.46328
 -2.70677   0.10077  -1.49471   0.10077  -1.49471  -0.13088  -1.46984  -0.13088  -1.46984
 -2.65664   0.10627  -1.48938   0.10627  -1.48938  -0.06430  -1.47307  -0.06430  -1.47307
 -2.60652   0.09835  -1.48446   0.09835  -1.48446  -0.06957  -1.47655  -0.06957  -1.47655
 -2.55639   0.08055  -1.48042   0.08055  -1.48042  -0.08905  -1.48102  -0.08905  -1.48102
 -2.50627   0.09989  -1.47541   0.09989  -1.47541  -0.05366  -1.48371  -0.05366  -1.48371
 -2.45614   0.07349  -1.47173   0.07349  -1.47173  -0.04279  -1.48585  -0.04279  -1.48585
 -2.40602   0.02719  -1.47036   0.02719  -1.47036  -0.06766  -1.48924  -0.06766  -1.48924
 -2.35589   0.04954  -1.46788   0.04954  -1.46788  -0.04156  -1.49133  -0.04156  -1.49133
 -2.30576   0.06193  -1.46478   0.06193  -1.46478  -0.04944  -1.49381  -0.04944  -1.49381
 -2.25564   0.09234  -1.46015   0.09234  -1.46015  -0.01849  -1.49473  -0.01849  -1.49473
 -2.20551   0.18116  -1.45107   0.18116  -1.45107   0.00289  -1.49459   0.00289  -1.49459
 -2.15539   0.19857  -1.44111   0.19857  -1.44111   0.00635  -1.49427   0.00635  -1.49427
 -2.10526   0.17272  -1.43246   0.17272  -1.43246   0.00474  -1.49403   0.00474  -1.49403
 -2.05514   0.16772  -1.42405   0.16772  -1.42405  -0.02063  -1.49507  -0.02063  -1.49507
 -2.00501   0.23106  -1.41247   0.23106  -1.41247   0.00014  -1.49506   0.00014  -1.49506
 -1.95489   0.26653  -1.39911   0.26653  -1.39911  -0.02271  -1.49620  -0.02271  -1.49620
 -1.90476   0.17960  -1.39011   0.17960  -1.39011   0.01041  -1.49567   0.01041  -1.49567
 -1.85464   0.19085  -1.38054   0.19085  -1.38054   0.02002  -1.49467   0.02002  -1.49467
 -1.80451   0.19161  -1.37094   0.19161  -1.37094   0.00496  -1.49442   0.00496  -1.49442
 -1.75439   0.16105  -1.36286   0.16105  -1.36286  -0.01420  -1.49513  -0.01420  -1.49513
 -1.70426   0.18789  -1.35344   0.18789  -1.35344  -0.00434  -1.49535  -0.00434  -1.49535
 -1.65414   0.18909  -1.34397   0.18909  -1.34397  -0.00247  -1.49548  -0.00247  -1.49548
 -1.60401   0.23950  -1.33196   0.23950  -1.33196   0.00239  -1.49536   0.00239  -1.49536
 -1.55388   0.17443  -1.32322   0.17443  -1.32322   0.01265  -1.49472   0.01265  -1.49472
 -1.50376   0.24140  -1.31112   0.24140  -1.31112   0.00330  -1.49456   0.00330  -1.49456
 -1.45363   0.17157  -1.30252   0.17157  -1.30252   0.01371  -1.49387   0.01371  -1.49387
 -1.40351   0.14599  -1.29520   0.14599  -1.29520   0.01158  -1.49329   0.01158  -1.49329
 -1.35338   0.12116  -1.28913   0.12116  -1.28913  -0.00159  -1.49337  -0.00159  -1.49337
 -1.30326   0.18944  -1.27963   0.18944  -1.27963  -0.02114  -1.49443  -0.02114  -1.49443
 -1.25313   0.14516  -1.27235   0.14516  -1.27235  -0.02677  -1.49577  -0.02677  -1.49577
 -1.20301   0.09139  -1.26777   0.09139  -1.26777  -0.03021  -1.49728  -0.03021  -1.49728
 -1.15288   0.04288  -1.26563   0.04288  -1.26563  -0.06705  -1.50065  -0.06705  -1.50065
 -1.10276   0.17328  -1.25694   0.17328  -1.25694  -0.04969  -1.50314  -0.04969  -1.50314
 -1.05263   0.16821  -1.24851   0.16821  -1.24851  -0.03545  -1.50491  -0.03545  -1.50491
 -1.00251   0.12384  -1.24230   0.12384  -1.24230  -0.04830  -1.50733  -0.04830  -1.50733
 -0.95238   0.16071  -1.23425   0.16071  -1.23425  -0.01939  -1.50831  -0.01939  -1.50831
 -0.90226   0.10636  -1.22891   0.10636  -1.22891  -0.02780  -1.50970  -0.02780  -1.50970
 -0.85213   0.08401  -1.22470   0.08401  -1.22470  -0.04168  -1.51179  -0.04168  -1.51179
 -0.80201   0.06064  -1.22166   0.06064  -1.22166  -0.05345  -1.51447  -0.05345  -1.51447
 -0.75188   0.05625  -1.21884   0.05625  -1.21884  -0.12810  -1.52089  -0.12810  -1.52089
 -0.70175   0.04335  -1.21667   0.04335  -1.21667  -0.10301  -1.52605  -0.10301  -1.52605
 -0.65163   0.03836  -1.21475   0.03836  -1.21475  -0.00929  -1.52652  -0.00929  -1.52652
 -0.60150   0.03357  -1.21307   0.03357  -1.21307   0.00000  -1.52652   0.00000  -1.52652
 -0.55138   0.01940  -1.21209   0.01940  -1.21209   0.00000  -1.52652   0.00000  -1.52652
 -0.50125   0.02147  -1.21102   0.02147  -1.21102   0.00000  -1.52652   0.00000  -1.52652
 -0.45113   0.02297  -1.20986   0.02297  -1.20986   0.00000  -1.52652   0.00000  -1.52652
 -0.40100   0.02136  -1.20879   0.02136  -1.20879   0.00000  -1.52652   0.00000  -1.52652
 -0.35088   0.01659  -1.20796   0.01659  -1.20796   0.00000  -1.52652   0.00000  -1.52652
 -0.30075   0.00947  -1.20749   0.00947  -1.20749   0.00000  -1.52652   0.00000  -1.52652
 -0.25063   0.01117  -1.20693   0.01117  -1.20693   0.00000  -1.52652   0.00000  -1.52652
 -0.20050   0.01898  -1.20598   0.01898  -1.20598   0.00000  -1.52652   0.00000  -1.52652
 -0.15038   0.00169  -1.20589   0.00169  -1.20589   0.00000  -1.52652   0.00000  -1.52652
 -0.10025   0.00473  -1.20565   0.00473  -1.20565   0.00000  -1.52652   0.00000  -1.52652
 -0.05013   0.00914  -1.20520   0.00914  -1.20520   0.00000  -1.52652   0.00000  -1.52652
  0.00000   0.01674  -1.20436   0.01674  -1.20436   0.00000  -1.52652   0.00000  -1.52652
  0.05013   0.00000  -1.20436   0.00000  -1.20436   0.00000  -1.52652   0.00000  -1.52652
  0.10025   0.00000  -1.20436   0.00000  -1.20436   0.00000  -1.52652   0.00000  -1.52652
  0.15038   0.00000  -1.20436   0.00000  -1.20436   0.00000  -1.52652   0.00000  -1.52652
  0.20050   0.00000  -1.20436   0.00000  -1.20436   0.00000  -1.52652   0.00000  -1.52652
  0.25063   0.00000  -1.20436   0.00000  -1.20436   0.00000  -1.52652   0.00000  -1.52652
  0.30075   0.00000  -1.20436   0.00000  -1.20436   0.00000  -1.52652   0.00000  -1.52652
  0.35088   0.00000  -1.20436   0.00000  -1.20436   0.00000  -1.52652   0.00000  -1.52652
  0.40100   0.00000  -1.20436   0.00000  -1.20436   0.00000  -1.52652   0.00000  -1.52652
  0.45113   0.00000  -1.20436   0.00000  -1.20436   0.00000  -1.52652   0.00000  -1.52652
  0.50125   0.00000  -1.20436   0.00000  -1.20436   0.00000  -1.52652   0.00000  -1.52652
  0.55138   0.00000  -1.20436   0.00000  -1.20436   0.00000  -1.52652   0.00000  -1.52652
  0.60150   0.00000  -1.20436   0.00000  -1.20436   0.00000  -1.52652   0.00000  -1.52652
  0.65163   0.00000  -1.20436   0.00000  -1.20436   0.00000  -1.52652   0.00000  -1.52652
  0.70175   0.00000  -1.20436   0.00000  -1.20436   0.00000  -1.52652   0.00000  -1.52652
  0.75188   0.00000  -1.20436   0.00000  -1.20436   0.00000  -1.52652   0.00000  -1.52652
  0.80201   0.00000  -1.20436   0.00000  -1.20436   0.00000  -1.52652   0.00000  -1.52652
  0.85213   0.00000  -1.20436   0.00000  -1.20436   0.00000  -1.52652   0.00000  -1.52652
  0.90226   0.00000  -1.20436   0.00000  -1.20436   0.00000  -1.52652   0.00000  -1.52652
  0.95238   0.00000  -1.20436   0.00000  -1.20436   0.00000  -1.52652   0.00000  -1.52652
  1.00251   0.22194  -1.19323   0.22194  -1.19323   0.00000  -1.52652   0.00000  -1.52652
  1.05263   0.49368  -1.16849   0.49368  -1.16849   0.00000  -1.52652   0.00000  -1.52652
  1.10276   1.08356  -1.11417   1.08356  -1.11417   0.00000  -1.52652   0.00000  -1.52652
  1.15288   1.16362  -1.05585   1.16362  -1.05585   0.00000  -1.52652   0.00000  -1.52652
  1.20301   0.54095  -1.02873   0.54095  -1.02873   0.00000  -1.52652   0.00000  -1.52652
  1.25313   0.67671  -0.99481   0.67671  -0.99481   0.00000  -1.52652   0.00000  -1.52652
  1.30326   0.67594  -0.96093   0.67594  -0.96093   0.00000  -1.52652   0.00000  -1.52652
  1.35338   0.44126  -0.93881   0.44126  -0.93881   0.00000  -1.52652   0.00000  -1.52652
  1.40351   0.60886  -0.90829   0.60886  -0.90829   0.00000  -1.52652   0.00000  -1.52652
  1.45363   0.79706  -0.86834   0.79706  -0.86834   0.00000  -1.52652   0.00000  -1.52652
  1.50376   1.04951  -0.81573   1.04951  -0.81573   0.00000  -1.52652   0.00000  -1.52652
  1.55388   0.59562  -0.78588   0.59562  -0.78588   0.00000  -1.52652   0.00000  -1.52652
  1.60401   0.49346  -0.76114   0.49346  -0.76114   0.00000  -1.52652   0.00000  -1.52652
  1.65414   0.60376  -0.73088   0.60376  -0.73088   0.00000  -1.52652   0.00000  -1.52652
  1.70426   0.71063  -0.69526   0.71063  -0.69526   0.00000  -1.52652   0.00000  -1.52652
  1.75439   0.42186  -0.67411   0.42186  -0.67411   0.00000  -1.52652   0.00000  -1.52652
  1.80451   0.33190  -0.65747   0.33190  -0.65747   0.00000  -1.52652   0.00000  -1.52652
  1.85464   0.38628  -0.63811   0.38628  -0.63811   0.00000  -1.52652   0.00000  -1.52652
  1.90476   0.65238  -0.60541   0.65238  -0.60541   0.00000  -1.52652   0.00000  -1.52652
  1.95489   0.49641  -0.58053   0.49641  -0.58053   0.00000  -1.52652   0.00000  -1.52652
  2.00501   0.24135  -0.56843   0.24135  -0.56843   0.00000  -1.52652   0.00000  -1.52652
  2.05514   0.06944  -0.56495   0.06944  -0.56495   0.00000  -1.52652   0.00000  -1.52652
  2.10526   0.05324  -0.56228   0.05324  -0.56228   0.00000  -1.52652   0.00000  -1.52652
  2.15539   0.02297  -0.56113   0.02297  -0.56113   0.00000  -1.52652   0.00000  -1.52652
  2.20551   0.00507  -0.56088   0.00507  -0.56088   0.00000  -1.52652   0.00000  -1.52652
  2.25564   0.00000  -0.56088   0.00000  -0.56088   0.00000  -1.52652   0.00000  -1.52652
  2.30576   0.00000  -0.56088   0.00000  -0.56088   0.00000  -1.52652   0.00000  -1.52652
  2.35589   0.00000  -0.56088   0.00000  -0.56088   0.00000  -1.52652   0.00000  -1.52652
  2.40602   0.00000  -0.56088   0.00000  -0.56088   0.00000  -1.52652   0.00000  -1.52652
  2.45614   0.00000  -0.56088   0.00000  -0.56088   0.00000  -1.52652   0.00000  -1.52652
  2.50627   0.00000  -0.56088   0.00000  -0.56088   0.00000  -1.52652   0.00000  -1.52652
  2.55639   0.00000  -0.56088   0.00000  -0.56088   0.00000  -1.52652   0.00000  -1.52652
  2.60652   0.00000  -0.56088   0.00000  -0.56088   0.31392  -1.51078   0.31392  -1.51078
  2.65664   0.00000  -0.56088   0.00000  -0.56088   0.37357  -1.49206   0.37357  -1.49206
  2.70677   0.00000  -0.56088   0.00000  -0.56088   0.25215  -1.47942   0.25215  -1.47942
  2.75689   0.00000  -0.56088   0.00000  -0.56088   0.27361  -1.46570   0.27361  -1.46570
  2.80702   0.00000  -0.56088   0.00000  -0.56088   0.53545  -1.43886   0.53545  -1.43886
  2.85714   0.00000  -0.56088   0.00000  -0.56088   0.34797  -1.42142   0.34797  -1.42142
  2.90727   0.00000  -0.56088   0.00000  -0.56088   0.44555  -1.39909   0.44555  -1.39909
  2.95739   0.00000  -0.56088   0.00000  -0.56088   0.58157  -1.36994   0.58157  -1.36994
  3.00752   0.00000  -0.56088   0.00000  -0.56088   0.91101  -1.32427   0.91101  -1.32427
  3.05764   0.00000  -0.56088   0.00000  -0.56088   0.44701  -1.30187   0.44701  -1.30187
  3.10777   0.00000  -0.56088   0.00000  -0.56088   0.35765  -1.28394   0.35765  -1.28394
  3.15789   0.00000  -0.56088   0.00000  -0.56088   0.37329  -1.26523   0.37329  -1.26523
  3.20802   0.00000  -0.56088   0.00000  -0.56088   0.21959  -1.25422   0.21959  -1.25422
  3.25815   0.00000  -0.56088   0.00000  -0.56088   0.32626  -1.23787   0.32626  -1.23787
  3.30827   0.00000  -0.56088   0.00000  -0.56088   0.45249  -1.21518   0.45249  -1.21518
  3.35840   0.00000  -0.56088   0.00000  -0.56088   0.32628  -1.19883   0.32628  -1.19883
  3.40852   0.00000  -0.56088   0.00000  -0.56088   0.25631  -1.18598   0.25631  -1.18598
  3.45865   0.00000  -0.56088   0.00000  -0.56088   0.12239  -1.17985   0.12239  -1.17985
  3.50877   0.00000  -0.56088   0.00000  -0.56088   0.18643  -1.17050   0.18643  -1.17050
  3.55890   0.00000  -0.56088   0.00000  -0.56088   0.30603  -1.15516   0.30603  -1.15516
  3.60902   0.00000  -0.56088   0.00000  -0.56088   0.87529  -1.11129   0.87529  -1.11129
  3.65915   0.00000  -0.56088   0.00000  -0.56088   0.77334  -1.07252   0.77334  -1.07252
  3.70927   0.00000  -0.56088   0.00000  -0.56088   0.91030  -1.02690   0.91030  -1.02690
  3.75940   0.00000  -0.56088   0.00000  -0.56088   1.15192  -0.96916   1.15192  -0.96916
  3.80952   0.00000  -0.56088   0.00000  -0.56088   1.01907  -0.91807   1.01907  -0.91807
  3.85965   0.00000  -0.56088   0.00000  -0.56088   1.14125  -0.86087   1.14125  -0.86087
  3.90977   0.00000  -0.56088   0.00000  -0.56088   0.92774  -0.81437   0.92774  -0.81437
  3.95990   0.00000  -0.56088   0.00000  -0.56088   0.99677  -0.76440   0.99677  -0.76440
  4.01003   0.00000  -0.56088   0.00000  -0.56088   1.12967  -0.70778   1.12967  -0.70778
  4.06015   0.00000  -0.56088   0.00000  -0.56088   1.09626  -0.65283   1.09626  -0.65283
  4.11028   0.00000  -0.56088   0.00000  -0.56088   0.86954  -0.60924   0.86954  -0.60924
  4.16040   0.00000  -0.56088   0.00000  -0.56088   0.46685  -0.58584   0.46685  -0.58584
  4.21053   0.00000  -0.56088   0.00000  -0.56088   0.22955  -0.57433   0.22955  -0.57433
  4.26065   0.00000  -0.56088   0.00000  -0.56088   0.16778  -0.56592   0.16778  -0.56592
  4.31078   0.00000  -0.56088   0.00000  -0.56088   0.10745  -0.56054   0.10745  -0.56054
  4.36090   0.00000  -0.56088   0.00000  -0.56088   0.10309  -0.55537   0.10309  -0.55537
  4.41103   0.00000  -0.56088   0.00000  -0.56088   0.09070  -0.55082   0.09070  -0.55082
  4.46115   0.00000  -0.56088   0.00000  -0.56088   0.04388  -0.54862   0.04388  -0.54862
  4.51128   0.00000  -0.56088   0.00000  -0.56088   0.00000  -0.54862   0.00000  -0.54862
  4.56140   0.00000  -0.56088   0.00000  -0.56088   0.00000  -0.54862   0.00000  -0.54862
  4.61153   0.00000  -0.56088   0.00000  -0.56088   0.00000  -0.54862   0.00000  -0.54862
  4.66165   0.00000  -0.56088   0.00000  -0.56088   0.00000  -0.54862   0.00000  -0.54862
  4.71178   0.00000  -0.56088   0.00000  -0.56088   0.00000  -0.54862   0.00000  -0.54862
  4.76190   0.00000  -0.56088   0.00000  -0.56088   0.00000  -0.54862   0.00000  -0.54862
  4.81203   0.00000  -0.56088   0.00000  -0.56088   0.00000  -0.54862   0.00000  -0.54862
  4.86216   0.00000  -0.56088   0.00000  -0.56088   0.00000  -0.54862   0.00000  -0.54862
  4.91228   0.00000  -0.56088   0.00000  -0.56088   0.00000  -0.54862   0.00000  -0.54862
  4.96241   0.00000  -0.56088   0.00000  -0.56088   0.00000  -0.54862   0.00000  -0.54862
  5.01253   0.00000  -0.56088   0.00000  -0.56088   0.00000  -0.54862   0.00000  -0.54862
  5.06266   0.00000  -0.56088   0.00000  -0.56088   0.00000  -0.54862   0.00000  -0.54862
  5.11278   0.00000  -0.56088   0.00000  -0.56088   0.00000  -0.54862   0.00000  -0.54862
  5.16291   0.00000  -0.56088   0.00000  -0.56088   0.00000  -0.54862   0.00000  -0.54862
  5.21303   0.00000  -0.56088   0.00000  -0.56088   0.00000  -0.54862   0.00000  -0.54862
  5.26316   0.00000  -0.56088   0.00000  -0.56088   0.00000  -0.54862   0.00000  -0.54862
  5.31328   0.00000  -0.56088   0.00000  -0.56088   0.00000  -0.54862   0.00000  -0.54862
  5.36341   0.00000  -0.56088   0.00000  -0.56088   0.00000  -0.54862   0.00000  -0.54862
  5.41353   0.00000  -0.56088   0.00000  -0.56088   0.00000  -0.54862   0.00000  -0.54862
  5.46366   0.00000  -0.56088   0.00000  -0.56088   0.00000  -0.54862   0.00000  -0.54862
  5.51378   0.00000  -0.56088   0.00000  -0.56088   0.00000  -0.54862   0.00000  -0.54862
  5.56391   0.00000  -0.56088   0.00000  -0.56088   0.00000  -0.54862   0.00000  -0.54862
  5.61404   0.00000  -0.56088   0.00000  -0.56088   0.00000  -0.54862   0.00000  -0.54862
  5.66416   0.00000  -0.56088   0.00000  -0.56088   0.00000  -0.54862   0.00000  -0.54862
  5.71429   0.00000  -0.56088   0.00000  -0.56088   0.00000  -0.54862   0.00000  -0.54862
  5.76441   0.00000  -0.56088   0.00000  -0.56088   0.00000  -0.54862   0.00000  -0.54862
  5.81454   0.00000  -0.56088   0.00000  -0.56088   0.00000  -0.54862   0.00000  -0.54862
  5.86466   0.00000  -0.56088   0.00000  -0.56088   0.00000  -0.54862   0.00000  -0.54862
  5.91479   0.00000  -0.56088   0.00000  -0.56088   0.00000  -0.54862   0.00000  -0.54862
  5.96491   0.00044  -0.56085   0.00044  -0.56085   0.00000  -0.54862   0.00000  -0.54862
  6.01504   0.00598  -0.56055   0.00598  -0.56055   0.00000  -0.54862   0.00000  -0.54862
  6.06516   0.01684  -0.55971   0.01684  -0.55971   0.00000  -0.54862   0.00000  -0.54862
  6.11529   0.02898  -0.55826   0.02898  -0.55826   0.00000  -0.54862   0.00000  -0.54862
  6.16541   0.03318  -0.55659   0.03318  -0.55659   0.00000  -0.54862   0.00000  -0.54862
  6.21554   0.03271  -0.55495   0.03271  -0.55495   0.00095  -0.54858   0.00095  -0.54858
  6.26566   0.03335  -0.55328   0.03335  -0.55328   0.00825  -0.54816   0.00825  -0.54816
  6.31579   0.03639  -0.55146   0.03639  -0.55146   0.01984  -0.54717   0.01984  -0.54717
  6.36591   0.04181  -0.54936   0.04181  -0.54936   0.03095  -0.54562   0.03095  -0.54562
  6.41604   0.05003  -0.54686   0.05003  -0.54686   0.03230  -0.54400   0.03230  -0.54400
  6.46617   0.05431  -0.54413   0.05431  -0.54413   0.03189  -0.54240   0.03189  -0.54240
  6.51629   0.04546  -0.54186   0.04546  -0.54186   0.03352  -0.54072   0.03352  -0.54072
  6.56642   0.03904  -0.53990   0.03904  -0.53990   0.03724  -0.53885   0.03724  -0.53885
  6.61654   0.03881  -0.53795   0.03881  -0.53795   0.04424  -0.53663   0.04424  -0.53663
  6.66667   0.03929  -0.53598   0.03929  -0.53598   0.05295  -0.53398   0.05295  -0.53398
  6.71679   0.04068  -0.53394   0.04068  -0.53394   0.04776  -0.53159   0.04776  -0.53159
  6.76692   0.04548  -0.53166   0.04548  -0.53166   0.03918  -0.52962   0.03918  -0.52962
  6.81704   0.06267  -0.52852   0.06267  -0.52852   0.03720  -0.52776   0.03720  -0.52776
  6.86717   0.07217  -0.52491   0.07217  -0.52491   0.03751  -0.52588   0.03751  -0.52588
  6.91729   0.06837  -0.52148   0.06837  -0.52148   0.03877  -0.52393   0.03877  -0.52393
  6.96742   0.07314  -0.51781   0.07314  -0.51781   0.04187  -0.52184   0.04187  -0.52184
  7.01754   0.06966  -0.51432   0.06966  -0.51432   0.05665  -0.51900   0.05665  -0.51900
  7.06767   0.06416  -0.51110   0.06416  -0.51110   0.07000  -0.51549   0.07000  -0.51549
  7.11779   0.05535  -0.50833   0.05535  -0.50833   0.06786  -0.51209   0.06786  -0.51209
  7.16792   0.05225  -0.50571   0.05225  -0.50571   0.05944  -0.50911   0.05944  -0.50911
  7.21805   0.05164  -0.50312   0.05164  -0.50312   0.06189  -0.50600   0.06189  -0.50600
  7.26817   0.04813  -0.50071   0.04813  -0.50071   0.07112  -0.50244   0.07112  -0.50244
  7.31830   0.04031  -0.49869   0.04031  -0.49869   0.06855  -0.49900   0.06855  -0.49900
  7.36842   0.03343  -0.49701   0.03343  -0.49701   0.06100  -0.49594   0.06100  -0.49594
  7.41855   0.03585  -0.49522   0.03585  -0.49522   0.05607  -0.49313   0.05607  -0.49313
  7.46867   0.03164  -0.49363   0.03164  -0.49363   0.05196  -0.49053   0.05196  -0.49053
  7.51880   0.02985  -0.49213   0.02985  -0.49213   0.04882  -0.48808   0.04882  -0.48808
  7.56892   0.04431  -0.48991   0.04431  -0.48991   0.03931  -0.48611   0.03931  -0.48611
  7.61905   0.05704  -0.48705   0.05704  -0.48705   0.03533  -0.48434   0.03533  -0.48434
  7.66917   0.03564  -0.48527   0.03564  -0.48527   0.03364  -0.48266   0.03364  -0.48266
  7.71930   0.02195  -0.48417   0.02195  -0.48417   0.03237  -0.48103   0.03237  -0.48103
  7.76942   0.02670  -0.48283   0.02670  -0.48283   0.03393  -0.47933   0.03393  -0.47933
  7.81955   0.03882  -0.48088   0.03882  -0.48088   0.05150  -0.47675   0.05150  -0.47675
  7.86967   0.04917  -0.47842   0.04917  -0.47842   0.06101  -0.47369   0.06101  -0.47369
  7.91980   0.06190  -0.47532   0.06190  -0.47532   0.03011  -0.47218   0.03011  -0.47218
  7.96992   0.07006  -0.47180   0.07006  -0.47180   0.03015  -0.47067   0.03015  -0.47067
  8.02005   0.07676  -0.46796   0.07676  -0.46796   0.04478  -0.46843   0.04478  -0.46843
  8.07018   0.08280  -0.46381   0.08280  -0.46381   0.05622  -0.46561   0.05622  -0.46561
  8.12030   0.08642  -0.45947   0.08642  -0.45947   0.06007  -0.46260   0.06007  -0.46260
  8.17043   0.08773  -0.45508   0.08773  -0.45508   0.07259  -0.45896   0.07259  -0.45896
  8.22055   0.07925  -0.45110   0.07925  -0.45110   0.08031  -0.45493   0.08031  -0.45493
  8.27068   0.09318  -0.44643   0.09318  -0.44643   0.08781  -0.45053   0.08781  -0.45053
  8.32080   0.11063  -0.44089   0.11063  -0.44089   0.09093  -0.44597   0.09093  -0.44597
  8.37093   0.11783  -0.43498   0.11783  -0.43498   0.08027  -0.44195   0.08027  -0.44195
  8.42105   0.10762  -0.42959   0.10762  -0.42959   0.08925  -0.43748   0.08925  -0.43748
  8.47118   0.12847  -0.42315   0.12847  -0.42315   0.10499  -0.43221   0.10499  -0.43221
  8.52130   0.13933  -0.41616   0.13933  -0.41616   0.10741  -0.42683   0.10741  -0.42683
  8.57143   0.12410  -0.40994   0.12410  -0.40994   0.09087  -0.42228   0.09087  -0.42228
  8.62155   0.15553  -0.40215   0.15553  -0.40215   0.11583  -0.41647   0.11583  -0.41647
  8.67168   0.18808  -0.39272   0.18808  -0.39272   0.12198  -0.41036   0.12198  -0.41036
  8.72180   0.18336  -0.38353   0.18336  -0.38353   0.13239  -0.40372   0.13239  -0.40372
  8.77193   0.20011  -0.37350   0.20011  -0.37350   0.12972  -0.39722   0.12972  -0.39722
  8.82206   0.23290  -0.36182   0.23290  -0.36182   0.18424  -0.38798   0.18424  -0.38798
  8.87218   0.20388  -0.35160   0.20388  -0.35160   0.17206  -0.37936   0.17206  -0.37936
  8.92231   0.19213  -0.34197   0.19213  -0.34197   0.18715  -0.36998   0.18715  -0.36998
  8.97243   0.14154  -0.33488   0.14154  -0.33488   0.19471  -0.36022   0.19471  -0.36022
  9.02256   0.13480  -0.32812   0.13480  -0.32812   0.18048  -0.35117   0.18048  -0.35117
  9.07268   0.12501  -0.32186   0.12501  -0.32186   0.21853  -0.34022   0.21853  -0.34022
  9.12281   0.16120  -0.31378   0.16120  -0.31378   0.15906  -0.33224   0.15906  -0.33224
  9.17293   0.11739  -0.30789   0.11739  -0.30789   0.13884  -0.32528   0.13884  -0.32528
  9.22306   0.12628  -0.30156   0.12628  -0.30156   0.13796  -0.31837   0.13796  -0.31837
  9.27318   0.12344  -0.29537   0.12344  -0.29537   0.14982  -0.31086   0.14982  -0.31086
  9.32331   0.09779  -0.29047   0.09779  -0.29047   0.10275  -0.30571   0.10275  -0.30571
  9.37343   0.09141  -0.28589   0.09141  -0.28589   0.11447  -0.29997   0.11447  -0.29997
  9.42356   0.06230  -0.28277   0.06230  -0.28277   0.13678  -0.29312   0.13678  -0.29312
  9.47368   0.06803  -0.27936   0.06803  -0.27936   0.10401  -0.28790   0.10401  -0.28790
  9.52381   0.07115  -0.27579   0.07115  -0.27579   0.09911  -0.28293   0.09911  -0.28293
  9.57393   0.09671  -0.27094   0.09671  -0.27094   0.07276  -0.27929   0.07276  -0.27929
  9.62406   0.15495  -0.26318   0.15495  -0.26318   0.07360  -0.27560   0.07360  -0.27560
  9.67419   0.09731  -0.25830   0.09731  -0.25830   0.06701  -0.27224   0.06701  -0.27224
  9.72431   0.09118  -0.25373   0.09118  -0.25373   0.09811  -0.26732   0.09811  -0.26732
  9.77444   0.10304  -0.24856   0.10304  -0.24856   0.13901  -0.26035   0.13901  -0.26035
  9.82456   0.09450  -0.24383   0.09450  -0.24383   0.08966  -0.25586   0.08966  -0.25586
  9.87469   0.09172  -0.23923   0.09172  -0.23923   0.08530  -0.25158   0.08530  -0.25158
  9.92481   0.13528  -0.23245   0.13528  -0.23245   0.10160  -0.24649   0.10160  -0.24649
  9.97494   0.14198  -0.22533   0.14198  -0.22533   0.09578  -0.24169   0.09578  -0.24169
 10.02506   0.13059  -0.21879   0.13059  -0.21879   0.09432  -0.23696   0.09432  -0.23696