ESCALE ; pCOHP file generated by LOBSTER. Energy is shifted such that the Fermi level lies at 0 eV.
         2          2        401  -5.82964e+00   1.42205e+01   4.19543e+00 
Average
No.1:Mn38->O112(1.9163084855476216)
-10.02506   0.00000  -0.73861   0.00000  -0.73861   0.00000  -0.73185   0.00000  -0.73185
 -9.97494   0.00000  -0.73861   0.00000  -0.73861   0.00000  -0.73185   0.00000  -0.73185
 -9.92481   0.00000  -0.73861   0.00000  -0.73861   0.00000  -0.73185   0.00000  -0.73185
 -9.87469   0.00000  -0.73861   0.00000  -0.73861   0.00000  -0.73185   0.00000  -0.73185
 -9.82456   0.00000  -0.73861   0.00000  -0.73861   0.00000  -0.73185   0.00000  -0.73185
 -9.77444   0.00000  -0.73861   0.00000  -0.73861   0.00000  -0.73185   0.00000  -0.73185
 -9.72431   0.00000  -0.73861   0.00000  -0.73861   0.00000  -0.73185   0.00000  -0.73185
 -9.67419   0.00000  -0.73861   0.00000  -0.73861   0.00000  -0.73185   0.00000  -0.73185
 -9.62406   0.00000  -0.73861   0.00000  -0.73861   0.00000  -0.73185   0.00000  -0.73185
 -9.57393   0.00000  -0.73861   0.00000  -0.73861   0.00000  -0.73185   0.00000  -0.73185
 -9.52381   0.00000  -0.73861   0.00000  -0.73861   0.00000  -0.73185   0.00000  -0.73185
 -9.47368   0.00000  -0.73861   0.00000  -0.73861   0.00000  -0.73185   0.00000  -0.73185
 -9.42356   0.00000  -0.73861   0.00000  -0.73861   0.00000  -0.73185   0.00000  -0.73185
 -9.37343   0.00000  -0.73861   0.00000  -0.73861   0.00000  -0.73185   0.00000  -0.73185
 -9.32331   0.00000  -0.73861   0.00000  -0.73861   0.00000  -0.73185   0.00000  -0.73185
 -9.27318   0.00000  -0.73861   0.00000  -0.73861   0.00000  -0.73185   0.00000  -0.73185
 -9.22306   0.00000  -0.73861   0.00000  -0.73861   0.00000  -0.73185   0.00000  -0.73185
 -9.17293   0.00000  -0.73861   0.00000  -0.73861   0.00000  -0.73185   0.00000  -0.73185
 -9.12281   0.00000  -0.73861   0.00000  -0.73861   0.00000  -0.73185   0.00000  -0.73185
 -9.07268   0.00000  -0.73861   0.00000  -0.73861   0.00000  -0.73185   0.00000  -0.73185
 -9.02256   0.00000  -0.73861   0.00000  -0.73861   0.00000  -0.73185   0.00000  -0.73185
 -8.97243   0.00000  -0.73861   0.00000  -0.73861   0.00000  -0.73185   0.00000  -0.73185
 -8.92231   0.00000  -0.73861   0.00000  -0.73861   0.00000  -0.73185   0.00000  -0.73185
 -8.87218   0.00000  -0.73861   0.00000  -0.73861   0.00000  -0.73185   0.00000  -0.73185
 -8.82206   0.00000  -0.73861   0.00000  -0.73861   0.00000  -0.73185   0.00000  -0.73185
 -8.77193   0.00000  -0.73861   0.00000  -0.73861   0.00000  -0.73185   0.00000  -0.73185
 -8.72180   0.00000  -0.73861   0.00000  -0.73861   0.00000  -0.73185   0.00000  -0.73185
 -8.67168   0.00000  -0.73861   0.00000  -0.73861   0.00000  -0.73185   0.00000  -0.73185
 -8.62155   0.00000  -0.73861   0.00000  -0.73861   0.00000  -0.73185   0.00000  -0.73185
 -8.57143   0.00000  -0.73861   0.00000  -0.73861   0.00000  -0.73185   0.00000  -0.73185
 -8.52130   0.00000  -0.73861   0.00000  -0.73861   0.00000  -0.73185   0.00000  -0.73185
 -8.47118   0.00000  -0.73861   0.00000  -0.73861   0.00000  -0.73185   0.00000  -0.73185
 -8.42105   0.00000  -0.73861   0.00000  -0.73861   0.00000  -0.73185   0.00000  -0.73185
 -8.37093   0.00000  -0.73861   0.00000  -0.73861   0.00000  -0.73185   0.00000  -0.73185
 -8.32080   0.00000  -0.73861   0.00000  -0.73861   0.00000  -0.73185   0.00000  -0.73185
 -8.27068   0.00000  -0.73861   0.00000  -0.73861   0.00000  -0.73185   0.00000  -0.73185
 -8.22055   0.00000  -0.73861   0.00000  -0.73861   0.00000  -0.73185   0.00000  -0.73185
 -8.17043   0.00000  -0.73861   0.00000  -0.73861   0.00000  -0.73185   0.00000  -0.73185
 -8.12030   0.00000  -0.73861   0.00000  -0.73861   0.00000  -0.73185   0.00000  -0.73185
 -8.07018   0.00000  -0.73861   0.00000  -0.73861   0.00000  -0.73185   0.00000  -0.73185
 -8.02005   0.00000  -0.73861   0.00000  -0.73861   0.00000  -0.73185   0.00000  -0.73185
 -7.96992   0.00000  -0.73861   0.00000  -0.73861   0.00000  -0.73185   0.00000  -0.73185
 -7.91980   0.00000  -0.73861   0.00000  -0.73861   0.00000  -0.73185   0.00000  -0.73185
 -7.86967   0.00000  -0.73861   0.00000  -0.73861   0.00000  -0.73185   0.00000  -0.73185
 -7.81955   0.00000  -0.73861   0.00000  -0.73861   0.00000  -0.73185   0.00000  -0.73185
 -7.76942   0.00000  -0.73861   0.00000  -0.73861   0.00000  -0.73185   0.00000  -0.73185
 -7.71930   0.00000  -0.73861   0.00000  -0.73861   0.00000  -0.73185   0.00000  -0.73185
 -7.66917   0.00000  -0.73861   0.00000  -0.73861   0.00000  -0.73185   0.00000  -0.73185
 -7.61905   0.00000  -0.73861   0.00000  -0.73861   0.00000  -0.73185   0.00000  -0.73185
 -7.56892   0.00000  -0.73861   0.00000  -0.73861   0.00000  -0.73185   0.00000  -0.73185
 -7.51880   0.00000  -0.73861   0.00000  -0.73861   0.00000  -0.73185   0.00000  -0.73185
 -7.46867   0.00000  -0.73861   0.00000  -0.73861   0.00000  -0.73185   0.00000  -0.73185
 -7.41855   0.00000  -0.73861   0.00000  -0.73861   0.00000  -0.73185   0.00000  -0.73185
 -7.36842   0.00000  -0.73861   0.00000  -0.73861   0.00000  -0.73185   0.00000  -0.73185
 -7.31830   0.00000  -0.73861   0.00000  -0.73861   0.00000  -0.73185   0.00000  -0.73185
 -7.26817   0.00000  -0.73861   0.00000  -0.73861   0.00000  -0.73185   0.00000  -0.73185
 -7.21805   0.00000  -0.73861   0.00000  -0.73861   0.00000  -0.73185   0.00000  -0.73185
 -7.16792   0.00000  -0.73861   0.00000  -0.73861   0.00000  -0.73185   0.00000  -0.73185
 -7.11779   0.00000  -0.73861   0.00000  -0.73861   0.00000  -0.73185   0.00000  -0.73185
 -7.06767  -0.05127  -0.74118  -0.05127  -0.74118   0.00000  -0.73185   0.00000  -0.73185
 -7.01754  -0.49364  -0.76592  -0.49364  -0.76592   0.00000  -0.73185   0.00000  -0.73185
 -6.96742  -0.17124  -0.77450  -0.17124  -0.77450   0.00000  -0.73185   0.00000  -0.73185
 -6.91729  -0.16257  -0.78265  -0.16257  -0.78265   0.00000  -0.73185   0.00000  -0.73185
 -6.86717  -0.27161  -0.79627  -0.27161  -0.79627   0.00000  -0.73185   0.00000  -0.73185
 -6.81704  -0.24400  -0.80850  -0.24400  -0.80850   0.00000  -0.73185   0.00000  -0.73185
 -6.76692  -0.27758  -0.82241  -0.27758  -0.82241   0.00000  -0.73185   0.00000  -0.73185
 -6.71679  -0.32662  -0.83878  -0.32662  -0.83878   0.00000  -0.73185   0.00000  -0.73185
 -6.66667  -0.44429  -0.86105  -0.44429  -0.86105   0.00000  -0.73185   0.00000  -0.73185
 -6.61654  -0.39130  -0.88067  -0.39130  -0.88067   0.00000  -0.73185   0.00000  -0.73185
 -6.56642  -0.24755  -0.89308  -0.24755  -0.89308   0.00000  -0.73185   0.00000  -0.73185
 -6.51629  -0.25196  -0.90571  -0.25196  -0.90571   0.00000  -0.73185   0.00000  -0.73185
 -6.46617  -0.25095  -0.91829  -0.25095  -0.91829   0.00000  -0.73185   0.00000  -0.73185
 -6.41604  -0.24157  -0.93039  -0.24157  -0.93039   0.00000  -0.73185   0.00000  -0.73185
 -6.36591  -0.27668  -0.94426  -0.27668  -0.94426   0.00000  -0.73185   0.00000  -0.73185
 -6.31579  -0.30823  -0.95971  -0.30823  -0.95971   0.00000  -0.73185   0.00000  -0.73185
 -6.26566  -0.21542  -0.97051  -0.21542  -0.97051   0.00000  -0.73185   0.00000  -0.73185
 -6.21554  -0.23869  -0.98248  -0.23869  -0.98248   0.00000  -0.73185   0.00000  -0.73185
 -6.16541  -0.27169  -0.99609  -0.27169  -0.99609   0.00000  -0.73185   0.00000  -0.73185
 -6.11529  -0.13468  -1.00285  -0.13468  -1.00285   0.00000  -0.73185   0.00000  -0.73185
 -6.06516  -0.14937  -1.01033  -0.14937  -1.01033   0.00000  -0.73185   0.00000  -0.73185
 -6.01504  -0.24755  -1.02274  -0.24755  -1.02274   0.00000  -0.73185   0.00000  -0.73185
 -5.96491  -0.25731  -1.03564  -0.25731  -1.03564   0.00000  -0.73185   0.00000  -0.73185
 -5.91479  -0.27897  -1.04962  -0.27897  -1.04962   0.00000  -0.73185   0.00000  -0.73185
 -5.86466  -0.22118  -1.06071  -0.22118  -1.06071   0.00000  -0.73185   0.00000  -0.73185
 -5.81454  -0.22511  -1.07199  -0.22511  -1.07199   0.00000  -0.73185   0.00000  -0.73185
 -5.76441  -0.30892  -1.08748  -0.30892  -1.08748   0.00000  -0.73185   0.00000  -0.73185
 -5.71429  -0.42503  -1.10878  -0.42503  -1.10878  -0.01245  -0.73247  -0.01245  -0.73247
 -5.66416  -0.33176  -1.12541  -0.33176  -1.12541  -0.24209  -0.74461  -0.24209  -0.74461
 -5.61404  -0.42056  -1.14649  -0.42056  -1.14649  -0.20672  -0.75497  -0.20672  -0.75497
 -5.56391  -0.48034  -1.17057  -0.48034  -1.17057  -0.21196  -0.76560  -0.21196  -0.76560
 -5.51378  -0.65031  -1.20317  -0.65031  -1.20317  -0.15734  -0.77348  -0.15734  -0.77348
 -5.46366  -0.53228  -1.22985  -0.53228  -1.22985  -0.09485  -0.77824  -0.09485  -0.77824
 -5.41353  -0.52279  -1.25605  -0.52279  -1.25605  -0.07677  -0.78209  -0.07677  -0.78209
 -5.36341  -0.32673  -1.27243  -0.32673  -1.27243  -0.09467  -0.78683  -0.09467  -0.78683
 -5.31328  -0.35879  -1.29041  -0.35879  -1.29041  -0.05932  -0.78980  -0.05932  -0.78980
 -5.26316  -0.44499  -1.31272  -0.44499  -1.31272  -0.08928  -0.79428  -0.08928  -0.79428
 -5.21303  -0.67986  -1.34680  -0.67986  -1.34680  -0.16111  -0.80235  -0.16111  -0.80235
 -5.16291  -0.56853  -1.37530  -0.56853  -1.37530  -0.29135  -0.81696  -0.29135  -0.81696
 -5.11278  -0.30666  -1.39067  -0.30666  -1.39067  -0.22311  -0.82814  -0.22311  -0.82814
 -5.06266  -0.36102  -1.40876  -0.36102  -1.40876  -0.16439  -0.83638  -0.16439  -0.83638
 -5.01253  -0.19563  -1.41857  -0.19563  -1.41857  -0.14657  -0.84373  -0.14657  -0.84373
 -4.96241  -0.19096  -1.42814  -0.19096  -1.42814  -0.17109  -0.85231  -0.17109  -0.85231
 -4.91228  -0.23185  -1.43976  -0.23185  -1.43976  -0.21081  -0.86287  -0.21081  -0.86287
 -4.86216  -0.20084  -1.44983  -0.20084  -1.44983  -0.38440  -0.88214  -0.38440  -0.88214
 -4.81203  -0.24066  -1.46189  -0.24066  -1.46189  -0.35825  -0.90010  -0.35825  -0.90010
 -4.76190  -0.18355  -1.47109  -0.18355  -1.47109  -0.37892  -0.91909  -0.37892  -0.91909
 -4.71178  -0.18712  -1.48047  -0.18712  -1.48047  -0.38181  -0.93823  -0.38181  -0.93823
 -4.66165  -0.15637  -1.48831  -0.15637  -1.48831  -0.33557  -0.95505  -0.33557  -0.95505
 -4.61153  -0.17081  -1.49687  -0.17081  -1.49687  -0.37950  -0.97407  -0.37950  -0.97407
 -4.56140  -0.15244  -1.50451  -0.15244  -1.50451  -0.38369  -0.99331  -0.38369  -0.99331
 -4.51128  -0.16711  -1.51289  -0.16711  -1.51289  -0.35412  -1.01106  -0.35412  -1.01106
 -4.46115  -0.16642  -1.52123  -0.16642  -1.52123  -0.28138  -1.02516  -0.28138  -1.02516
 -4.41103  -0.10734  -1.52661  -0.10734  -1.52661  -0.33316  -1.04186  -0.33316  -1.04186
 -4.36090  -0.14382  -1.53382  -0.14382  -1.53382  -0.33675  -1.05874  -0.33675  -1.05874
 -4.31078  -0.12241  -1.53996  -0.12241  -1.53996  -0.33113  -1.07534  -0.33113  -1.07534
 -4.26065  -0.12473  -1.54621  -0.12473  -1.54621  -0.30547  -1.09065  -0.30547  -1.09065
 -4.21053  -0.09876  -1.55116  -0.09876  -1.55116  -0.36815  -1.10910  -0.36815  -1.10910
 -4.16040  -0.08269  -1.55530  -0.08269  -1.55530  -0.31664  -1.12498  -0.31664  -1.12498
 -4.11028  -0.05358  -1.55799  -0.05358  -1.55799  -0.33191  -1.14161  -0.33191  -1.14161
 -4.06015  -0.05766  -1.56088  -0.05766  -1.56088  -0.39017  -1.16117  -0.39017  -1.16117
 -4.01003  -0.00141  -1.56095  -0.00141  -1.56095  -0.33931  -1.17818  -0.33931  -1.17818
 -3.95990  -0.03163  -1.56254  -0.03163  -1.56254  -0.48230  -1.20235  -0.48230  -1.20235
 -3.90977  -0.07215  -1.56615  -0.07215  -1.56615  -0.56428  -1.23064  -0.56428  -1.23064
 -3.85965  -0.03167  -1.56774  -0.03167  -1.56774  -0.55391  -1.25840  -0.55391  -1.25840
 -3.80952  -0.04494  -1.56999  -0.04494  -1.56999  -0.54703  -1.28582  -0.54703  -1.28582
 -3.75940  -0.08370  -1.57419  -0.08370  -1.57419  -0.32332  -1.30203  -0.32332  -1.30203
 -3.70927  -0.11848  -1.58013  -0.11848  -1.58013  -0.24188  -1.31415  -0.24188  -1.31415
 -3.65915  -0.11937  -1.58611  -0.11937  -1.58611  -0.24134  -1.32625  -0.24134  -1.32625
 -3.60902  -0.06225  -1.58923  -0.06225  -1.58923  -0.16577  -1.33456  -0.16577  -1.33456
 -3.55890  -0.02171  -1.59032  -0.02171  -1.59032  -0.18694  -1.34393  -0.18694  -1.34393
 -3.50877   0.01948  -1.58934   0.01948  -1.58934  -0.16902  -1.35240  -0.16902  -1.35240
 -3.45865  -0.00523  -1.58961  -0.00523  -1.58961  -0.11958  -1.35840  -0.11958  -1.35840
 -3.40852   0.03632  -1.58779   0.03632  -1.58779  -0.06488  -1.36165  -0.06488  -1.36165
 -3.35840  -0.02925  -1.58925  -0.02925  -1.58925  -0.14090  -1.36871  -0.14090  -1.36871
 -3.30827  -0.03309  -1.59091  -0.03309  -1.59091  -0.10138  -1.37379  -0.10138  -1.37379
 -3.25815  -0.00985  -1.59140  -0.00985  -1.59140  -0.10596  -1.37910  -0.10596  -1.37910
 -3.20802   0.00922  -1.59094   0.00922  -1.59094  -0.10279  -1.38426  -0.10279  -1.38426
 -3.15789  -0.00157  -1.59102  -0.00157  -1.59102  -0.12503  -1.39052  -0.12503  -1.39052
 -3.10777   0.06391  -1.58782   0.06391  -1.58782  -0.11896  -1.39649  -0.11896  -1.39649
 -3.05764   0.14257  -1.58067   0.14257  -1.58067  -0.10722  -1.40186  -0.10722  -1.40186
 -3.00752   0.16958  -1.57217   0.16958  -1.57217  -0.08275  -1.40601  -0.08275  -1.40601
 -2.95739   0.17291  -1.56350   0.17291  -1.56350  -0.08862  -1.41045  -0.08862  -1.41045
 -2.90727   0.16771  -1.55510   0.16771  -1.55510  -0.12038  -1.41649  -0.12038  -1.41649
 -2.85714   0.15898  -1.54713   0.15898  -1.54713  -0.12277  -1.42264  -0.12277  -1.42264
 -2.80702   0.14602  -1.53981   0.14602  -1.53981  -0.14521  -1.42992  -0.14521  -1.42992
 -2.75689   0.13543  -1.53302   0.13543  -1.53302  -0.14025  -1.43695  -0.14025  -1.43695
 -2.70677   0.11469  -1.52727   0.11469  -1.52727  -0.11395  -1.44266  -0.11395  -1.44266
 -2.65664   0.10786  -1.52186   0.10786  -1.52186  -0.08945  -1.44714  -0.08945  -1.44714
 -2.60652   0.09205  -1.51725   0.09205  -1.51725  -0.06664  -1.45048  -0.06664  -1.45048
 -2.55639   0.10312  -1.51208   0.10312  -1.51208  -0.08924  -1.45496  -0.08924  -1.45496
 -2.50627   0.09335  -1.50740   0.09335  -1.50740  -0.06449  -1.45819  -0.06449  -1.45819
 -2.45614   0.08581  -1.50310   0.08581  -1.50310  -0.06592  -1.46149  -0.06592  -1.46149
 -2.40602   0.12732  -1.49672   0.12732  -1.49672  -0.08254  -1.46563  -0.08254  -1.46563
 -2.35589   0.13730  -1.48984   0.13730  -1.48984  -0.09840  -1.47056  -0.09840  -1.47056
 -2.30576   0.13621  -1.48301   0.13621  -1.48301  -0.11978  -1.47657  -0.11978  -1.47657
 -2.25564   0.11259  -1.47737   0.11259  -1.47737  -0.09553  -1.48136  -0.09553  -1.48136
 -2.20551   0.16700  -1.46899   0.16700  -1.46899  -0.09242  -1.48599  -0.09242  -1.48599
 -2.15539   0.20398  -1.45877   0.20398  -1.45877  -0.07411  -1.48970  -0.07411  -1.48970
 -2.10526   0.18578  -1.44946   0.18578  -1.44946  -0.05478  -1.49245  -0.05478  -1.49245
 -2.05514   0.19801  -1.43953   0.19801  -1.43953  -0.05595  -1.49525  -0.05595  -1.49525
 -2.00501   0.13529  -1.43275   0.13529  -1.43275  -0.01279  -1.49589  -0.01279  -1.49589
 -1.95489   0.18087  -1.42368   0.18087  -1.42368  -0.03536  -1.49767  -0.03536  -1.49767
 -1.90476   0.16779  -1.41527   0.16779  -1.41527  -0.01357  -1.49835  -0.01357  -1.49835
 -1.85464   0.17540  -1.40648   0.17540  -1.40648  -0.05641  -1.50118  -0.05641  -1.50118
 -1.80451   0.21223  -1.39584   0.21223  -1.39584  -0.02996  -1.50268  -0.02996  -1.50268
 -1.75439   0.24580  -1.38352   0.24580  -1.38352  -0.01836  -1.50360  -0.01836  -1.50360
 -1.70426   0.31890  -1.36754   0.31890  -1.36754  -0.02722  -1.50496  -0.02722  -1.50496
 -1.65414   0.37229  -1.34888   0.37229  -1.34888  -0.03823  -1.50688  -0.03823  -1.50688
 -1.60401   0.34418  -1.33162   0.34418  -1.33162  -0.05689  -1.50973  -0.05689  -1.50973
 -1.55388   0.22919  -1.32014   0.22919  -1.32014  -0.05211  -1.51234  -0.05211  -1.51234
 -1.50376   0.18141  -1.31104   0.18141  -1.31104  -0.04665  -1.51468  -0.04665  -1.51468
 -1.45363   0.18633  -1.30170   0.18633  -1.30170  -0.06678  -1.51803  -0.06678  -1.51803
 -1.40351   0.11731  -1.29582   0.11731  -1.29582  -0.06640  -1.52136  -0.06640  -1.52136
 -1.35338   0.10188  -1.29072   0.10188  -1.29072  -0.05747  -1.52424  -0.05747  -1.52424
 -1.30326   0.09429  -1.28599   0.09429  -1.28599  -0.03334  -1.52591  -0.03334  -1.52591
 -1.25313   0.10707  -1.28062   0.10707  -1.28062  -0.03018  -1.52742  -0.03018  -1.52742
 -1.20301   0.14563  -1.27332   0.14563  -1.27332  -0.01430  -1.52814  -0.01430  -1.52814
 -1.15288   0.17536  -1.26453   0.17536  -1.26453  -0.00977  -1.52863  -0.00977  -1.52863
 -1.10276   0.15928  -1.25655   0.15928  -1.25655  -0.00849  -1.52905  -0.00849  -1.52905
 -1.05263   0.12336  -1.25037   0.12336  -1.25037   0.00271  -1.52892   0.00271  -1.52892
 -1.00251   0.04672  -1.24802   0.04672  -1.24802   0.01108  -1.52836   0.01108  -1.52836
 -0.95238   0.04271  -1.24588   0.04271  -1.24588   0.01146  -1.52779   0.01146  -1.52779
 -0.90226   0.04993  -1.24338   0.04993  -1.24338   0.00197  -1.52769   0.00197  -1.52769
 -0.85213   0.05455  -1.24065   0.05455  -1.24065   0.00873  -1.52725   0.00873  -1.52725
 -0.80201   0.05216  -1.23803   0.05216  -1.23803   0.01309  -1.52659   0.01309  -1.52659
 -0.75188   0.10270  -1.23288   0.10270  -1.23288   0.00299  -1.52644   0.00299  -1.52644
 -0.70175   0.07124  -1.22931   0.07124  -1.22931  -0.00160  -1.52652  -0.00160  -1.52652
 -0.65163   0.02650  -1.22799   0.02650  -1.22799   0.00435  -1.52631   0.00435  -1.52631
 -0.60150   0.02215  -1.22688   0.02215  -1.22688   0.00000  -1.52631   0.00000  -1.52631
 -0.55138   0.01660  -1.22604   0.01660  -1.22604   0.00000  -1.52631   0.00000  -1.52631
 -0.50125   0.01959  -1.22506   0.01959  -1.22506   0.00000  -1.52631   0.00000  -1.52631
 -0.45113   0.02536  -1.22379   0.02536  -1.22379   0.00000  -1.52631   0.00000  -1.52631
 -0.40100   0.01550  -1.22301   0.01550  -1.22301   0.00000  -1.52631   0.00000  -1.52631
 -0.35088   0.03009  -1.22151   0.03009  -1.22151   0.00000  -1.52631   0.00000  -1.52631
 -0.30075   0.01072  -1.22097   0.01072  -1.22097   0.00000  -1.52631   0.00000  -1.52631
 -0.25063   0.01417  -1.22026   0.01417  -1.22026   0.00000  -1.52631   0.00000  -1.52631
 -0.20050   0.02248  -1.21913   0.02248  -1.21913   0.00000  -1.52631   0.00000  -1.52631
 -0.15038   0.00049  -1.21911   0.00049  -1.21911   0.00000  -1.52631   0.00000  -1.52631
 -0.10025   0.01123  -1.21854   0.01123  -1.21854   0.00000  -1.52631   0.00000  -1.52631
 -0.05013   0.01125  -1.21798   0.01125  -1.21798   0.00000  -1.52631   0.00000  -1.52631
  0.00000   0.02061  -1.21695   0.02061  -1.21695   0.00000  -1.52631   0.00000  -1.52631
  0.05013   0.00000  -1.21695   0.00000  -1.21695   0.00000  -1.52631   0.00000  -1.52631
  0.10025   0.00000  -1.21695   0.00000  -1.21695   0.00000  -1.52631   0.00000  -1.52631
  0.15038   0.00000  -1.21695   0.00000  -1.21695   0.00000  -1.52631   0.00000  -1.52631
  0.20050   0.00000  -1.21695   0.00000  -1.21695   0.00000  -1.52631   0.00000  -1.52631
  0.25063   0.00000  -1.21695   0.00000  -1.21695   0.00000  -1.52631   0.00000  -1.52631
  0.30075   0.00000  -1.21695   0.00000  -1.21695   0.00000  -1.52631   0.00000  -1.52631
  0.35088   0.00000  -1.21695   0.00000  -1.21695   0.00000  -1.52631   0.00000  -1.52631
  0.40100   0.00000  -1.21695   0.00000  -1.21695   0.00000  -1.52631   0.00000  -1.52631
  0.45113   0.00000  -1.21695   0.00000  -1.21695   0.00000  -1.52631   0.00000  -1.52631
  0.50125   0.00000  -1.21695   0.00000  -1.21695   0.00000  -1.52631   0.00000  -1.52631
  0.55138   0.00000  -1.21695   0.00000  -1.21695   0.00000  -1.52631   0.00000  -1.52631
  0.60150   0.00000  -1.21695   0.00000  -1.21695   0.00000  -1.52631   0.00000  -1.52631
  0.65163   0.00000  -1.21695   0.00000  -1.21695   0.00000  -1.52631   0.00000  -1.52631
  0.70175   0.00000  -1.21695   0.00000  -1.21695   0.00000  -1.52631   0.00000  -1.52631
  0.75188   0.00000  -1.21695   0.00000  -1.21695   0.00000  -1.52631   0.00000  -1.52631
  0.80201   0.00000  -1.21695   0.00000  -1.21695   0.00000  -1.52631   0.00000  -1.52631
  0.85213   0.00000  -1.21695   0.00000  -1.21695   0.00000  -1.52631   0.00000  -1.52631
  0.90226   0.00000  -1.21695   0.00000  -1.21695   0.00000  -1.52631   0.00000  -1.52631
  0.95238   0.00000  -1.21695   0.00000  -1.21695   0.00000  -1.52631   0.00000  -1.52631
  1.00251   0.20914  -1.20646   0.20914  -1.20646   0.00000  -1.52631   0.00000  -1.52631
  1.05263   0.41703  -1.18556   0.41703  -1.18556   0.00000  -1.52631   0.00000  -1.52631
  1.10276   0.82881  -1.14402   0.82881  -1.14402   0.00000  -1.52631   0.00000  -1.52631
  1.15288   0.85599  -1.10111   0.85599  -1.10111   0.00000  -1.52631   0.00000  -1.52631
  1.20301   0.60198  -1.07093   0.60198  -1.07093   0.00000  -1.52631   0.00000  -1.52631
  1.25313   0.70299  -1.03570   0.70299  -1.03570   0.00000  -1.52631   0.00000  -1.52631
  1.30326   0.85631  -0.99277   0.85631  -0.99277   0.00000  -1.52631   0.00000  -1.52631
  1.35338   0.87278  -0.94903   0.87278  -0.94903   0.00000  -1.52631   0.00000  -1.52631
  1.40351   0.85235  -0.90630   0.85235  -0.90630   0.00000  -1.52631   0.00000  -1.52631
  1.45363   0.70225  -0.87110   0.70225  -0.87110   0.00000  -1.52631   0.00000  -1.52631
  1.50376   0.96064  -0.82295   0.96064  -0.82295   0.00000  -1.52631   0.00000  -1.52631
  1.55388   0.87157  -0.77926   0.87157  -0.77926   0.00000  -1.52631   0.00000  -1.52631
  1.60401   0.67812  -0.74527   0.67812  -0.74527   0.00000  -1.52631   0.00000  -1.52631
  1.65414   0.76704  -0.70682   0.76704  -0.70682   0.00000  -1.52631   0.00000  -1.52631
  1.70426   1.10760  -0.65130   1.10760  -0.65130   0.00000  -1.52631   0.00000  -1.52631
  1.75439   0.60774  -0.62084   0.60774  -0.62084   0.00000  -1.52631   0.00000  -1.52631
  1.80451   0.35188  -0.60320   0.35188  -0.60320   0.00000  -1.52631   0.00000  -1.52631
  1.85464   0.28870  -0.58873   0.28870  -0.58873   0.00000  -1.52631   0.00000  -1.52631
  1.90476   0.33292  -0.57204   0.33292  -0.57204   0.00000  -1.52631   0.00000  -1.52631
  1.95489   0.19035  -0.56250   0.19035  -0.56250   0.00000  -1.52631   0.00000  -1.52631
  2.00501   0.12673  -0.55615   0.12673  -0.55615   0.00000  -1.52631   0.00000  -1.52631
  2.05514   0.07711  -0.55228   0.07711  -0.55228   0.00000  -1.52631   0.00000  -1.52631
  2.10526   0.05624  -0.54947   0.05624  -0.54947   0.00000  -1.52631   0.00000  -1.52631
  2.15539   0.01877  -0.54852   0.01877  -0.54852   0.00000  -1.52631   0.00000  -1.52631
  2.20551   0.00162  -0.54844   0.00162  -0.54844   0.00000  -1.52631   0.00000  -1.52631
  2.25564   0.00000  -0.54844   0.00000  -0.54844   0.00000  -1.52631   0.00000  -1.52631
  2.30576   0.00000  -0.54844   0.00000  -0.54844   0.00000  -1.52631   0.00000  -1.52631
  2.35589   0.00000  -0.54844   0.00000  -0.54844   0.00000  -1.52631   0.00000  -1.52631
  2.40602   0.00000  -0.54844   0.00000  -0.54844   0.00000  -1.52631   0.00000  -1.52631
  2.45614   0.00000  -0.54844   0.00000  -0.54844   0.00000  -1.52631   0.00000  -1.52631
  2.50627   0.00000  -0.54844   0.00000  -0.54844   0.00000  -1.52631   0.00000  -1.52631
  2.55639   0.00000  -0.54844   0.00000  -0.54844   0.00000  -1.52631   0.00000  -1.52631
  2.60652   0.00000  -0.54844   0.00000  -0.54844   0.11014  -1.52079   0.11014  -1.52079
  2.65664   0.00000  -0.54844   0.00000  -0.54844   0.17869  -1.51183   0.17869  -1.51183
  2.70677   0.00000  -0.54844   0.00000  -0.54844   0.26933  -1.49833   0.26933  -1.49833
  2.75689   0.00000  -0.54844   0.00000  -0.54844   0.45157  -1.47569   0.45157  -1.47569
  2.80702   0.00000  -0.54844   0.00000  -0.54844   0.58359  -1.44644   0.58359  -1.44644
  2.85714   0.00000  -0.54844   0.00000  -0.54844   0.23591  -1.43462   0.23591  -1.43462
  2.90727   0.00000  -0.54844   0.00000  -0.54844   0.23410  -1.42288   0.23410  -1.42288
  2.95739   0.00000  -0.54844   0.00000  -0.54844   0.26538  -1.40958   0.26538  -1.40958
  3.00752   0.00000  -0.54844   0.00000  -0.54844   0.41557  -1.38875   0.41557  -1.38875
  3.05764   0.00000  -0.54844   0.00000  -0.54844   0.63041  -1.35715   0.63041  -1.35715
  3.10777   0.00000  -0.54844   0.00000  -0.54844   0.57920  -1.32812   0.57920  -1.32812
  3.15789   0.00000  -0.54844   0.00000  -0.54844   0.31324  -1.31242   0.31324  -1.31242
  3.20802   0.00000  -0.54844   0.00000  -0.54844   0.27834  -1.29846   0.27834  -1.29846
  3.25815   0.00000  -0.54844   0.00000  -0.54844   0.45699  -1.27556   0.45699  -1.27556
  3.30827   0.00000  -0.54844   0.00000  -0.54844   0.77151  -1.23689   0.77151  -1.23689
  3.35840   0.00000  -0.54844   0.00000  -0.54844   0.83181  -1.19519   0.83181  -1.19519
  3.40852   0.00000  -0.54844   0.00000  -0.54844   0.39942  -1.17517   0.39942  -1.17517
  3.45865   0.00000  -0.54844   0.00000  -0.54844   0.10456  -1.16993   0.10456  -1.16993
  3.50877   0.00000  -0.54844   0.00000  -0.54844   0.07271  -1.16628   0.07271  -1.16628
  3.55890   0.00000  -0.54844   0.00000  -0.54844   0.40122  -1.14617   0.40122  -1.14617
  3.60902   0.00000  -0.54844   0.00000  -0.54844   0.46332  -1.12295   0.46332  -1.12295
  3.65915   0.00000  -0.54844   0.00000  -0.54844   0.69487  -1.08812   0.69487  -1.08812
  3.70927   0.00000  -0.54844   0.00000  -0.54844   1.28451  -1.02373   1.28451  -1.02373
  3.75940   0.00000  -0.54844   0.00000  -0.54844   1.16106  -0.96553   1.16106  -0.96553
  3.80952   0.00000  -0.54844   0.00000  -0.54844   0.88876  -0.92098   0.88876  -0.92098
  3.85965   0.00000  -0.54844   0.00000  -0.54844   1.04397  -0.86865   1.04397  -0.86865
  3.90977   0.00000  -0.54844   0.00000  -0.54844   1.02901  -0.81707   1.02901  -0.81707
  3.95990   0.00000  -0.54844   0.00000  -0.54844   0.86143  -0.77389   0.86143  -0.77389
  4.01003   0.00000  -0.54844   0.00000  -0.54844   1.95695  -0.67580   1.95695  -0.67580
  4.06015   0.00000  -0.54844   0.00000  -0.54844   1.19691  -0.61581   1.19691  -0.61581
  4.11028   0.00000  -0.54844   0.00000  -0.54844   0.82958  -0.57422   0.82958  -0.57422
  4.16040   0.00000  -0.54844   0.00000  -0.54844   0.34861  -0.55675   0.34861  -0.55675
  4.21053   0.00000  -0.54844   0.00000  -0.54844   0.13695  -0.54988   0.13695  -0.54988
  4.26065   0.00000  -0.54844   0.00000  -0.54844   0.06751  -0.54650   0.06751  -0.54650
  4.31078   0.00000  -0.54844   0.00000  -0.54844   0.05898  -0.54354   0.05898  -0.54354
  4.36090   0.00000  -0.54844   0.00000  -0.54844   0.08658  -0.53920   0.08658  -0.53920
  4.41103   0.00000  -0.54844   0.00000  -0.54844   0.10652  -0.53387   0.10652  -0.53387
  4.46115   0.00000  -0.54844   0.00000  -0.54844   0.02691  -0.53252   0.02691  -0.53252
  4.51128   0.00000  -0.54844   0.00000  -0.54844   0.00000  -0.53252   0.00000  -0.53252
  4.56140   0.00000  -0.54844   0.00000  -0.54844   0.00000  -0.53252   0.00000  -0.53252
  4.61153   0.00000  -0.54844   0.00000  -0.54844   0.00000  -0.53252   0.00000  -0.53252
  4.66165   0.00000  -0.54844   0.00000  -0.54844   0.00000  -0.53252   0.00000  -0.53252
  4.71178   0.00000  -0.54844   0.00000  -0.54844   0.00000  -0.53252   0.00000  -0.53252
  4.76190   0.00000  -0.54844   0.00000  -0.54844   0.00000  -0.53252   0.00000  -0.53252
  4.81203   0.00000  -0.54844   0.00000  -0.54844   0.00000  -0.53252   0.00000  -0.53252
  4.86216   0.00000  -0.54844   0.00000  -0.54844   0.00000  -0.53252   0.00000  -0.53252
  4.91228   0.00000  -0.54844   0.00000  -0.54844   0.00000  -0.53252   0.00000  -0.53252
  4.96241   0.00000  -0.54844   0.00000  -0.54844   0.00000  -0.53252   0.00000  -0.53252
  5.01253   0.00000  -0.54844   0.00000  -0.54844   0.00000  -0.53252   0.00000  -0.53252
  5.06266   0.00000  -0.54844   0.00000  -0.54844   0.00000  -0.53252   0.00000  -0.53252
  5.11278   0.00000  -0.54844   0.00000  -0.54844   0.00000  -0.53252   0.00000  -0.53252
  5.16291   0.00000  -0.54844   0.00000  -0.54844   0.00000  -0.53252   0.00000  -0.53252
  5.21303   0.00000  -0.54844   0.00000  -0.54844   0.00000  -0.53252   0.00000  -0.53252
  5.26316   0.00000  -0.54844   0.00000  -0.54844   0.00000  -0.53252   0.00000  -0.53252
  5.31328   0.00000  -0.54844   0.00000  -0.54844   0.00000  -0.53252   0.00000  -0.53252
  5.36341   0.00000  -0.54844   0.00000  -0.54844   0.00000  -0.53252   0.00000  -0.53252
  5.41353   0.00000  -0.54844   0.00000  -0.54844   0.00000  -0.53252   0.00000  -0.53252
  5.46366   0.00000  -0.54844   0.00000  -0.54844   0.00000  -0.53252   0.00000  -0.53252
  5.51378   0.00000  -0.54844   0.00000  -0.54844   0.00000  -0.53252   0.00000  -0.53252
  5.56391   0.00000  -0.54844   0.00000  -0.54844   0.00000  -0.53252   0.00000  -0.53252
  5.61404   0.00000  -0.54844   0.00000  -0.54844   0.00000  -0.53252   0.00000  -0.53252
  5.66416   0.00000  -0.54844   0.00000  -0.54844   0.00000  -0.53252   0.00000  -0.53252
  5.71429   0.00000  -0.54844   0.00000  -0.54844   0.00000  -0.53252   0.00000  -0.53252
  5.76441   0.00000  -0.54844   0.00000  -0.54844   0.00000  -0.53252   0.00000  -0.53252
  5.81454   0.00000  -0.54844   0.00000  -0.54844   0.00000  -0.53252   0.00000  -0.53252
  5.86466   0.00000  -0.54844   0.00000  -0.54844   0.00000  -0.53252   0.00000  -0.53252
  5.91479   0.00000  -0.54844   0.00000  -0.54844   0.00000  -0.53252   0.00000  -0.53252
  5.96491   0.00025  -0.54843   0.00025  -0.54843   0.00000  -0.53252   0.00000  -0.53252
  6.01504   0.00333  -0.54826   0.00333  -0.54826   0.00000  -0.53252   0.00000  -0.53252
  6.06516   0.00936  -0.54780   0.00936  -0.54780   0.00000  -0.53252   0.00000  -0.53252
  6.11529   0.01602  -0.54699   0.01602  -0.54699   0.00000  -0.53252   0.00000  -0.53252
  6.16541   0.01735  -0.54612   0.01735  -0.54612   0.00000  -0.53252   0.00000  -0.53252
  6.21554   0.01581  -0.54533   0.01581  -0.54533   0.00049  -0.53249   0.00049  -0.53249
  6.26566   0.01494  -0.54458   0.01494  -0.54458   0.00424  -0.53228   0.00424  -0.53228
  6.31579   0.01556  -0.54380   0.01556  -0.54380   0.01016  -0.53177   0.01016  -0.53177
  6.36591   0.01694  -0.54295   0.01694  -0.54295   0.01566  -0.53099   0.01566  -0.53099
  6.41604   0.01919  -0.54199   0.01919  -0.54199   0.01528  -0.53022   0.01528  -0.53022
  6.46617   0.02120  -0.54093   0.02120  -0.54093   0.01390  -0.52952   0.01390  -0.52952
  6.51629   0.02002  -0.53992   0.02002  -0.53992   0.01365  -0.52884   0.01365  -0.52884
  6.56642   0.01948  -0.53895   0.01948  -0.53895   0.01443  -0.52812   0.01443  -0.52812
  6.61654   0.01968  -0.53796   0.01968  -0.53796   0.01606  -0.52731   0.01606  -0.52731
  6.66667   0.01957  -0.53698   0.01957  -0.53698   0.01858  -0.52638   0.01858  -0.52638
  6.71679   0.01980  -0.53599   0.01980  -0.53599   0.01843  -0.52545   0.01843  -0.52545
  6.76692   0.02200  -0.53488   0.02200  -0.53488   0.01753  -0.52458   0.01753  -0.52458
  6.81704   0.03046  -0.53336   0.03046  -0.53336   0.01769  -0.52369   0.01769  -0.52369
  6.86717   0.03512  -0.53160   0.03512  -0.53160   0.01747  -0.52281   0.01747  -0.52281
  6.91729   0.03469  -0.52986   0.03469  -0.52986   0.01750  -0.52194   0.01750  -0.52194
  6.96742   0.04220  -0.52774   0.04220  -0.52774   0.01826  -0.52102   0.01826  -0.52102
  7.01754   0.04252  -0.52561   0.04252  -0.52561   0.02488  -0.51977   0.02488  -0.51977
  7.06767   0.03960  -0.52363   0.03960  -0.52363   0.03049  -0.51825   0.03049  -0.51825
  7.11779   0.03261  -0.52199   0.03261  -0.52199   0.03050  -0.51672   0.03050  -0.51672
  7.16792   0.03075  -0.52045   0.03075  -0.52045   0.02922  -0.51525   0.02922  -0.51525
  7.21805   0.03059  -0.51892   0.03059  -0.51892   0.03419  -0.51354   0.03419  -0.51354
  7.26817   0.02830  -0.51750   0.02830  -0.51750   0.04207  -0.51143   0.04207  -0.51143
  7.31830   0.02577  -0.51621   0.02577  -0.51621   0.04050  -0.50940   0.04050  -0.50940
  7.36842   0.02670  -0.51487   0.02670  -0.51487   0.03474  -0.50766   0.03474  -0.50766
  7.41855   0.03597  -0.51307   0.03597  -0.51307   0.03117  -0.50610   0.03117  -0.50610
  7.46867   0.03132  -0.51150   0.03132  -0.51150   0.02874  -0.50466   0.02874  -0.50466
  7.51880   0.03418  -0.50978   0.03418  -0.50978   0.02836  -0.50323   0.02836  -0.50323
  7.56892   0.04674  -0.50744   0.04674  -0.50744   0.02898  -0.50178   0.02898  -0.50178
  7.61905   0.05947  -0.50446   0.05947  -0.50446   0.03443  -0.50006   0.03443  -0.50006
  7.66917   0.05333  -0.50179   0.05333  -0.50179   0.02933  -0.49859   0.02933  -0.49859
  7.71930   0.04842  -0.49936   0.04842  -0.49936   0.03475  -0.49684   0.03475  -0.49684
  7.76942   0.06098  -0.49630   0.06098  -0.49630   0.04249  -0.49471   0.04249  -0.49471
  7.81955   0.07612  -0.49249   0.07612  -0.49249   0.05440  -0.49199   0.05440  -0.49199
  7.86967   0.07612  -0.48867   0.07612  -0.48867   0.06270  -0.48884   0.06270  -0.48884
  7.91980   0.08046  -0.48464   0.08046  -0.48464   0.05344  -0.48617   0.05344  -0.48617
  7.96992   0.08928  -0.48016   0.08928  -0.48016   0.06442  -0.48294   0.06442  -0.48294
  8.02005   0.11138  -0.47458   0.11138  -0.47458   0.08639  -0.47861   0.08639  -0.47861
  8.07018   0.13039  -0.46804   0.13039  -0.46804   0.08320  -0.47444   0.08320  -0.47444
  8.12030   0.13740  -0.46116   0.13740  -0.46116   0.08087  -0.47038   0.08087  -0.47038
  8.17043   0.14154  -0.45406   0.14154  -0.45406   0.09652  -0.46554   0.09652  -0.46554
  8.22055   0.14544  -0.44677   0.14544  -0.44677   0.12188  -0.45943   0.12188  -0.45943
  8.27068   0.12532  -0.44049   0.12532  -0.44049   0.12602  -0.45312   0.12602  -0.45312
  8.32080   0.13203  -0.43387   0.13203  -0.43387   0.12854  -0.44668   0.12854  -0.44668
  8.37093   0.15977  -0.42586   0.15977  -0.42586   0.12991  -0.44016   0.12991  -0.44016
  8.42105   0.16085  -0.41780   0.16085  -0.41780   0.12515  -0.43389   0.12515  -0.43389
  8.47118   0.17909  -0.40882   0.17909  -0.40882   0.12925  -0.42741   0.12925  -0.42741
  8.52130   0.13548  -0.40203   0.13548  -0.40203   0.15970  -0.41941   0.15970  -0.41941
  8.57143   0.09755  -0.39714   0.09755  -0.39714   0.15780  -0.41150   0.15780  -0.41150
  8.62155   0.11771  -0.39124   0.11771  -0.39124   0.18067  -0.40244   0.18067  -0.40244
  8.67168   0.16752  -0.38285   0.16752  -0.38285   0.12067  -0.39639   0.12067  -0.39639
  8.72180   0.12962  -0.37635   0.12962  -0.37635   0.13524  -0.38961   0.13524  -0.38961
  8.77193   0.14741  -0.36896   0.14741  -0.36896   0.14558  -0.38232   0.14558  -0.38232
  8.82206   0.14893  -0.36149   0.14893  -0.36149   0.20487  -0.37205   0.20487  -0.37205
  8.87218   0.13007  -0.35498   0.13007  -0.35498   0.11142  -0.36646   0.11142  -0.36646
  8.92231   0.15817  -0.34705   0.15817  -0.34705   0.14827  -0.35903   0.14827  -0.35903
  8.97243   0.18669  -0.33769   0.18669  -0.33769   0.16737  -0.35064   0.16737  -0.35064
  9.02256   0.16938  -0.32920   0.16938  -0.32920   0.14782  -0.34323   0.14782  -0.34323
  9.07268   0.15787  -0.32129   0.15787  -0.32129   0.15873  -0.33527   0.15873  -0.33527
  9.12281   0.17973  -0.31228   0.17973  -0.31228   0.18612  -0.32594   0.18612  -0.32594
  9.17293   0.11863  -0.30633   0.11863  -0.30633   0.17178  -0.31733   0.17178  -0.31733
  9.22306   0.13146  -0.29974   0.13146  -0.29974   0.15732  -0.30945   0.15732  -0.30945
  9.27318   0.15399  -0.29202   0.15399  -0.29202   0.15332  -0.30176   0.15332  -0.30176
  9.32331   0.13690  -0.28516   0.13690  -0.28516   0.10206  -0.29665   0.10206  -0.29665
  9.37343   0.12068  -0.27911   0.12068  -0.27911   0.12298  -0.29048   0.12298  -0.29048
  9.42356   0.09910  -0.27414   0.09910  -0.27414   0.15452  -0.28274   0.15452  -0.28274
  9.47368   0.11606  -0.26833   0.11606  -0.26833   0.13090  -0.27618   0.13090  -0.27618
  9.52381   0.10544  -0.26304   0.10544  -0.26304   0.11687  -0.27032   0.11687  -0.27032
  9.57393   0.09625  -0.25822   0.09625  -0.25822   0.09299  -0.26566   0.09299  -0.26566
  9.62406   0.08464  -0.25397   0.08464  -0.25397   0.11263  -0.26001   0.11263  -0.26001
  9.67419   0.08327  -0.24980   0.08327  -0.24980   0.10841  -0.25458   0.10841  -0.25458
  9.72431   0.08921  -0.24533   0.08921  -0.24533   0.09905  -0.24961   0.09905  -0.24961
  9.77444   0.07213  -0.24171   0.07213  -0.24171   0.09261  -0.24497   0.09261  -0.24497
  9.82456   0.06330  -0.23854   0.06330  -0.23854   0.08713  -0.24060   0.08713  -0.24060
  9.87469   0.07091  -0.23499   0.07091  -0.23499   0.08150  -0.23652   0.08150  -0.23652
  9.92481   0.07129  -0.23141   0.07129  -0.23141   0.08365  -0.23232   0.08365  -0.23232
  9.97494   0.07912  -0.22745   0.07912  -0.22745   0.07007  -0.22881   0.07007  -0.22881
 10.02506   0.08984  -0.22294   0.08984  -0.22294   0.06914  -0.22535   0.06914  -0.22535