ESCALE ; pCOHP file generated by LOBSTER. Energy is shifted such that the Fermi level lies at 0 eV.
         2          2        401  -5.82964e+00   1.42205e+01   4.19543e+00 
Average
No.1:Mn38->O92(1.9616198188740264)
-10.02506   0.00000  -0.66046   0.00000  -0.66046   0.00000  -0.65825   0.00000  -0.65825
 -9.97494   0.00000  -0.66046   0.00000  -0.66046   0.00000  -0.65825   0.00000  -0.65825
 -9.92481   0.00000  -0.66046   0.00000  -0.66046   0.00000  -0.65825   0.00000  -0.65825
 -9.87469   0.00000  -0.66046   0.00000  -0.66046   0.00000  -0.65825   0.00000  -0.65825
 -9.82456   0.00000  -0.66046   0.00000  -0.66046   0.00000  -0.65825   0.00000  -0.65825
 -9.77444   0.00000  -0.66046   0.00000  -0.66046   0.00000  -0.65825   0.00000  -0.65825
 -9.72431   0.00000  -0.66046   0.00000  -0.66046   0.00000  -0.65825   0.00000  -0.65825
 -9.67419   0.00000  -0.66046   0.00000  -0.66046   0.00000  -0.65825   0.00000  -0.65825
 -9.62406   0.00000  -0.66046   0.00000  -0.66046   0.00000  -0.65825   0.00000  -0.65825
 -9.57393   0.00000  -0.66046   0.00000  -0.66046   0.00000  -0.65825   0.00000  -0.65825
 -9.52381   0.00000  -0.66046   0.00000  -0.66046   0.00000  -0.65825   0.00000  -0.65825
 -9.47368   0.00000  -0.66046   0.00000  -0.66046   0.00000  -0.65825   0.00000  -0.65825
 -9.42356   0.00000  -0.66046   0.00000  -0.66046   0.00000  -0.65825   0.00000  -0.65825
 -9.37343   0.00000  -0.66046   0.00000  -0.66046   0.00000  -0.65825   0.00000  -0.65825
 -9.32331   0.00000  -0.66046   0.00000  -0.66046   0.00000  -0.65825   0.00000  -0.65825
 -9.27318   0.00000  -0.66046   0.00000  -0.66046   0.00000  -0.65825   0.00000  -0.65825
 -9.22306   0.00000  -0.66046   0.00000  -0.66046   0.00000  -0.65825   0.00000  -0.65825
 -9.17293   0.00000  -0.66046   0.00000  -0.66046   0.00000  -0.65825   0.00000  -0.65825
 -9.12281   0.00000  -0.66046   0.00000  -0.66046   0.00000  -0.65825   0.00000  -0.65825
 -9.07268   0.00000  -0.66046   0.00000  -0.66046   0.00000  -0.65825   0.00000  -0.65825
 -9.02256   0.00000  -0.66046   0.00000  -0.66046   0.00000  -0.65825   0.00000  -0.65825
 -8.97243   0.00000  -0.66046   0.00000  -0.66046   0.00000  -0.65825   0.00000  -0.65825
 -8.92231   0.00000  -0.66046   0.00000  -0.66046   0.00000  -0.65825   0.00000  -0.65825
 -8.87218   0.00000  -0.66046   0.00000  -0.66046   0.00000  -0.65825   0.00000  -0.65825
 -8.82206   0.00000  -0.66046   0.00000  -0.66046   0.00000  -0.65825   0.00000  -0.65825
 -8.77193   0.00000  -0.66046   0.00000  -0.66046   0.00000  -0.65825   0.00000  -0.65825
 -8.72180   0.00000  -0.66046   0.00000  -0.66046   0.00000  -0.65825   0.00000  -0.65825
 -8.67168   0.00000  -0.66046   0.00000  -0.66046   0.00000  -0.65825   0.00000  -0.65825
 -8.62155   0.00000  -0.66046   0.00000  -0.66046   0.00000  -0.65825   0.00000  -0.65825
 -8.57143   0.00000  -0.66046   0.00000  -0.66046   0.00000  -0.65825   0.00000  -0.65825
 -8.52130   0.00000  -0.66046   0.00000  -0.66046   0.00000  -0.65825   0.00000  -0.65825
 -8.47118   0.00000  -0.66046   0.00000  -0.66046   0.00000  -0.65825   0.00000  -0.65825
 -8.42105   0.00000  -0.66046   0.00000  -0.66046   0.00000  -0.65825   0.00000  -0.65825
 -8.37093   0.00000  -0.66046   0.00000  -0.66046   0.00000  -0.65825   0.00000  -0.65825
 -8.32080   0.00000  -0.66046   0.00000  -0.66046   0.00000  -0.65825   0.00000  -0.65825
 -8.27068   0.00000  -0.66046   0.00000  -0.66046   0.00000  -0.65825   0.00000  -0.65825
 -8.22055   0.00000  -0.66046   0.00000  -0.66046   0.00000  -0.65825   0.00000  -0.65825
 -8.17043   0.00000  -0.66046   0.00000  -0.66046   0.00000  -0.65825   0.00000  -0.65825
 -8.12030   0.00000  -0.66046   0.00000  -0.66046   0.00000  -0.65825   0.00000  -0.65825
 -8.07018   0.00000  -0.66046   0.00000  -0.66046   0.00000  -0.65825   0.00000  -0.65825
 -8.02005   0.00000  -0.66046   0.00000  -0.66046   0.00000  -0.65825   0.00000  -0.65825
 -7.96992   0.00000  -0.66046   0.00000  -0.66046   0.00000  -0.65825   0.00000  -0.65825
 -7.91980   0.00000  -0.66046   0.00000  -0.66046   0.00000  -0.65825   0.00000  -0.65825
 -7.86967   0.00000  -0.66046   0.00000  -0.66046   0.00000  -0.65825   0.00000  -0.65825
 -7.81955   0.00000  -0.66046   0.00000  -0.66046   0.00000  -0.65825   0.00000  -0.65825
 -7.76942   0.00000  -0.66046   0.00000  -0.66046   0.00000  -0.65825   0.00000  -0.65825
 -7.71930   0.00000  -0.66046   0.00000  -0.66046   0.00000  -0.65825   0.00000  -0.65825
 -7.66917   0.00000  -0.66046   0.00000  -0.66046   0.00000  -0.65825   0.00000  -0.65825
 -7.61905   0.00000  -0.66046   0.00000  -0.66046   0.00000  -0.65825   0.00000  -0.65825
 -7.56892   0.00000  -0.66046   0.00000  -0.66046   0.00000  -0.65825   0.00000  -0.65825
 -7.51880   0.00000  -0.66046   0.00000  -0.66046   0.00000  -0.65825   0.00000  -0.65825
 -7.46867   0.00000  -0.66046   0.00000  -0.66046   0.00000  -0.65825   0.00000  -0.65825
 -7.41855   0.00000  -0.66046   0.00000  -0.66046   0.00000  -0.65825   0.00000  -0.65825
 -7.36842   0.00000  -0.66046   0.00000  -0.66046   0.00000  -0.65825   0.00000  -0.65825
 -7.31830   0.00000  -0.66046   0.00000  -0.66046   0.00000  -0.65825   0.00000  -0.65825
 -7.26817   0.00000  -0.66046   0.00000  -0.66046   0.00000  -0.65825   0.00000  -0.65825
 -7.21805   0.00000  -0.66046   0.00000  -0.66046   0.00000  -0.65825   0.00000  -0.65825
 -7.16792   0.00000  -0.66046   0.00000  -0.66046   0.00000  -0.65825   0.00000  -0.65825
 -7.11779   0.00000  -0.66046   0.00000  -0.66046   0.00000  -0.65825   0.00000  -0.65825
 -7.06767  -0.01994  -0.66146  -0.01994  -0.66146   0.00000  -0.65825   0.00000  -0.65825
 -7.01754  -0.46889  -0.68496  -0.46889  -0.68496   0.00000  -0.65825   0.00000  -0.65825
 -6.96742  -0.26522  -0.69826  -0.26522  -0.69826   0.00000  -0.65825   0.00000  -0.65825
 -6.91729  -0.22327  -0.70945  -0.22327  -0.70945   0.00000  -0.65825   0.00000  -0.65825
 -6.86717  -0.17508  -0.71822  -0.17508  -0.71822   0.00000  -0.65825   0.00000  -0.65825
 -6.81704  -0.17510  -0.72700  -0.17510  -0.72700   0.00000  -0.65825   0.00000  -0.65825
 -6.76692  -0.24487  -0.73927  -0.24487  -0.73927   0.00000  -0.65825   0.00000  -0.65825
 -6.71679  -0.34317  -0.75647  -0.34317  -0.75647   0.00000  -0.65825   0.00000  -0.65825
 -6.66667  -0.49493  -0.78128  -0.49493  -0.78128   0.00000  -0.65825   0.00000  -0.65825
 -6.61654  -0.47749  -0.80522  -0.47749  -0.80522   0.00000  -0.65825   0.00000  -0.65825
 -6.56642  -0.41827  -0.82618  -0.41827  -0.82618   0.00000  -0.65825   0.00000  -0.65825
 -6.51629  -0.48407  -0.85045  -0.48407  -0.85045   0.00000  -0.65825   0.00000  -0.65825
 -6.46617  -0.30190  -0.86558  -0.30190  -0.86558   0.00000  -0.65825   0.00000  -0.65825
 -6.41604  -0.25210  -0.87822  -0.25210  -0.87822   0.00000  -0.65825   0.00000  -0.65825
 -6.36591  -0.27006  -0.89175  -0.27006  -0.89175   0.00000  -0.65825   0.00000  -0.65825
 -6.31579  -0.30852  -0.90722  -0.30852  -0.90722   0.00000  -0.65825   0.00000  -0.65825
 -6.26566  -0.33720  -0.92412  -0.33720  -0.92412   0.00000  -0.65825   0.00000  -0.65825
 -6.21554  -0.39352  -0.94385  -0.39352  -0.94385   0.00000  -0.65825   0.00000  -0.65825
 -6.16541  -0.28355  -0.95806  -0.28355  -0.95806   0.00000  -0.65825   0.00000  -0.65825
 -6.11529  -0.16374  -0.96627  -0.16374  -0.96627   0.00000  -0.65825   0.00000  -0.65825
 -6.06516  -0.31435  -0.98203  -0.31435  -0.98203   0.00000  -0.65825   0.00000  -0.65825
 -6.01504  -0.29390  -0.99676  -0.29390  -0.99676   0.00000  -0.65825   0.00000  -0.65825
 -5.96491  -0.36011  -1.01481  -0.36011  -1.01481   0.00000  -0.65825   0.00000  -0.65825
 -5.91479  -0.49499  -1.03962  -0.49499  -1.03962   0.00000  -0.65825   0.00000  -0.65825
 -5.86466  -0.39854  -1.05960  -0.39854  -1.05960   0.00000  -0.65825   0.00000  -0.65825
 -5.81454  -0.34572  -1.07692  -0.34572  -1.07692   0.00000  -0.65825   0.00000  -0.65825
 -5.76441  -0.24697  -1.08930  -0.24697  -1.08930   0.00000  -0.65825   0.00000  -0.65825
 -5.71429  -0.19691  -1.09917  -0.19691  -1.09917  -0.01401  -0.65895  -0.01401  -0.65895
 -5.66416  -0.18719  -1.10856  -0.18719  -1.10856  -0.30523  -0.67425  -0.30523  -0.67425
 -5.61404  -0.14838  -1.11599  -0.14838  -1.11599  -0.30262  -0.68942  -0.30262  -0.68942
 -5.56391  -0.17603  -1.12482  -0.17603  -1.12482  -0.26484  -0.70269  -0.26484  -0.70269
 -5.51378  -0.19607  -1.13465  -0.19607  -1.13465  -0.17154  -0.71129  -0.17154  -0.71129
 -5.46366  -0.14538  -1.14193  -0.14538  -1.14193  -0.11756  -0.71718  -0.11756  -0.71718
 -5.41353  -0.26648  -1.15529  -0.26648  -1.15529  -0.14383  -0.72439  -0.14383  -0.72439
 -5.36341  -0.22759  -1.16670  -0.22759  -1.16670  -0.14847  -0.73184  -0.14847  -0.73184
 -5.31328  -0.16648  -1.17504  -0.16648  -1.17504  -0.10766  -0.73723  -0.10766  -0.73723
 -5.26316  -0.30796  -1.19048  -0.30796  -1.19048  -0.12517  -0.74351  -0.12517  -0.74351
 -5.21303  -0.54587  -1.21784  -0.54587  -1.21784  -0.32266  -0.75968  -0.32266  -0.75968
 -5.16291  -0.68238  -1.25205  -0.68238  -1.25205  -0.45600  -0.78254  -0.45600  -0.78254
 -5.11278  -0.56968  -1.28060  -0.56968  -1.28060  -0.40163  -0.80267  -0.40163  -0.80267
 -5.06266  -0.37542  -1.29942  -0.37542  -1.29942  -0.38234  -0.82183  -0.38234  -0.82183
 -5.01253  -0.18633  -1.30876  -0.18633  -1.30876  -0.32552  -0.83815  -0.32552  -0.83815
 -4.96241  -0.21280  -1.31943  -0.21280  -1.31943  -0.27682  -0.85203  -0.27682  -0.85203
 -4.91228  -0.26058  -1.33249  -0.26058  -1.33249  -0.33134  -0.86863  -0.33134  -0.86863
 -4.86216  -0.26034  -1.34554  -0.26034  -1.34554  -0.44436  -0.89091  -0.44436  -0.89091
 -4.81203  -0.14880  -1.35300  -0.14880  -1.35300  -0.34321  -0.90811  -0.34321  -0.90811
 -4.76190  -0.13571  -1.35980  -0.13571  -1.35980  -0.26937  -0.92161  -0.26937  -0.92161
 -4.71178  -0.01731  -1.36067  -0.01731  -1.36067  -0.25023  -0.93416  -0.25023  -0.93416
 -4.66165  -0.05771  -1.36356  -0.05771  -1.36356  -0.24176  -0.94627  -0.24176  -0.94627
 -4.61153  -0.03476  -1.36530  -0.03476  -1.36530  -0.21540  -0.95707  -0.21540  -0.95707
 -4.56140   0.01132  -1.36473   0.01132  -1.36473  -0.18177  -0.96618  -0.18177  -0.96618
 -4.51128  -0.02096  -1.36578  -0.02096  -1.36578  -0.23131  -0.97778  -0.23131  -0.97778
 -4.46115  -0.03754  -1.36767  -0.03754  -1.36767  -0.18793  -0.98720  -0.18793  -0.98720
 -4.41103  -0.07758  -1.37155  -0.07758  -1.37155  -0.20134  -0.99729  -0.20134  -0.99729
 -4.36090  -0.08426  -1.37578  -0.08426  -1.37578  -0.18217  -1.00642  -0.18217  -1.00642
 -4.31078  -0.04605  -1.37809  -0.04605  -1.37809  -0.17197  -1.01504  -0.17197  -1.01504
 -4.26065  -0.06537  -1.38136  -0.06537  -1.38136  -0.16997  -1.02356  -0.16997  -1.02356
 -4.21053  -0.07247  -1.38500  -0.07247  -1.38500  -0.25087  -1.03614  -0.25087  -1.03614
 -4.16040   0.04431  -1.38277   0.04431  -1.38277  -0.28363  -1.05035  -0.28363  -1.05035
 -4.11028  -0.00920  -1.38324  -0.00920  -1.38324  -0.31295  -1.06604  -0.31295  -1.06604
 -4.06015  -0.02956  -1.38472  -0.02956  -1.38472  -0.39037  -1.08561  -0.39037  -1.08561
 -4.01003  -0.02276  -1.38586  -0.02276  -1.38586  -0.48399  -1.10987  -0.48399  -1.10987
 -3.95990  -0.02073  -1.38690  -0.02073  -1.38690  -0.36153  -1.12799  -0.36153  -1.12799
 -3.90977  -0.04084  -1.38894  -0.04084  -1.38894  -0.39701  -1.14789  -0.39701  -1.14789
 -3.85965  -0.07419  -1.39266  -0.07419  -1.39266  -0.36877  -1.16637  -0.36877  -1.16637
 -3.80952  -0.02918  -1.39413  -0.02918  -1.39413  -0.37566  -1.18520  -0.37566  -1.18520
 -3.75940  -0.03727  -1.39599  -0.03727  -1.39599  -0.22386  -1.19643  -0.22386  -1.19643
 -3.70927  -0.07217  -1.39961  -0.07217  -1.39961  -0.19691  -1.20630  -0.19691  -1.20630
 -3.65915  -0.04523  -1.40188  -0.04523  -1.40188  -0.18395  -1.21552  -0.18395  -1.21552
 -3.60902  -0.05024  -1.40440  -0.05024  -1.40440  -0.19086  -1.22508  -0.19086  -1.22508
 -3.55890  -0.08319  -1.40857  -0.08319  -1.40857  -0.19683  -1.23495  -0.19683  -1.23495
 -3.50877  -0.05009  -1.41108  -0.05009  -1.41108  -0.19962  -1.24496  -0.19962  -1.24496
 -3.45865   0.02478  -1.40984   0.02478  -1.40984  -0.17764  -1.25386  -0.17764  -1.25386
 -3.40852  -0.08233  -1.41396  -0.08233  -1.41396  -0.11204  -1.25948  -0.11204  -1.25948
 -3.35840  -0.01126  -1.41453  -0.01126  -1.41453  -0.10203  -1.26459  -0.10203  -1.26459
 -3.30827   0.03320  -1.41286   0.03320  -1.41286  -0.07891  -1.26855  -0.07891  -1.26855
 -3.25815   0.06967  -1.40937   0.06967  -1.40937  -0.11375  -1.27425  -0.11375  -1.27425
 -3.20802   0.07268  -1.40573   0.07268  -1.40573  -0.12945  -1.28074  -0.12945  -1.28074
 -3.15789   0.07260  -1.40209   0.07260  -1.40209  -0.13903  -1.28770  -0.13903  -1.28770
 -3.10777   0.14195  -1.39497   0.14195  -1.39497  -0.18564  -1.29701  -0.18564  -1.29701
 -3.05764   0.27238  -1.38132   0.27238  -1.38132  -0.13347  -1.30370  -0.13347  -1.30370
 -3.00752   0.25188  -1.36870   0.25188  -1.36870  -0.11313  -1.30937  -0.11313  -1.30937
 -2.95739   0.21668  -1.35783   0.21668  -1.35783  -0.10108  -1.31444  -0.10108  -1.31444
 -2.90727   0.11881  -1.35188   0.11881  -1.35188  -0.08238  -1.31857  -0.08238  -1.31857
 -2.85714   0.09437  -1.34715   0.09437  -1.34715  -0.06913  -1.32203  -0.06913  -1.32203
 -2.80702   0.10368  -1.34195   0.10368  -1.34195  -0.07291  -1.32569  -0.07291  -1.32569
 -2.75689   0.13668  -1.33510   0.13668  -1.33510  -0.08658  -1.33003  -0.08658  -1.33003
 -2.70677   0.09994  -1.33009   0.09994  -1.33009  -0.06673  -1.33337  -0.06673  -1.33337
 -2.65664   0.10690  -1.32473   0.10690  -1.32473  -0.03751  -1.33525  -0.03751  -1.33525
 -2.60652   0.08727  -1.32036   0.08727  -1.32036  -0.00873  -1.33569  -0.00873  -1.33569
 -2.55639   0.09954  -1.31537   0.09954  -1.31537   0.01185  -1.33509   0.01185  -1.33509
 -2.50627   0.10220  -1.31025   0.10220  -1.31025   0.02364  -1.33391   0.02364  -1.33391
 -2.45614   0.10070  -1.30520   0.10070  -1.30520   0.03566  -1.33212   0.03566  -1.33212
 -2.40602   0.09365  -1.30050   0.09365  -1.30050   0.01591  -1.33132   0.01591  -1.33132
 -2.35589   0.12055  -1.29446   0.12055  -1.29446   0.03399  -1.32962   0.03399  -1.32962
 -2.30576   0.15733  -1.28657   0.15733  -1.28657   0.00280  -1.32948   0.00280  -1.32948
 -2.25564   0.23293  -1.27490   0.23293  -1.27490   0.03331  -1.32781   0.03331  -1.32781
 -2.20551   0.20101  -1.26482   0.20101  -1.26482  -0.00035  -1.32783  -0.00035  -1.32783
 -2.15539   0.20274  -1.25466   0.20274  -1.25466  -0.03001  -1.32933  -0.03001  -1.32933
 -2.10526   0.15912  -1.24669   0.15912  -1.24669  -0.04459  -1.33157  -0.04459  -1.33157
 -2.05514   0.17986  -1.23767   0.17986  -1.23767  -0.10144  -1.33665  -0.10144  -1.33665
 -2.00501   0.16441  -1.22943   0.16441  -1.22943  -0.11145  -1.34224  -0.11145  -1.34224
 -1.95489   0.12628  -1.22310   0.12628  -1.22310  -0.08745  -1.34662  -0.08745  -1.34662
 -1.90476   0.13153  -1.21651   0.13153  -1.21651  -0.05414  -1.34934  -0.05414  -1.34934
 -1.85464   0.12114  -1.21043   0.12114  -1.21043  -0.00548  -1.34961  -0.00548  -1.34961
 -1.80451   0.07772  -1.20654   0.07772  -1.20654  -0.00109  -1.34966  -0.00109  -1.34966
 -1.75439   0.10690  -1.20118   0.10690  -1.20118   0.00059  -1.34964   0.00059  -1.34964
 -1.70426   0.10825  -1.19575   0.10825  -1.19575  -0.02362  -1.35082  -0.02362  -1.35082
 -1.65414   0.10404  -1.19054   0.10404  -1.19054  -0.02085  -1.35186  -0.02085  -1.35186
 -1.60401   0.12281  -1.18438   0.12281  -1.18438  -0.03088  -1.35341  -0.03088  -1.35341
 -1.55388   0.10116  -1.17931   0.10116  -1.17931  -0.03172  -1.35500  -0.03172  -1.35500
 -1.50376   0.08489  -1.17506   0.08489  -1.17506  -0.02098  -1.35605  -0.02098  -1.35605
 -1.45363   0.06104  -1.17200   0.06104  -1.17200  -0.00159  -1.35613  -0.00159  -1.35613
 -1.40351   0.08591  -1.16769   0.08591  -1.16769   0.00256  -1.35601   0.00256  -1.35601
 -1.35338   0.02863  -1.16626   0.02863  -1.16626  -0.00276  -1.35614  -0.00276  -1.35614
 -1.30326   0.05020  -1.16374   0.05020  -1.16374   0.00577  -1.35585   0.00577  -1.35585
 -1.25313   0.06341  -1.16056   0.06341  -1.16056   0.01011  -1.35535   0.01011  -1.35535
 -1.20301   0.06992  -1.15706   0.06992  -1.15706  -0.00013  -1.35535  -0.00013  -1.35535
 -1.15288   0.12895  -1.15059   0.12895  -1.15059  -0.01360  -1.35604  -0.01360  -1.35604
 -1.10276   0.11293  -1.14493   0.11293  -1.14493  -0.02278  -1.35718  -0.02278  -1.35718
 -1.05263   0.08877  -1.14048   0.08877  -1.14048  -0.02179  -1.35827  -0.02179  -1.35827
 -1.00251   0.03767  -1.13859   0.03767  -1.13859  -0.03318  -1.35993  -0.03318  -1.35993
 -0.95238   0.03935  -1.13662   0.03935  -1.13662  -0.00779  -1.36032  -0.00779  -1.36032
 -0.90226   0.04938  -1.13415   0.04938  -1.13415   0.00755  -1.35994   0.00755  -1.35994
 -0.85213   0.08708  -1.12978   0.08708  -1.12978   0.00352  -1.35977   0.00352  -1.35977
 -0.80201   0.09290  -1.12513   0.09290  -1.12513  -0.00865  -1.36020  -0.00865  -1.36020
 -0.75188   0.05753  -1.12224   0.05753  -1.12224  -0.00339  -1.36037  -0.00339  -1.36037
 -0.70175   0.05236  -1.11962   0.05236  -1.11962  -0.00456  -1.36060  -0.00456  -1.36060
 -0.65163   0.04407  -1.11741   0.04407  -1.11741  -0.00162  -1.36068  -0.00162  -1.36068
 -0.60150   0.05850  -1.11448   0.05850  -1.11448   0.00000  -1.36068   0.00000  -1.36068
 -0.55138   0.02411  -1.11327   0.02411  -1.11327   0.00000  -1.36068   0.00000  -1.36068
 -0.50125   0.02057  -1.11224   0.02057  -1.11224   0.00000  -1.36068   0.00000  -1.36068
 -0.45113   0.02416  -1.11102   0.02416  -1.11102   0.00000  -1.36068   0.00000  -1.36068
 -0.40100   0.01503  -1.11027   0.01503  -1.11027   0.00000  -1.36068   0.00000  -1.36068
 -0.35088   0.03228  -1.10865   0.03228  -1.10865   0.00000  -1.36068   0.00000  -1.36068
 -0.30075   0.02351  -1.10747   0.02351  -1.10747   0.00000  -1.36068   0.00000  -1.36068
 -0.25063   0.02080  -1.10643   0.02080  -1.10643   0.00000  -1.36068   0.00000  -1.36068
 -0.20050   0.02213  -1.10532   0.02213  -1.10532   0.00000  -1.36068   0.00000  -1.36068
 -0.15038   0.00226  -1.10521   0.00226  -1.10521   0.00000  -1.36068   0.00000  -1.36068
 -0.10025   0.00941  -1.10474   0.00941  -1.10474   0.00000  -1.36068   0.00000  -1.36068
 -0.05013   0.01303  -1.10409   0.01303  -1.10409   0.00000  -1.36068   0.00000  -1.36068
  0.00000   0.01793  -1.10319   0.01793  -1.10319   0.00000  -1.36068   0.00000  -1.36068
  0.05013   0.00000  -1.10319   0.00000  -1.10319   0.00000  -1.36068   0.00000  -1.36068
  0.10025   0.00000  -1.10319   0.00000  -1.10319   0.00000  -1.36068   0.00000  -1.36068
  0.15038   0.00000  -1.10319   0.00000  -1.10319   0.00000  -1.36068   0.00000  -1.36068
  0.20050   0.00000  -1.10319   0.00000  -1.10319   0.00000  -1.36068   0.00000  -1.36068
  0.25063   0.00000  -1.10319   0.00000  -1.10319   0.00000  -1.36068   0.00000  -1.36068
  0.30075   0.00000  -1.10319   0.00000  -1.10319   0.00000  -1.36068   0.00000  -1.36068
  0.35088   0.00000  -1.10319   0.00000  -1.10319   0.00000  -1.36068   0.00000  -1.36068
  0.40100   0.00000  -1.10319   0.00000  -1.10319   0.00000  -1.36068   0.00000  -1.36068
  0.45113   0.00000  -1.10319   0.00000  -1.10319   0.00000  -1.36068   0.00000  -1.36068
  0.50125   0.00000  -1.10319   0.00000  -1.10319   0.00000  -1.36068   0.00000  -1.36068
  0.55138   0.00000  -1.10319   0.00000  -1.10319   0.00000  -1.36068   0.00000  -1.36068
  0.60150   0.00000  -1.10319   0.00000  -1.10319   0.00000  -1.36068   0.00000  -1.36068
  0.65163   0.00000  -1.10319   0.00000  -1.10319   0.00000  -1.36068   0.00000  -1.36068
  0.70175   0.00000  -1.10319   0.00000  -1.10319   0.00000  -1.36068   0.00000  -1.36068
  0.75188   0.00000  -1.10319   0.00000  -1.10319   0.00000  -1.36068   0.00000  -1.36068
  0.80201   0.00000  -1.10319   0.00000  -1.10319   0.00000  -1.36068   0.00000  -1.36068
  0.85213   0.00000  -1.10319   0.00000  -1.10319   0.00000  -1.36068   0.00000  -1.36068
  0.90226   0.00000  -1.10319   0.00000  -1.10319   0.00000  -1.36068   0.00000  -1.36068
  0.95238   0.00000  -1.10319   0.00000  -1.10319   0.00000  -1.36068   0.00000  -1.36068
  1.00251   0.15092  -1.09562   0.15092  -1.09562   0.00000  -1.36068   0.00000  -1.36068
  1.05263   0.28960  -1.08111   0.28960  -1.08111   0.00000  -1.36068   0.00000  -1.36068
  1.10276   0.49891  -1.05610   0.49891  -1.05610   0.00000  -1.36068   0.00000  -1.36068
  1.15288   0.60199  -1.02592   0.60199  -1.02592   0.00000  -1.36068   0.00000  -1.36068
  1.20301   0.49095  -1.00131   0.49095  -1.00131   0.00000  -1.36068   0.00000  -1.36068
  1.25313   0.60425  -0.97102   0.60425  -0.97102   0.00000  -1.36068   0.00000  -1.36068
  1.30326   0.63465  -0.93921   0.63465  -0.93921   0.00000  -1.36068   0.00000  -1.36068
  1.35338   0.59854  -0.90921   0.59854  -0.90921   0.00000  -1.36068   0.00000  -1.36068
  1.40351   0.60838  -0.87872   0.60838  -0.87872   0.00000  -1.36068   0.00000  -1.36068
  1.45363   0.81595  -0.83782   0.81595  -0.83782   0.00000  -1.36068   0.00000  -1.36068
  1.50376   1.22715  -0.77631   1.22715  -0.77631   0.00000  -1.36068   0.00000  -1.36068
  1.55388   0.69253  -0.74159   0.69253  -0.74159   0.00000  -1.36068   0.00000  -1.36068
  1.60401   0.75329  -0.70383   0.75329  -0.70383   0.00000  -1.36068   0.00000  -1.36068
  1.65414   0.48690  -0.67943   0.48690  -0.67943   0.00000  -1.36068   0.00000  -1.36068
  1.70426   0.36540  -0.66111   0.36540  -0.66111   0.00000  -1.36068   0.00000  -1.36068
  1.75439   0.32972  -0.64458   0.32972  -0.64458   0.00000  -1.36068   0.00000  -1.36068
  1.80451   0.34375  -0.62735   0.34375  -0.62735   0.00000  -1.36068   0.00000  -1.36068
  1.85464   0.34212  -0.61020   0.34212  -0.61020   0.00000  -1.36068   0.00000  -1.36068
  1.90476   0.52054  -0.58411   0.52054  -0.58411   0.00000  -1.36068   0.00000  -1.36068
  1.95489   0.45874  -0.56112   0.45874  -0.56112   0.00000  -1.36068   0.00000  -1.36068
  2.00501   0.23094  -0.54954   0.23094  -0.54954   0.00000  -1.36068   0.00000  -1.36068
  2.05514   0.07989  -0.54554   0.07989  -0.54554   0.00000  -1.36068   0.00000  -1.36068
  2.10526   0.05072  -0.54299   0.05072  -0.54299   0.00000  -1.36068   0.00000  -1.36068
  2.15539   0.02710  -0.54164   0.02710  -0.54164   0.00000  -1.36068   0.00000  -1.36068
  2.20551   0.00741  -0.54127   0.00741  -0.54127   0.00000  -1.36068   0.00000  -1.36068
  2.25564   0.00000  -0.54127   0.00000  -0.54127   0.00000  -1.36068   0.00000  -1.36068
  2.30576   0.00000  -0.54127   0.00000  -0.54127   0.00000  -1.36068   0.00000  -1.36068
  2.35589   0.00000  -0.54127   0.00000  -0.54127   0.00000  -1.36068   0.00000  -1.36068
  2.40602   0.00000  -0.54127   0.00000  -0.54127   0.00000  -1.36068   0.00000  -1.36068
  2.45614   0.00000  -0.54127   0.00000  -0.54127   0.00000  -1.36068   0.00000  -1.36068
  2.50627   0.00000  -0.54127   0.00000  -0.54127   0.00000  -1.36068   0.00000  -1.36068
  2.55639   0.00000  -0.54127   0.00000  -0.54127   0.00000  -1.36068   0.00000  -1.36068
  2.60652   0.00000  -0.54127   0.00000  -0.54127   0.24517  -1.34839   0.24517  -1.34839
  2.65664   0.00000  -0.54127   0.00000  -0.54127   0.31842  -1.33243   0.31842  -1.33243
  2.70677   0.00000  -0.54127   0.00000  -0.54127   0.22447  -1.32118   0.22447  -1.32118
  2.75689   0.00000  -0.54127   0.00000  -0.54127   0.29317  -1.30648   0.29317  -1.30648
  2.80702   0.00000  -0.54127   0.00000  -0.54127   0.34434  -1.28922   0.34434  -1.28922
  2.85714   0.00000  -0.54127   0.00000  -0.54127   0.18517  -1.27994   0.18517  -1.27994
  2.90727   0.00000  -0.54127   0.00000  -0.54127   0.23828  -1.26800   0.23828  -1.26800
  2.95739   0.00000  -0.54127   0.00000  -0.54127   0.24877  -1.25553   0.24877  -1.25553
  3.00752   0.00000  -0.54127   0.00000  -0.54127   0.47613  -1.23166   0.47613  -1.23166
  3.05764   0.00000  -0.54127   0.00000  -0.54127   0.34380  -1.21443   0.34380  -1.21443
  3.10777   0.00000  -0.54127   0.00000  -0.54127   0.25491  -1.20165   0.25491  -1.20165
  3.15789   0.00000  -0.54127   0.00000  -0.54127   0.18804  -1.19223   0.18804  -1.19223
  3.20802   0.00000  -0.54127   0.00000  -0.54127   0.27927  -1.17823   0.27927  -1.17823
  3.25815   0.00000  -0.54127   0.00000  -0.54127   0.32962  -1.16171   0.32962  -1.16171
  3.30827   0.00000  -0.54127   0.00000  -0.54127   0.38961  -1.14218   0.38961  -1.14218
  3.35840   0.00000  -0.54127   0.00000  -0.54127   0.49790  -1.11722   0.49790  -1.11722
  3.40852   0.00000  -0.54127   0.00000  -0.54127   0.15885  -1.10926   0.15885  -1.10926
  3.45865   0.00000  -0.54127   0.00000  -0.54127   0.06556  -1.10597   0.06556  -1.10597
  3.50877   0.00000  -0.54127   0.00000  -0.54127   0.20860  -1.09551   0.20860  -1.09551
  3.55890   0.00000  -0.54127   0.00000  -0.54127   0.32413  -1.07927   0.32413  -1.07927
  3.60902   0.00000  -0.54127   0.00000  -0.54127   0.42148  -1.05814   0.42148  -1.05814
  3.65915   0.00000  -0.54127   0.00000  -0.54127   0.69345  -1.02338   0.69345  -1.02338
  3.70927   0.00000  -0.54127   0.00000  -0.54127   0.87777  -0.97938   0.87777  -0.97938
  3.75940   0.00000  -0.54127   0.00000  -0.54127   1.02587  -0.92796   1.02587  -0.92796
  3.80952   0.00000  -0.54127   0.00000  -0.54127   0.77688  -0.88902   0.77688  -0.88902
  3.85965   0.00000  -0.54127   0.00000  -0.54127   1.22962  -0.82738   1.22962  -0.82738
  3.90977   0.00000  -0.54127   0.00000  -0.54127   1.43627  -0.75539   1.43627  -0.75539
  3.95990   0.00000  -0.54127   0.00000  -0.54127   1.12103  -0.69920   1.12103  -0.69920
  4.01003   0.00000  -0.54127   0.00000  -0.54127   1.12857  -0.64263   1.12857  -0.64263
  4.06015   0.00000  -0.54127   0.00000  -0.54127   0.65962  -0.60957   0.65962  -0.60957
  4.11028   0.00000  -0.54127   0.00000  -0.54127   0.62964  -0.57800   0.62964  -0.57800
  4.16040   0.00000  -0.54127   0.00000  -0.54127   0.39042  -0.55843   0.39042  -0.55843
  4.21053   0.00000  -0.54127   0.00000  -0.54127   0.15940  -0.55044   0.15940  -0.55044
  4.26065   0.00000  -0.54127   0.00000  -0.54127   0.18394  -0.54122   0.18394  -0.54122
  4.31078   0.00000  -0.54127   0.00000  -0.54127   0.09997  -0.53621   0.09997  -0.53621
  4.36090   0.00000  -0.54127   0.00000  -0.54127   0.10148  -0.53113   0.10148  -0.53113
  4.41103   0.00000  -0.54127   0.00000  -0.54127   0.08593  -0.52682   0.08593  -0.52682
  4.46115   0.00000  -0.54127   0.00000  -0.54127   0.04514  -0.52456   0.04514  -0.52456
  4.51128   0.00000  -0.54127   0.00000  -0.54127   0.00000  -0.52456   0.00000  -0.52456
  4.56140   0.00000  -0.54127   0.00000  -0.54127   0.00000  -0.52456   0.00000  -0.52456
  4.61153   0.00000  -0.54127   0.00000  -0.54127   0.00000  -0.52456   0.00000  -0.52456
  4.66165   0.00000  -0.54127   0.00000  -0.54127   0.00000  -0.52456   0.00000  -0.52456
  4.71178   0.00000  -0.54127   0.00000  -0.54127   0.00000  -0.52456   0.00000  -0.52456
  4.76190   0.00000  -0.54127   0.00000  -0.54127   0.00000  -0.52456   0.00000  -0.52456
  4.81203   0.00000  -0.54127   0.00000  -0.54127   0.00000  -0.52456   0.00000  -0.52456
  4.86216   0.00000  -0.54127   0.00000  -0.54127   0.00000  -0.52456   0.00000  -0.52456
  4.91228   0.00000  -0.54127   0.00000  -0.54127   0.00000  -0.52456   0.00000  -0.52456
  4.96241   0.00000  -0.54127   0.00000  -0.54127   0.00000  -0.52456   0.00000  -0.52456
  5.01253   0.00000  -0.54127   0.00000  -0.54127   0.00000  -0.52456   0.00000  -0.52456
  5.06266   0.00000  -0.54127   0.00000  -0.54127   0.00000  -0.52456   0.00000  -0.52456
  5.11278   0.00000  -0.54127   0.00000  -0.54127   0.00000  -0.52456   0.00000  -0.52456
  5.16291   0.00000  -0.54127   0.00000  -0.54127   0.00000  -0.52456   0.00000  -0.52456
  5.21303   0.00000  -0.54127   0.00000  -0.54127   0.00000  -0.52456   0.00000  -0.52456
  5.26316   0.00000  -0.54127   0.00000  -0.54127   0.00000  -0.52456   0.00000  -0.52456
  5.31328   0.00000  -0.54127   0.00000  -0.54127   0.00000  -0.52456   0.00000  -0.52456
  5.36341   0.00000  -0.54127   0.00000  -0.54127   0.00000  -0.52456   0.00000  -0.52456
  5.41353   0.00000  -0.54127   0.00000  -0.54127   0.00000  -0.52456   0.00000  -0.52456
  5.46366   0.00000  -0.54127   0.00000  -0.54127   0.00000  -0.52456   0.00000  -0.52456
  5.51378   0.00000  -0.54127   0.00000  -0.54127   0.00000  -0.52456   0.00000  -0.52456
  5.56391   0.00000  -0.54127   0.00000  -0.54127   0.00000  -0.52456   0.00000  -0.52456
  5.61404   0.00000  -0.54127   0.00000  -0.54127   0.00000  -0.52456   0.00000  -0.52456
  5.66416   0.00000  -0.54127   0.00000  -0.54127   0.00000  -0.52456   0.00000  -0.52456
  5.71429   0.00000  -0.54127   0.00000  -0.54127   0.00000  -0.52456   0.00000  -0.52456
  5.76441   0.00000  -0.54127   0.00000  -0.54127   0.00000  -0.52456   0.00000  -0.52456
  5.81454   0.00000  -0.54127   0.00000  -0.54127   0.00000  -0.52456   0.00000  -0.52456
  5.86466   0.00000  -0.54127   0.00000  -0.54127   0.00000  -0.52456   0.00000  -0.52456
  5.91479   0.00000  -0.54127   0.00000  -0.54127   0.00000  -0.52456   0.00000  -0.52456
  5.96491   0.00034  -0.54125   0.00034  -0.54125   0.00000  -0.52456   0.00000  -0.52456
  6.01504   0.00454  -0.54102   0.00454  -0.54102   0.00000  -0.52456   0.00000  -0.52456
  6.06516   0.01281  -0.54038   0.01281  -0.54038   0.00000  -0.52456   0.00000  -0.52456
  6.11529   0.02202  -0.53927   0.02202  -0.53927   0.00000  -0.52456   0.00000  -0.52456
  6.16541   0.02459  -0.53804   0.02459  -0.53804   0.00000  -0.52456   0.00000  -0.52456
  6.21554   0.02348  -0.53687   0.02348  -0.53687   0.00071  -0.52452   0.00071  -0.52452
  6.26566   0.02321  -0.53570   0.02321  -0.53570   0.00619  -0.52421   0.00619  -0.52421
  6.31579   0.02480  -0.53446   0.02480  -0.53446   0.01490  -0.52346   0.01490  -0.52346
  6.36591   0.02778  -0.53307   0.02778  -0.53307   0.02314  -0.52230   0.02314  -0.52230
  6.41604   0.03235  -0.53144   0.03235  -0.53144   0.02349  -0.52113   0.02349  -0.52113
  6.46617   0.03525  -0.52968   0.03525  -0.52968   0.02257  -0.51999   0.02257  -0.51999
  6.51629   0.03175  -0.52809   0.03175  -0.52809   0.02317  -0.51883   0.02317  -0.51883
  6.56642   0.02987  -0.52659   0.02987  -0.52659   0.02524  -0.51757   0.02524  -0.51757
  6.61654   0.03056  -0.52506   0.03056  -0.52506   0.02920  -0.51610   0.02920  -0.51610
  6.66667   0.03096  -0.52350   0.03096  -0.52350   0.03437  -0.51438   0.03437  -0.51438
  6.71679   0.03199  -0.52190   0.03199  -0.52190   0.03239  -0.51276   0.03239  -0.51276
  6.76692   0.03588  -0.52010   0.03588  -0.52010   0.02883  -0.51131   0.02883  -0.51131
  6.81704   0.05050  -0.51757   0.05050  -0.51757   0.02870  -0.50987   0.02870  -0.50987
  6.86717   0.06028  -0.51455   0.06028  -0.51455   0.02893  -0.50842   0.02893  -0.50842
  6.91729   0.05935  -0.51157   0.05935  -0.51157   0.02977  -0.50693   0.02977  -0.50693
  6.96742   0.06745  -0.50819   0.06745  -0.50819   0.03183  -0.50534   0.03183  -0.50534
  7.01754   0.06608  -0.50488   0.06608  -0.50488   0.04363  -0.50315   0.04363  -0.50315
  7.06767   0.06148  -0.50180   0.06148  -0.50180   0.05598  -0.50034   0.05598  -0.50034
  7.11779   0.05232  -0.49918   0.05232  -0.49918   0.05600  -0.49754   0.05600  -0.49754
  7.16792   0.04946  -0.49670   0.04946  -0.49670   0.05105  -0.49498   0.05105  -0.49498
  7.21805   0.04889  -0.49425   0.04889  -0.49425   0.05524  -0.49221   0.05524  -0.49221
  7.26817   0.04555  -0.49196   0.04555  -0.49196   0.06508  -0.48895   0.06508  -0.48895
  7.31830   0.04059  -0.48993   0.04059  -0.48993   0.06296  -0.48579   0.06296  -0.48579
  7.36842   0.03968  -0.48794   0.03968  -0.48794   0.05566  -0.48300   0.05566  -0.48300
  7.41855   0.05017  -0.48543   0.05017  -0.48543   0.05116  -0.48044   0.05116  -0.48044
  7.46867   0.04339  -0.48325   0.04339  -0.48325   0.04776  -0.47804   0.04776  -0.47804
  7.51880   0.04492  -0.48100   0.04492  -0.48100   0.04637  -0.47572   0.04637  -0.47572
  7.56892   0.06461  -0.47776   0.06461  -0.47776   0.04329  -0.47355   0.04329  -0.47355
  7.61905   0.08375  -0.47356   0.08375  -0.47356   0.04633  -0.47123   0.04633  -0.47123
  7.66917   0.06717  -0.47019   0.06717  -0.47019   0.04070  -0.46918   0.04070  -0.46918
  7.71930   0.05422  -0.46748   0.05422  -0.46748   0.04481  -0.46694   0.04481  -0.46694
  7.76942   0.06704  -0.46412   0.06704  -0.46412   0.05264  -0.46430   0.05264  -0.46430
  7.81955   0.08148  -0.46003   0.08148  -0.46003   0.07377  -0.46060   0.07377  -0.46060
  7.86967   0.07966  -0.45604   0.07966  -0.45604   0.08731  -0.45623   0.08731  -0.45623
  7.91980   0.07958  -0.45205   0.07958  -0.45205   0.06053  -0.45319   0.06053  -0.45319
  7.96992   0.08209  -0.44794   0.08209  -0.44794   0.06661  -0.44985   0.06661  -0.44985
  8.02005   0.10005  -0.44292   0.10005  -0.44292   0.08743  -0.44547   0.08743  -0.44547
  8.07018   0.11177  -0.43732   0.11177  -0.43732   0.08111  -0.44140   0.08111  -0.44140
  8.12030   0.11050  -0.43178   0.11050  -0.43178   0.07631  -0.43758   0.07631  -0.43758
  8.17043   0.10827  -0.42635   0.10827  -0.42635   0.09029  -0.43305   0.09029  -0.43305
  8.22055   0.11486  -0.42059   0.11486  -0.42059   0.10621  -0.42773   0.10621  -0.42773
  8.27068   0.11775  -0.41469   0.11775  -0.41469   0.10352  -0.42254   0.10352  -0.42254
  8.32080   0.13155  -0.40810   0.13155  -0.40810   0.09859  -0.41760   0.09859  -0.41760
  8.37093   0.16077  -0.40004   0.16077  -0.40004   0.09506  -0.41283   0.09506  -0.41283
  8.42105   0.14900  -0.39257   0.14900  -0.39257   0.10389  -0.40763   0.10389  -0.40763
  8.47118   0.16064  -0.38452   0.16064  -0.38452   0.12655  -0.40128   0.12655  -0.40128
  8.52130   0.14938  -0.37703   0.14938  -0.37703   0.14387  -0.39407   0.14387  -0.39407
  8.57143   0.09906  -0.37207   0.09906  -0.37207   0.13967  -0.38707   0.13967  -0.38707
  8.62155   0.09970  -0.36707   0.09970  -0.36707   0.17026  -0.37854   0.17026  -0.37854
  8.67168   0.15708  -0.35920   0.15708  -0.35920   0.12990  -0.37203   0.12990  -0.37203
  8.72180   0.11889  -0.35324   0.11889  -0.35324   0.15130  -0.36444   0.15130  -0.36444
  8.77193   0.12401  -0.34702   0.12401  -0.34702   0.11831  -0.35851   0.11831  -0.35851
  8.82206   0.14069  -0.33997   0.14069  -0.33997   0.18437  -0.34927   0.18437  -0.34927
  8.87218   0.11156  -0.33438   0.11156  -0.33438   0.10419  -0.34405   0.10419  -0.34405
  8.92231   0.11715  -0.32850   0.11715  -0.32850   0.13219  -0.33742   0.13219  -0.33742
  8.97243   0.13778  -0.32160   0.13778  -0.32160   0.15780  -0.32951   0.15780  -0.32951
  9.02256   0.11272  -0.31595   0.11272  -0.31595   0.12414  -0.32329   0.12414  -0.32329
  9.07268   0.10444  -0.31071   0.10444  -0.31071   0.10376  -0.31809   0.10376  -0.31809
  9.12281   0.11604  -0.30490   0.11604  -0.30490   0.12897  -0.31162   0.12897  -0.31162
  9.17293   0.07383  -0.30119   0.07383  -0.30119   0.11343  -0.30594   0.11343  -0.30594
  9.22306   0.08453  -0.29696   0.08453  -0.29696   0.09885  -0.30098   0.09885  -0.30098
  9.27318   0.11913  -0.29099   0.11913  -0.29099   0.10631  -0.29565   0.10631  -0.29565
  9.32331   0.11305  -0.28532   0.11305  -0.28532   0.07168  -0.29206   0.07168  -0.29206
  9.37343   0.09619  -0.28050   0.09619  -0.28050   0.08586  -0.28776   0.08586  -0.28776
  9.42356   0.09236  -0.27587   0.09236  -0.27587   0.11656  -0.28191   0.11656  -0.28191
  9.47368   0.10427  -0.27064   0.10427  -0.27064   0.11476  -0.27616   0.11476  -0.27616
  9.52381   0.10781  -0.26524   0.10781  -0.26524   0.10380  -0.27096   0.10380  -0.27096
  9.57393   0.10113  -0.26017   0.10113  -0.26017   0.09186  -0.26636   0.09186  -0.26636
  9.62406   0.09238  -0.25554   0.09238  -0.25554   0.10723  -0.26098   0.10723  -0.26098
  9.67419   0.09867  -0.25059   0.09867  -0.25059   0.10596  -0.25567   0.10596  -0.25567
  9.72431   0.10871  -0.24514   0.10871  -0.24514   0.09828  -0.25074   0.09828  -0.25074
  9.77444   0.09865  -0.24020   0.09865  -0.24020   0.09454  -0.24600   0.09454  -0.24600
  9.82456   0.08803  -0.23579   0.08803  -0.23579   0.11077  -0.24045   0.11077  -0.24045
  9.87469   0.09759  -0.23089   0.09759  -0.23089   0.09826  -0.23553   0.09826  -0.23553
  9.92481   0.11195  -0.22528   0.11195  -0.22528   0.11032  -0.23000   0.11032  -0.23000
  9.97494   0.12178  -0.21918   0.12178  -0.21918   0.08546  -0.22571   0.08546  -0.22571
 10.02506   0.12194  -0.21307   0.12194  -0.21307   0.08738  -0.22133   0.08738  -0.22133