ESCALE ; pCOHP file generated by LOBSTER. Energy is shifted such that the Fermi level lies at 0 eV.
         2          2        401  -5.82964e+00   1.42205e+01   4.19543e+00 
Average
No.1:Mn40->O114(1.9312744364661456)
-10.02506   0.00000  -0.70883   0.00000  -0.70883   0.00000  -0.71223   0.00000  -0.71223
 -9.97494   0.00000  -0.70883   0.00000  -0.70883   0.00000  -0.71223   0.00000  -0.71223
 -9.92481   0.00000  -0.70883   0.00000  -0.70883   0.00000  -0.71223   0.00000  -0.71223
 -9.87469   0.00000  -0.70883   0.00000  -0.70883   0.00000  -0.71223   0.00000  -0.71223
 -9.82456   0.00000  -0.70883   0.00000  -0.70883   0.00000  -0.71223   0.00000  -0.71223
 -9.77444   0.00000  -0.70883   0.00000  -0.70883   0.00000  -0.71223   0.00000  -0.71223
 -9.72431   0.00000  -0.70883   0.00000  -0.70883   0.00000  -0.71223   0.00000  -0.71223
 -9.67419   0.00000  -0.70883   0.00000  -0.70883   0.00000  -0.71223   0.00000  -0.71223
 -9.62406   0.00000  -0.70883   0.00000  -0.70883   0.00000  -0.71223   0.00000  -0.71223
 -9.57393   0.00000  -0.70883   0.00000  -0.70883   0.00000  -0.71223   0.00000  -0.71223
 -9.52381   0.00000  -0.70883   0.00000  -0.70883   0.00000  -0.71223   0.00000  -0.71223
 -9.47368   0.00000  -0.70883   0.00000  -0.70883   0.00000  -0.71223   0.00000  -0.71223
 -9.42356   0.00000  -0.70883   0.00000  -0.70883   0.00000  -0.71223   0.00000  -0.71223
 -9.37343   0.00000  -0.70883   0.00000  -0.70883   0.00000  -0.71223   0.00000  -0.71223
 -9.32331   0.00000  -0.70883   0.00000  -0.70883   0.00000  -0.71223   0.00000  -0.71223
 -9.27318   0.00000  -0.70883   0.00000  -0.70883   0.00000  -0.71223   0.00000  -0.71223
 -9.22306   0.00000  -0.70883   0.00000  -0.70883   0.00000  -0.71223   0.00000  -0.71223
 -9.17293   0.00000  -0.70883   0.00000  -0.70883   0.00000  -0.71223   0.00000  -0.71223
 -9.12281   0.00000  -0.70883   0.00000  -0.70883   0.00000  -0.71223   0.00000  -0.71223
 -9.07268   0.00000  -0.70883   0.00000  -0.70883   0.00000  -0.71223   0.00000  -0.71223
 -9.02256   0.00000  -0.70883   0.00000  -0.70883   0.00000  -0.71223   0.00000  -0.71223
 -8.97243   0.00000  -0.70883   0.00000  -0.70883   0.00000  -0.71223   0.00000  -0.71223
 -8.92231   0.00000  -0.70883   0.00000  -0.70883   0.00000  -0.71223   0.00000  -0.71223
 -8.87218   0.00000  -0.70883   0.00000  -0.70883   0.00000  -0.71223   0.00000  -0.71223
 -8.82206   0.00000  -0.70883   0.00000  -0.70883   0.00000  -0.71223   0.00000  -0.71223
 -8.77193   0.00000  -0.70883   0.00000  -0.70883   0.00000  -0.71223   0.00000  -0.71223
 -8.72180   0.00000  -0.70883   0.00000  -0.70883   0.00000  -0.71223   0.00000  -0.71223
 -8.67168   0.00000  -0.70883   0.00000  -0.70883   0.00000  -0.71223   0.00000  -0.71223
 -8.62155   0.00000  -0.70883   0.00000  -0.70883   0.00000  -0.71223   0.00000  -0.71223
 -8.57143   0.00000  -0.70883   0.00000  -0.70883   0.00000  -0.71223   0.00000  -0.71223
 -8.52130   0.00000  -0.70883   0.00000  -0.70883   0.00000  -0.71223   0.00000  -0.71223
 -8.47118   0.00000  -0.70883   0.00000  -0.70883   0.00000  -0.71223   0.00000  -0.71223
 -8.42105   0.00000  -0.70883   0.00000  -0.70883   0.00000  -0.71223   0.00000  -0.71223
 -8.37093   0.00000  -0.70883   0.00000  -0.70883   0.00000  -0.71223   0.00000  -0.71223
 -8.32080   0.00000  -0.70883   0.00000  -0.70883   0.00000  -0.71223   0.00000  -0.71223
 -8.27068   0.00000  -0.70883   0.00000  -0.70883   0.00000  -0.71223   0.00000  -0.71223
 -8.22055   0.00000  -0.70883   0.00000  -0.70883   0.00000  -0.71223   0.00000  -0.71223
 -8.17043   0.00000  -0.70883   0.00000  -0.70883   0.00000  -0.71223   0.00000  -0.71223
 -8.12030   0.00000  -0.70883   0.00000  -0.70883   0.00000  -0.71223   0.00000  -0.71223
 -8.07018   0.00000  -0.70883   0.00000  -0.70883   0.00000  -0.71223   0.00000  -0.71223
 -8.02005   0.00000  -0.70883   0.00000  -0.70883   0.00000  -0.71223   0.00000  -0.71223
 -7.96992   0.00000  -0.70883   0.00000  -0.70883   0.00000  -0.71223   0.00000  -0.71223
 -7.91980   0.00000  -0.70883   0.00000  -0.70883   0.00000  -0.71223   0.00000  -0.71223
 -7.86967   0.00000  -0.70883   0.00000  -0.70883   0.00000  -0.71223   0.00000  -0.71223
 -7.81955   0.00000  -0.70883   0.00000  -0.70883   0.00000  -0.71223   0.00000  -0.71223
 -7.76942   0.00000  -0.70883   0.00000  -0.70883   0.00000  -0.71223   0.00000  -0.71223
 -7.71930   0.00000  -0.70883   0.00000  -0.70883   0.00000  -0.71223   0.00000  -0.71223
 -7.66917   0.00000  -0.70883   0.00000  -0.70883   0.00000  -0.71223   0.00000  -0.71223
 -7.61905   0.00000  -0.70883   0.00000  -0.70883   0.00000  -0.71223   0.00000  -0.71223
 -7.56892   0.00000  -0.70883   0.00000  -0.70883   0.00000  -0.71223   0.00000  -0.71223
 -7.51880   0.00000  -0.70883   0.00000  -0.70883   0.00000  -0.71223   0.00000  -0.71223
 -7.46867   0.00000  -0.70883   0.00000  -0.70883   0.00000  -0.71223   0.00000  -0.71223
 -7.41855   0.00000  -0.70883   0.00000  -0.70883   0.00000  -0.71223   0.00000  -0.71223
 -7.36842   0.00000  -0.70883   0.00000  -0.70883   0.00000  -0.71223   0.00000  -0.71223
 -7.31830   0.00000  -0.70883   0.00000  -0.70883   0.00000  -0.71223   0.00000  -0.71223
 -7.26817   0.00000  -0.70883   0.00000  -0.70883   0.00000  -0.71223   0.00000  -0.71223
 -7.21805   0.00000  -0.70883   0.00000  -0.70883   0.00000  -0.71223   0.00000  -0.71223
 -7.16792   0.00000  -0.70883   0.00000  -0.70883   0.00000  -0.71223   0.00000  -0.71223
 -7.11779   0.00000  -0.70883   0.00000  -0.70883   0.00000  -0.71223   0.00000  -0.71223
 -7.06767  -0.04249  -0.71096  -0.04249  -0.71096   0.00000  -0.71223   0.00000  -0.71223
 -7.01754  -0.19072  -0.72052  -0.19072  -0.72052   0.00000  -0.71223   0.00000  -0.71223
 -6.96742  -0.06158  -0.72360  -0.06158  -0.72360   0.00000  -0.71223   0.00000  -0.71223
 -6.91729  -0.09467  -0.72835  -0.09467  -0.72835   0.00000  -0.71223   0.00000  -0.71223
 -6.86717  -0.08714  -0.73272  -0.08714  -0.73272   0.00000  -0.71223   0.00000  -0.71223
 -6.81704  -0.05202  -0.73533  -0.05202  -0.73533   0.00000  -0.71223   0.00000  -0.71223
 -6.76692  -0.03498  -0.73708  -0.03498  -0.73708   0.00000  -0.71223   0.00000  -0.71223
 -6.71679  -0.04446  -0.73931  -0.04446  -0.73931   0.00000  -0.71223   0.00000  -0.71223
 -6.66667  -0.12983  -0.74582  -0.12983  -0.74582   0.00000  -0.71223   0.00000  -0.71223
 -6.61654  -0.10988  -0.75132  -0.10988  -0.75132   0.00000  -0.71223   0.00000  -0.71223
 -6.56642  -0.10414  -0.75654  -0.10414  -0.75654   0.00000  -0.71223   0.00000  -0.71223
 -6.51629  -0.07090  -0.76010  -0.07090  -0.76010   0.00000  -0.71223   0.00000  -0.71223
 -6.46617  -0.11895  -0.76606  -0.11895  -0.76606   0.00000  -0.71223   0.00000  -0.71223
 -6.41604  -0.22877  -0.77753  -0.22877  -0.77753   0.00000  -0.71223   0.00000  -0.71223
 -6.36591  -0.18154  -0.78663  -0.18154  -0.78663   0.00000  -0.71223   0.00000  -0.71223
 -6.31579  -0.26443  -0.79988  -0.26443  -0.79988   0.00000  -0.71223   0.00000  -0.71223
 -6.26566  -0.12915  -0.80635  -0.12915  -0.80635   0.00000  -0.71223   0.00000  -0.71223
 -6.21554  -0.08122  -0.81043  -0.08122  -0.81043   0.00000  -0.71223   0.00000  -0.71223
 -6.16541  -0.19172  -0.82003  -0.19172  -0.82003   0.00000  -0.71223   0.00000  -0.71223
 -6.11529  -0.10055  -0.82508  -0.10055  -0.82508   0.00000  -0.71223   0.00000  -0.71223
 -6.06516  -0.14845  -0.83252  -0.14845  -0.83252   0.00000  -0.71223   0.00000  -0.71223
 -6.01504  -0.14081  -0.83957  -0.14081  -0.83957   0.00000  -0.71223   0.00000  -0.71223
 -5.96491  -0.10537  -0.84486  -0.10537  -0.84486   0.00000  -0.71223   0.00000  -0.71223
 -5.91479  -0.18284  -0.85402  -0.18284  -0.85402   0.00000  -0.71223   0.00000  -0.71223
 -5.86466  -0.12226  -0.86015  -0.12226  -0.86015   0.00000  -0.71223   0.00000  -0.71223
 -5.81454  -0.13012  -0.86667  -0.13012  -0.86667   0.00000  -0.71223   0.00000  -0.71223
 -5.76441  -0.17623  -0.87551  -0.17623  -0.87551   0.00000  -0.71223   0.00000  -0.71223
 -5.71429  -0.24539  -0.88781  -0.24539  -0.88781  -0.00111  -0.71229  -0.00111  -0.71229
 -5.66416  -0.33763  -0.90473  -0.33763  -0.90473  -0.03200  -0.71389  -0.03200  -0.71389
 -5.61404  -0.46968  -0.92827  -0.46968  -0.92827  -0.03411  -0.71560  -0.03411  -0.71560
 -5.56391  -0.32056  -0.94434  -0.32056  -0.94434  -0.04962  -0.71809  -0.04962  -0.71809
 -5.51378  -0.52263  -0.97054  -0.52263  -0.97054  -0.03983  -0.72009  -0.03983  -0.72009
 -5.46366  -0.47691  -0.99444  -0.47691  -0.99444  -0.07017  -0.72360  -0.07017  -0.72360
 -5.41353  -0.34624  -1.01180  -0.34624  -1.01180  -0.07041  -0.72713  -0.07041  -0.72713
 -5.36341  -0.18134  -1.02089  -0.18134  -1.02089  -0.05778  -0.73003  -0.05778  -0.73003
 -5.31328  -0.27979  -1.03491  -0.27979  -1.03491  -0.06114  -0.73309  -0.06114  -0.73309
 -5.26316  -0.36591  -1.05325  -0.36591  -1.05325  -0.06519  -0.73636  -0.06519  -0.73636
 -5.21303  -0.35179  -1.07089  -0.35179  -1.07089  -0.06293  -0.73952  -0.06293  -0.73952
 -5.16291  -0.34698  -1.08828  -0.34698  -1.08828  -0.07816  -0.74343  -0.07816  -0.74343
 -5.11278  -0.30756  -1.10370  -0.30756  -1.10370  -0.07324  -0.74711  -0.07324  -0.74711
 -5.06266  -0.28565  -1.11801  -0.28565  -1.11801  -0.07690  -0.75096  -0.07690  -0.75096
 -5.01253  -0.22976  -1.12953  -0.22976  -1.12953  -0.06597  -0.75427  -0.06597  -0.75427
 -4.96241  -0.20826  -1.13997  -0.20826  -1.13997  -0.10047  -0.75930  -0.10047  -0.75930
 -4.91228  -0.19703  -1.14985  -0.19703  -1.14985  -0.09235  -0.76393  -0.09235  -0.76393
 -4.86216  -0.30126  -1.16495  -0.30126  -1.16495  -0.10815  -0.76935  -0.10815  -0.76935
 -4.81203  -0.29643  -1.17981  -0.29643  -1.17981  -0.13516  -0.77613  -0.13516  -0.77613
 -4.76190  -0.28585  -1.19413  -0.28585  -1.19413  -0.11192  -0.78174  -0.11192  -0.78174
 -4.71178  -0.20291  -1.20430  -0.20291  -1.20430  -0.12505  -0.78801  -0.12505  -0.78801
 -4.66165  -0.18539  -1.21360  -0.18539  -1.21360  -0.13171  -0.79461  -0.13171  -0.79461
 -4.61153  -0.21075  -1.22416  -0.21075  -1.22416  -0.19013  -0.80414  -0.19013  -0.80414
 -4.56140  -0.32308  -1.24035  -0.32308  -1.24035  -0.17529  -0.81292  -0.17529  -0.81292
 -4.51128  -0.33393  -1.25709  -0.33393  -1.25709  -0.16608  -0.82125  -0.16608  -0.82125
 -4.46115  -0.38388  -1.27634  -0.38388  -1.27634  -0.13238  -0.82789  -0.13238  -0.82789
 -4.41103  -0.45357  -1.29907  -0.45357  -1.29907  -0.12994  -0.83440  -0.12994  -0.83440
 -4.36090  -0.50736  -1.32450  -0.50736  -1.32450  -0.13466  -0.84115  -0.13466  -0.84115
 -4.31078  -0.63147  -1.35615  -0.63147  -1.35615  -0.12366  -0.84735  -0.12366  -0.84735
 -4.26065  -0.66394  -1.38943  -0.66394  -1.38943  -0.07170  -0.85094  -0.07170  -0.85094
 -4.21053  -0.51804  -1.41540  -0.51804  -1.41540  -0.08652  -0.85528  -0.08652  -0.85528
 -4.16040  -0.25798  -1.42833  -0.25798  -1.42833  -0.09154  -0.85987  -0.09154  -0.85987
 -4.11028  -0.19948  -1.43833  -0.19948  -1.43833  -0.09510  -0.86463  -0.09510  -0.86463
 -4.06015  -0.12036  -1.44436  -0.12036  -1.44436  -0.13386  -0.87134  -0.13386  -0.87134
 -4.01003  -0.04467  -1.44660  -0.04467  -1.44660  -0.16202  -0.87946  -0.16202  -0.87946
 -3.95990  -0.01564  -1.44739  -0.01564  -1.44739  -0.17298  -0.88813  -0.17298  -0.88813
 -3.90977  -0.10632  -1.45272  -0.10632  -1.45272  -0.23620  -0.89997  -0.23620  -0.89997
 -3.85965  -0.09556  -1.45751  -0.09556  -1.45751  -0.22348  -0.91118  -0.22348  -0.91118
 -3.80952  -0.05773  -1.46040  -0.05773  -1.46040  -0.30076  -0.92625  -0.30076  -0.92625
 -3.75940  -0.03145  -1.46198  -0.03145  -1.46198  -0.26772  -0.93967  -0.26772  -0.93967
 -3.70927  -0.04768  -1.46437  -0.04768  -1.46437  -0.26290  -0.95285  -0.26290  -0.95285
 -3.65915  -0.06531  -1.46764  -0.06531  -1.46764  -0.26519  -0.96614  -0.26519  -0.96614
 -3.60902  -0.09532  -1.47242  -0.09532  -1.47242  -0.25780  -0.97906  -0.25780  -0.97906
 -3.55890  -0.16855  -1.48087  -0.16855  -1.48087  -0.20612  -0.98940  -0.20612  -0.98940
 -3.50877  -0.15805  -1.48879  -0.15805  -1.48879  -0.27971  -1.00342  -0.27971  -1.00342
 -3.45865  -0.13710  -1.49566  -0.13710  -1.49566  -0.44878  -1.02591  -0.44878  -1.02591
 -3.40852  -0.26154  -1.50877  -0.26154  -1.50877  -0.56846  -1.05441  -0.56846  -1.05441
 -3.35840  -0.16087  -1.51684  -0.16087  -1.51684  -0.61073  -1.08502  -0.61073  -1.08502
 -3.30827  -0.12689  -1.52320  -0.12689  -1.52320  -0.35637  -1.10288  -0.35637  -1.10288
 -3.25815  -0.03308  -1.52485  -0.03308  -1.52485  -0.49153  -1.12752  -0.49153  -1.12752
 -3.20802  -0.07130  -1.52843  -0.07130  -1.52843  -0.46707  -1.15093  -0.46707  -1.15093
 -3.15789  -0.08666  -1.53277  -0.08666  -1.53277  -0.43772  -1.17287  -0.43772  -1.17287
 -3.10777  -0.05725  -1.53564  -0.05725  -1.53564  -0.47203  -1.19653  -0.47203  -1.19653
 -3.05764   0.00754  -1.53526   0.00754  -1.53526  -0.42085  -1.21763  -0.42085  -1.21763
 -3.00752   0.05524  -1.53249   0.05524  -1.53249  -0.33749  -1.23455  -0.33749  -1.23455
 -2.95739   0.05961  -1.52951   0.05961  -1.52951  -0.29935  -1.24955  -0.29935  -1.24955
 -2.90727   0.04503  -1.52725   0.04503  -1.52725  -0.27981  -1.26358  -0.27981  -1.26358
 -2.85714   0.08532  -1.52297   0.08532  -1.52297  -0.36654  -1.28195  -0.36654  -1.28195
 -2.80702   0.13185  -1.51636   0.13185  -1.51636  -0.29361  -1.29667  -0.29361  -1.29667
 -2.75689   0.09509  -1.51160   0.09509  -1.51160  -0.23178  -1.30829  -0.23178  -1.30829
 -2.70677   0.06098  -1.50854   0.06098  -1.50854  -0.16830  -1.31672  -0.16830  -1.31672
 -2.65664   0.03631  -1.50672   0.03631  -1.50672  -0.16188  -1.32484  -0.16188  -1.32484
 -2.60652   0.04237  -1.50460   0.04237  -1.50460  -0.26100  -1.33792  -0.26100  -1.33792
 -2.55639   0.05001  -1.50209   0.05001  -1.50209  -0.26473  -1.35119  -0.26473  -1.35119
 -2.50627   0.05147  -1.49951   0.05147  -1.49951  -0.27143  -1.36479  -0.27143  -1.36479
 -2.45614   0.05964  -1.49652   0.05964  -1.49652  -0.21617  -1.37563  -0.21617  -1.37563
 -2.40602   0.06223  -1.49340   0.06223  -1.49340  -0.20989  -1.38615  -0.20989  -1.38615
 -2.35589   0.08476  -1.48915   0.08476  -1.48915  -0.17202  -1.39477  -0.17202  -1.39477
 -2.30576   0.11241  -1.48352   0.11241  -1.48352  -0.16086  -1.40284  -0.16086  -1.40284
 -2.25564   0.07828  -1.47959   0.07828  -1.47959  -0.13627  -1.40967  -0.13627  -1.40967
 -2.20551   0.06568  -1.47630   0.06568  -1.47630  -0.11193  -1.41528  -0.11193  -1.41528
 -2.15539   0.13212  -1.46968   0.13212  -1.46968  -0.09698  -1.42014  -0.09698  -1.42014
 -2.10526   0.11890  -1.46372   0.11890  -1.46372  -0.10595  -1.42545  -0.10595  -1.42545
 -2.05514   0.15857  -1.45577   0.15857  -1.45577  -0.11906  -1.43142  -0.11906  -1.43142
 -2.00501   0.17217  -1.44714   0.17217  -1.44714  -0.10860  -1.43686  -0.10860  -1.43686
 -1.95489   0.19052  -1.43759   0.19052  -1.43759  -0.10925  -1.44234  -0.10925  -1.44234
 -1.90476   0.21196  -1.42697   0.21196  -1.42697  -0.12009  -1.44836  -0.12009  -1.44836
 -1.85464   0.22032  -1.41592   0.22032  -1.41592  -0.09720  -1.45323  -0.09720  -1.45323
 -1.80451   0.17861  -1.40697   0.17861  -1.40697  -0.08385  -1.45743  -0.08385  -1.45743
 -1.75439   0.17810  -1.39804   0.17810  -1.39804  -0.14043  -1.46447  -0.14043  -1.46447
 -1.70426   0.20657  -1.38769   0.20657  -1.38769  -0.11727  -1.47035  -0.11727  -1.47035
 -1.65414   0.21624  -1.37685   0.21624  -1.37685  -0.06705  -1.47371  -0.06705  -1.47371
 -1.60401   0.21666  -1.36599   0.21666  -1.36599  -0.04834  -1.47613  -0.04834  -1.47613
 -1.55388   0.13259  -1.35934   0.13259  -1.35934  -0.06978  -1.47963  -0.06978  -1.47963
 -1.50376   0.10066  -1.35430   0.10066  -1.35430  -0.06758  -1.48302  -0.06758  -1.48302
 -1.45363   0.09903  -1.34933   0.09903  -1.34933  -0.05870  -1.48596  -0.05870  -1.48596
 -1.40351   0.11825  -1.34341   0.11825  -1.34341  -0.03229  -1.48758  -0.03229  -1.48758
 -1.35338   0.12668  -1.33706   0.12668  -1.33706   0.00031  -1.48756   0.00031  -1.48756
 -1.30326   0.08873  -1.33261   0.08873  -1.33261   0.00680  -1.48722   0.00680  -1.48722
 -1.25313   0.08262  -1.32847   0.08262  -1.32847   0.02516  -1.48596   0.02516  -1.48596
 -1.20301   0.11788  -1.32256   0.11788  -1.32256   0.02433  -1.48474   0.02433  -1.48474
 -1.15288   0.08257  -1.31842   0.08257  -1.31842   0.02834  -1.48332   0.02834  -1.48332
 -1.10276   0.07854  -1.31448   0.07854  -1.31448   0.03084  -1.48178   0.03084  -1.48178
 -1.05263   0.08471  -1.31024   0.08471  -1.31024   0.02956  -1.48029   0.02956  -1.48029
 -1.00251   0.05499  -1.30748   0.05499  -1.30748  -0.04054  -1.48233  -0.04054  -1.48233
 -0.95238   0.06635  -1.30415   0.06635  -1.30415  -0.20279  -1.49249  -0.20279  -1.49249
 -0.90226   0.08463  -1.29991   0.08463  -1.29991  -0.08209  -1.49661  -0.08209  -1.49661
 -0.85213   0.11925  -1.29393   0.11925  -1.29393  -0.18111  -1.50568  -0.18111  -1.50568
 -0.80201   0.22318  -1.28275   0.22318  -1.28275  -0.18256  -1.51484  -0.18256  -1.51484
 -0.75188   0.57020  -1.25417   0.57020  -1.25417  -0.04756  -1.51722  -0.04756  -1.51722
 -0.70175   0.35465  -1.23639   0.35465  -1.23639  -0.18601  -1.52654  -0.18601  -1.52654
 -0.65163   0.20422  -1.22615   0.20422  -1.22615  -0.11892  -1.53250  -0.11892  -1.53250
 -0.60150   0.12276  -1.22000   0.12276  -1.22000   0.00000  -1.53250   0.00000  -1.53250
 -0.55138   0.03008  -1.21849   0.03008  -1.21849   0.00000  -1.53250   0.00000  -1.53250
 -0.50125   0.03039  -1.21697   0.03039  -1.21697   0.00000  -1.53250   0.00000  -1.53250
 -0.45113   0.04232  -1.21485   0.04232  -1.21485   0.00000  -1.53250   0.00000  -1.53250
 -0.40100   0.03997  -1.21284   0.03997  -1.21284   0.00000  -1.53250   0.00000  -1.53250
 -0.35088   0.70064  -1.17772   0.70064  -1.17772   0.00000  -1.53250   0.00000  -1.53250
 -0.30075   0.24001  -1.16569   0.24001  -1.16569   0.00000  -1.53250   0.00000  -1.53250
 -0.25063   0.01760  -1.16481   0.01760  -1.16481   0.00000  -1.53250   0.00000  -1.53250
 -0.20050   0.00161  -1.16473   0.00161  -1.16473   0.00000  -1.53250   0.00000  -1.53250
 -0.15038   0.00006  -1.16473   0.00006  -1.16473   0.00000  -1.53250   0.00000  -1.53250
 -0.10025   0.00039  -1.16471   0.00039  -1.16471   0.00000  -1.53250   0.00000  -1.53250
 -0.05013   0.00106  -1.16465   0.00106  -1.16465   0.00000  -1.53250   0.00000  -1.53250
  0.00000   0.00144  -1.16458   0.00144  -1.16458   0.00000  -1.53250   0.00000  -1.53250
  0.05013   0.00000  -1.16458   0.00000  -1.16458   0.00000  -1.53250   0.00000  -1.53250
  0.10025   0.00000  -1.16458   0.00000  -1.16458   0.00000  -1.53250   0.00000  -1.53250
  0.15038   0.00000  -1.16458   0.00000  -1.16458   0.00000  -1.53250   0.00000  -1.53250
  0.20050   0.00000  -1.16458   0.00000  -1.16458   0.00000  -1.53250   0.00000  -1.53250
  0.25063   0.00000  -1.16458   0.00000  -1.16458   0.00000  -1.53250   0.00000  -1.53250
  0.30075   0.00000  -1.16458   0.00000  -1.16458   0.00000  -1.53250   0.00000  -1.53250
  0.35088   0.00000  -1.16458   0.00000  -1.16458   0.00000  -1.53250   0.00000  -1.53250
  0.40100   0.00000  -1.16458   0.00000  -1.16458   0.00000  -1.53250   0.00000  -1.53250
  0.45113   0.00000  -1.16458   0.00000  -1.16458   0.00000  -1.53250   0.00000  -1.53250
  0.50125   0.00000  -1.16458   0.00000  -1.16458   0.00000  -1.53250   0.00000  -1.53250
  0.55138   0.00000  -1.16458   0.00000  -1.16458   0.00000  -1.53250   0.00000  -1.53250
  0.60150   0.00000  -1.16458   0.00000  -1.16458   0.00000  -1.53250   0.00000  -1.53250
  0.65163   0.00000  -1.16458   0.00000  -1.16458   0.00000  -1.53250   0.00000  -1.53250
  0.70175   0.00000  -1.16458   0.00000  -1.16458   0.00000  -1.53250   0.00000  -1.53250
  0.75188   0.00000  -1.16458   0.00000  -1.16458   0.00000  -1.53250   0.00000  -1.53250
  0.80201   0.00000  -1.16458   0.00000  -1.16458   0.00000  -1.53250   0.00000  -1.53250
  0.85213   0.00000  -1.16458   0.00000  -1.16458   0.00000  -1.53250   0.00000  -1.53250
  0.90226   0.00000  -1.16458   0.00000  -1.16458   0.00000  -1.53250   0.00000  -1.53250
  0.95238   0.00000  -1.16458   0.00000  -1.16458   0.00000  -1.53250   0.00000  -1.53250
  1.00251   0.02914  -1.16312   0.02914  -1.16312   0.00000  -1.53250   0.00000  -1.53250
  1.05263   0.03778  -1.16123   0.03778  -1.16123   0.00000  -1.53250   0.00000  -1.53250
  1.10276   0.06251  -1.15809   0.06251  -1.15809   0.00000  -1.53250   0.00000  -1.53250
  1.15288   0.06329  -1.15492   0.06329  -1.15492   0.00000  -1.53250   0.00000  -1.53250
  1.20301   0.06619  -1.15160   0.06619  -1.15160   0.00000  -1.53250   0.00000  -1.53250
  1.25313   0.06577  -1.14831   0.06577  -1.14831   0.00000  -1.53250   0.00000  -1.53250
  1.30326   0.09612  -1.14349   0.09612  -1.14349   0.00000  -1.53250   0.00000  -1.53250
  1.35338   0.13524  -1.13671   0.13524  -1.13671   0.00000  -1.53250   0.00000  -1.53250
  1.40351   0.12666  -1.13036   0.12666  -1.13036   0.00000  -1.53250   0.00000  -1.53250
  1.45363   0.13316  -1.12369   0.13316  -1.12369   0.00000  -1.53250   0.00000  -1.53250
  1.50376   0.14243  -1.11655   0.14243  -1.11655   0.00000  -1.53250   0.00000  -1.53250
  1.55388   0.12028  -1.11052   0.12028  -1.11052   0.00000  -1.53250   0.00000  -1.53250
  1.60401   0.16031  -1.10248   0.16031  -1.10248   0.00000  -1.53250   0.00000  -1.53250
  1.65414   0.21453  -1.09173   0.21453  -1.09173   0.00000  -1.53250   0.00000  -1.53250
  1.70426   0.20337  -1.08153   0.20337  -1.08153   0.00000  -1.53250   0.00000  -1.53250
  1.75439   0.21188  -1.07091   0.21188  -1.07091   0.00000  -1.53250   0.00000  -1.53250
  1.80451   0.48541  -1.04658   0.48541  -1.04658   0.00000  -1.53250   0.00000  -1.53250
  1.85464   0.72215  -1.01038   0.72215  -1.01038   0.00000  -1.53250   0.00000  -1.53250
  1.90476   1.50366  -0.93501   1.50366  -0.93501   0.00000  -1.53250   0.00000  -1.53250
  1.95489   1.97121  -0.83621   1.97121  -0.83621   0.00000  -1.53250   0.00000  -1.53250
  2.00501   1.55735  -0.75814   1.55735  -0.75814   0.00000  -1.53250   0.00000  -1.53250
  2.05514   2.34538  -0.64058   2.34538  -0.64058   0.00000  -1.53250   0.00000  -1.53250
  2.10526   1.27672  -0.57658   1.27672  -0.57658   0.00000  -1.53250   0.00000  -1.53250
  2.15539   0.02475  -0.57534   0.02475  -0.57534   0.00000  -1.53250   0.00000  -1.53250
  2.20551   0.00268  -0.57521   0.00268  -0.57521   0.00000  -1.53250   0.00000  -1.53250
  2.25564   0.00000  -0.57521   0.00000  -0.57521   0.00000  -1.53250   0.00000  -1.53250
  2.30576   0.00000  -0.57521   0.00000  -0.57521   0.00000  -1.53250   0.00000  -1.53250
  2.35589   0.00000  -0.57521   0.00000  -0.57521   0.00000  -1.53250   0.00000  -1.53250
  2.40602   0.00000  -0.57521   0.00000  -0.57521   0.00000  -1.53250   0.00000  -1.53250
  2.45614   0.00000  -0.57521   0.00000  -0.57521   0.00000  -1.53250   0.00000  -1.53250
  2.50627   0.00000  -0.57521   0.00000  -0.57521   0.00000  -1.53250   0.00000  -1.53250
  2.55639   0.00000  -0.57521   0.00000  -0.57521   0.00000  -1.53250   0.00000  -1.53250
  2.60652   0.00000  -0.57521   0.00000  -0.57521   0.10507  -1.52724   0.10507  -1.52724
  2.65664   0.00000  -0.57521   0.00000  -0.57521   0.11736  -1.52135   0.11736  -1.52135
  2.70677   0.00000  -0.57521   0.00000  -0.57521   0.08050  -1.51732   0.08050  -1.51732
  2.75689   0.00000  -0.57521   0.00000  -0.57521   0.12070  -1.51127   0.12070  -1.51127
  2.80702   0.00000  -0.57521   0.00000  -0.57521   0.19002  -1.50174   0.19002  -1.50174
  2.85714   0.00000  -0.57521   0.00000  -0.57521   0.08421  -1.49752   0.08421  -1.49752
  2.90727   0.00000  -0.57521   0.00000  -0.57521   0.04656  -1.49519   0.04656  -1.49519
  2.95739   0.00000  -0.57521   0.00000  -0.57521   0.04721  -1.49282   0.04721  -1.49282
  3.00752   0.00000  -0.57521   0.00000  -0.57521   0.09434  -1.48809   0.09434  -1.48809
  3.05764   0.00000  -0.57521   0.00000  -0.57521   0.14732  -1.48071   0.14732  -1.48071
  3.10777   0.00000  -0.57521   0.00000  -0.57521   0.13032  -1.47418   0.13032  -1.47418
  3.15789   0.00000  -0.57521   0.00000  -0.57521   0.09081  -1.46963   0.09081  -1.46963
  3.20802   0.00000  -0.57521   0.00000  -0.57521   0.15960  -1.46163   0.15960  -1.46163
  3.25815   0.00000  -0.57521   0.00000  -0.57521   0.40903  -1.44112   0.40903  -1.44112
  3.30827   0.00000  -0.57521   0.00000  -0.57521   1.22115  -1.37991   1.22115  -1.37991
  3.35840   0.00000  -0.57521   0.00000  -0.57521   0.78986  -1.34032   0.78986  -1.34032
  3.40852   0.00000  -0.57521   0.00000  -0.57521   0.30757  -1.32490   0.30757  -1.32490
  3.45865   0.00000  -0.57521   0.00000  -0.57521   0.90484  -1.27955   0.90484  -1.27955
  3.50877   0.00000  -0.57521   0.00000  -0.57521   1.12728  -1.22304   1.12728  -1.22304
  3.55890   0.00000  -0.57521   0.00000  -0.57521   0.08726  -1.21867   0.08726  -1.21867
  3.60902   0.00000  -0.57521   0.00000  -0.57521   0.18176  -1.20956   0.18176  -1.20956
  3.65915   0.00000  -0.57521   0.00000  -0.57521   0.24678  -1.19719   0.24678  -1.19719
  3.70927   0.00000  -0.57521   0.00000  -0.57521   0.20841  -1.18674   0.20841  -1.18674
  3.75940   0.00000  -0.57521   0.00000  -0.57521   0.17826  -1.17781   0.17826  -1.17781
  3.80952   0.00000  -0.57521   0.00000  -0.57521   0.19483  -1.16804   0.19483  -1.16804
  3.85965   0.00000  -0.57521   0.00000  -0.57521   0.19541  -1.15825   0.19541  -1.15825
  3.90977   0.00000  -0.57521   0.00000  -0.57521   0.20462  -1.14799   0.20462  -1.14799
  3.95990   0.00000  -0.57521   0.00000  -0.57521   0.28502  -1.13370   0.28502  -1.13370
  4.01003   0.00000  -0.57521   0.00000  -0.57521   0.26179  -1.12058   0.26179  -1.12058
  4.06015   0.00000  -0.57521   0.00000  -0.57521   0.59439  -1.09079   0.59439  -1.09079
  4.11028   0.00000  -0.57521   0.00000  -0.57521   0.45720  -1.06787   0.45720  -1.06787
  4.16040   0.00000  -0.57521   0.00000  -0.57521   0.27330  -1.05417   0.27330  -1.05417
  4.21053   0.00000  -0.57521   0.00000  -0.57521   1.96268  -0.95579   1.96268  -0.95579
  4.26065   0.00000  -0.57521   0.00000  -0.57521   3.52799  -0.77895   3.52799  -0.77895
  4.31078   0.00000  -0.57521   0.00000  -0.57521   2.77071  -0.64007   2.77071  -0.64007
  4.36090   0.00000  -0.57521   0.00000  -0.57521   1.20663  -0.57958   1.20663  -0.57958
  4.41103   0.00000  -0.57521   0.00000  -0.57521   0.02023  -0.57857   0.02023  -0.57857
  4.46115   0.00000  -0.57521   0.00000  -0.57521   0.00634  -0.57825   0.00634  -0.57825
  4.51128   0.00000  -0.57521   0.00000  -0.57521   0.00000  -0.57825   0.00000  -0.57825
  4.56140   0.00000  -0.57521   0.00000  -0.57521   0.00000  -0.57825   0.00000  -0.57825
  4.61153   0.00000  -0.57521   0.00000  -0.57521   0.00000  -0.57825   0.00000  -0.57825
  4.66165   0.00000  -0.57521   0.00000  -0.57521   0.00000  -0.57825   0.00000  -0.57825
  4.71178   0.00000  -0.57521   0.00000  -0.57521   0.00000  -0.57825   0.00000  -0.57825
  4.76190   0.00000  -0.57521   0.00000  -0.57521   0.00000  -0.57825   0.00000  -0.57825
  4.81203   0.00000  -0.57521   0.00000  -0.57521   0.00000  -0.57825   0.00000  -0.57825
  4.86216   0.00000  -0.57521   0.00000  -0.57521   0.00000  -0.57825   0.00000  -0.57825
  4.91228   0.00000  -0.57521   0.00000  -0.57521   0.00000  -0.57825   0.00000  -0.57825
  4.96241   0.00000  -0.57521   0.00000  -0.57521   0.00000  -0.57825   0.00000  -0.57825
  5.01253   0.00000  -0.57521   0.00000  -0.57521   0.00000  -0.57825   0.00000  -0.57825
  5.06266   0.00000  -0.57521   0.00000  -0.57521   0.00000  -0.57825   0.00000  -0.57825
  5.11278   0.00000  -0.57521   0.00000  -0.57521   0.00000  -0.57825   0.00000  -0.57825
  5.16291   0.00000  -0.57521   0.00000  -0.57521   0.00000  -0.57825   0.00000  -0.57825
  5.21303   0.00000  -0.57521   0.00000  -0.57521   0.00000  -0.57825   0.00000  -0.57825
  5.26316   0.00000  -0.57521   0.00000  -0.57521   0.00000  -0.57825   0.00000  -0.57825
  5.31328   0.00000  -0.57521   0.00000  -0.57521   0.00000  -0.57825   0.00000  -0.57825
  5.36341   0.00000  -0.57521   0.00000  -0.57521   0.00000  -0.57825   0.00000  -0.57825
  5.41353   0.00000  -0.57521   0.00000  -0.57521   0.00000  -0.57825   0.00000  -0.57825
  5.46366   0.00000  -0.57521   0.00000  -0.57521   0.00000  -0.57825   0.00000  -0.57825
  5.51378   0.00000  -0.57521   0.00000  -0.57521   0.00000  -0.57825   0.00000  -0.57825
  5.56391   0.00000  -0.57521   0.00000  -0.57521   0.00000  -0.57825   0.00000  -0.57825
  5.61404   0.00000  -0.57521   0.00000  -0.57521   0.00000  -0.57825   0.00000  -0.57825
  5.66416   0.00000  -0.57521   0.00000  -0.57521   0.00000  -0.57825   0.00000  -0.57825
  5.71429   0.00000  -0.57521   0.00000  -0.57521   0.00000  -0.57825   0.00000  -0.57825
  5.76441   0.00000  -0.57521   0.00000  -0.57521   0.00000  -0.57825   0.00000  -0.57825
  5.81454   0.00000  -0.57521   0.00000  -0.57521   0.00000  -0.57825   0.00000  -0.57825
  5.86466   0.00000  -0.57521   0.00000  -0.57521   0.00000  -0.57825   0.00000  -0.57825
  5.91479   0.00000  -0.57521   0.00000  -0.57521   0.00000  -0.57825   0.00000  -0.57825
  5.96491   0.00018  -0.57520   0.00018  -0.57520   0.00000  -0.57825   0.00000  -0.57825
  6.01504   0.00247  -0.57508   0.00247  -0.57508   0.00000  -0.57825   0.00000  -0.57825
  6.06516   0.00696  -0.57473   0.00696  -0.57473   0.00000  -0.57825   0.00000  -0.57825
  6.11529   0.01196  -0.57413   0.01196  -0.57413   0.00000  -0.57825   0.00000  -0.57825
  6.16541   0.01388  -0.57343   0.01388  -0.57343   0.00000  -0.57825   0.00000  -0.57825
  6.21554   0.01371  -0.57274   0.01371  -0.57274   0.00039  -0.57823   0.00039  -0.57823
  6.26566   0.01465  -0.57201   0.01465  -0.57201   0.00343  -0.57806   0.00343  -0.57806
  6.31579   0.01819  -0.57110   0.01819  -0.57110   0.00823  -0.57765   0.00823  -0.57765
  6.36591   0.02441  -0.56987   0.02441  -0.56987   0.01296  -0.57700   0.01296  -0.57700
  6.41604   0.03550  -0.56809   0.03550  -0.56809   0.01395  -0.57630   0.01395  -0.57630
  6.46617   0.05026  -0.56558   0.05026  -0.56558   0.01403  -0.57559   0.01403  -0.57559
  6.51629   0.04601  -0.56327   0.04601  -0.56327   0.01623  -0.57478   0.01623  -0.57478
  6.56642   0.04220  -0.56115   0.04220  -0.56115   0.02105  -0.57373   0.02105  -0.57373
  6.61654   0.04086  -0.55911   0.04086  -0.55911   0.02925  -0.57226   0.02925  -0.57226
  6.66667   0.03929  -0.55714   0.03929  -0.55714   0.04617  -0.56995   0.04617  -0.56995
  6.71679   0.03835  -0.55521   0.03835  -0.55521   0.04776  -0.56755   0.04776  -0.56755
  6.76692   0.04078  -0.55317   0.04078  -0.55317   0.04199  -0.56545   0.04199  -0.56545
  6.81704   0.05360  -0.55048   0.05360  -0.55048   0.04044  -0.56342   0.04044  -0.56342
  6.86717   0.05959  -0.54750   0.05959  -0.54750   0.03862  -0.56148   0.03862  -0.56148
  6.91729   0.05871  -0.54455   0.05871  -0.54455   0.03735  -0.55961   0.03735  -0.55961
  6.96742   0.06511  -0.54129   0.06511  -0.54129   0.03768  -0.55772   0.03768  -0.55772
  7.01754   0.06830  -0.53787   0.06830  -0.53787   0.04821  -0.55531   0.04821  -0.55531
  7.06767   0.06912  -0.53440   0.06912  -0.53440   0.05662  -0.55247   0.05662  -0.55247
  7.11779   0.06549  -0.53112   0.06549  -0.53112   0.05566  -0.54968   0.05566  -0.54968
  7.16792   0.06386  -0.52792   0.06386  -0.52792   0.05501  -0.54692   0.05501  -0.54692
  7.21805   0.06874  -0.52447   0.06874  -0.52447   0.06074  -0.54388   0.06074  -0.54388
  7.26817   0.07662  -0.52063   0.07662  -0.52063   0.06965  -0.54039   0.06965  -0.54039
  7.31830   0.07214  -0.51701   0.07214  -0.51701   0.06982  -0.53689   0.06982  -0.53689
  7.36842   0.06136  -0.51394   0.06136  -0.51394   0.06621  -0.53357   0.06621  -0.53357
  7.41855   0.05757  -0.51105   0.05757  -0.51105   0.06259  -0.53043   0.06259  -0.53043
  7.46867   0.04598  -0.50875   0.04598  -0.50875   0.06532  -0.52716   0.06532  -0.52716
  7.51880   0.03879  -0.50680   0.03879  -0.50680   0.08008  -0.52314   0.08008  -0.52314
  7.56892   0.04770  -0.50441   0.04770  -0.50441   0.07597  -0.51933   0.07597  -0.51933
  7.61905   0.06951  -0.50093   0.06951  -0.50093   0.06988  -0.51583   0.06988  -0.51583
  7.66917   0.05778  -0.49803   0.05778  -0.49803   0.05899  -0.51287   0.05899  -0.51287
  7.71930   0.03408  -0.49632   0.03408  -0.49632   0.04742  -0.51050   0.04742  -0.51050
  7.76942   0.03602  -0.49452   0.03602  -0.49452   0.04354  -0.50831   0.04354  -0.50831
  7.81955   0.04053  -0.49249   0.04053  -0.49249   0.05371  -0.50562   0.05371  -0.50562
  7.86967   0.04331  -0.49032   0.04331  -0.49032   0.08186  -0.50152   0.08186  -0.50152
  7.91980   0.04724  -0.48795   0.04724  -0.48795   0.04307  -0.49936   0.04307  -0.49936
  7.96992   0.04867  -0.48551   0.04867  -0.48551   0.03579  -0.49757   0.03579  -0.49757
  8.02005   0.05878  -0.48256   0.05878  -0.48256   0.04975  -0.49507   0.04975  -0.49507
  8.07018   0.08152  -0.47848   0.08152  -0.47848   0.05178  -0.49248   0.05178  -0.49248
  8.12030   0.09515  -0.47371   0.09515  -0.47371   0.05353  -0.48979   0.05353  -0.48979
  8.17043   0.11645  -0.46787   0.11645  -0.46787   0.05952  -0.48681   0.05952  -0.48681
  8.22055   0.14413  -0.46065   0.14413  -0.46065   0.07374  -0.48311   0.07374  -0.48311
  8.27068   0.14449  -0.45340   0.14449  -0.45340   0.09140  -0.47853   0.09140  -0.47853
  8.32080   0.16103  -0.44533   0.16103  -0.44533   0.11469  -0.47278   0.11469  -0.47278
  8.37093   0.15720  -0.43745   0.15720  -0.43745   0.14791  -0.46537   0.14791  -0.46537
  8.42105   0.14479  -0.43019   0.14479  -0.43019   0.14766  -0.45797   0.14766  -0.45797
  8.47118   0.14325  -0.42301   0.14325  -0.42301   0.13816  -0.45104   0.13816  -0.45104
  8.52130   0.13948  -0.41602   0.13948  -0.41602   0.14971  -0.44354   0.14971  -0.44354
  8.57143   0.11877  -0.41007   0.11877  -0.41007   0.13262  -0.43689   0.13262  -0.43689
  8.62155   0.12574  -0.40377   0.12574  -0.40377   0.13704  -0.43002   0.13704  -0.43002
  8.67168   0.13247  -0.39713   0.13247  -0.39713   0.12440  -0.42379   0.12440  -0.42379
  8.72180   0.13124  -0.39055   0.13124  -0.39055   0.14202  -0.41667   0.14202  -0.41667
  8.77193   0.14911  -0.38307   0.14911  -0.38307   0.13739  -0.40978   0.13739  -0.40978
  8.82206   0.21661  -0.37222   0.21661  -0.37222   0.14276  -0.40262   0.14276  -0.40262
  8.87218   0.18049  -0.36317   0.18049  -0.36317   0.12874  -0.39617   0.12874  -0.39617
  8.92231   0.12379  -0.35696   0.12379  -0.35696   0.15401  -0.38845   0.15401  -0.38845
  8.97243   0.12398  -0.35075   0.12398  -0.35075   0.21561  -0.37764   0.21561  -0.37764
  9.02256   0.09078  -0.34620   0.09078  -0.34620   0.16813  -0.36922   0.16813  -0.36922
  9.07268   0.09276  -0.34155   0.09276  -0.34155   0.14589  -0.36190   0.14589  -0.36190
  9.12281   0.13211  -0.33493   0.13211  -0.33493   0.16426  -0.35367   0.16426  -0.35367
  9.17293   0.10045  -0.32989   0.10045  -0.32989   0.10789  -0.34826   0.10789  -0.34826
  9.22306   0.08085  -0.32584   0.08085  -0.32584   0.09174  -0.34366   0.09174  -0.34366
  9.27318   0.09357  -0.32115   0.09357  -0.32115   0.12358  -0.33747   0.12358  -0.33747
  9.32331   0.09591  -0.31634   0.09591  -0.31634   0.09893  -0.33251   0.09893  -0.33251
  9.37343   0.10621  -0.31102   0.10621  -0.31102   0.09291  -0.32785   0.09291  -0.32785
  9.42356   0.10727  -0.30564   0.10727  -0.30564   0.10299  -0.32269   0.10299  -0.32269
  9.47368   0.11837  -0.29971   0.11837  -0.29971   0.10406  -0.31748   0.10406  -0.31748
  9.52381   0.17658  -0.29086   0.17658  -0.29086   0.11502  -0.31171   0.11502  -0.31171
  9.57393   0.19911  -0.28088   0.19911  -0.28088   0.11137  -0.30613   0.11137  -0.30613
  9.62406   0.20156  -0.27077   0.20156  -0.27077   0.12897  -0.29966   0.12897  -0.29966
  9.67419   0.13112  -0.26420   0.13112  -0.26420   0.17287  -0.29100   0.17287  -0.29100
  9.72431   0.13071  -0.25765   0.13071  -0.25765   0.20905  -0.28052   0.20905  -0.28052
  9.77444   0.12096  -0.25158   0.12096  -0.25158   0.18157  -0.27142   0.18157  -0.27142
  9.82456   0.13055  -0.24504   0.13055  -0.24504   0.13824  -0.26449   0.13824  -0.26449
  9.87469   0.12366  -0.23884   0.12366  -0.23884   0.12215  -0.25837   0.12215  -0.25837
  9.92481   0.15472  -0.23109   0.15472  -0.23109   0.12007  -0.25235   0.12007  -0.25235
  9.97494   0.14642  -0.22375   0.14642  -0.22375   0.12028  -0.24632   0.12028  -0.24632
 10.02506   0.14463  -0.21650   0.14463  -0.21650   0.13316  -0.23964   0.13316  -0.23964