ESCALE ; pCOHP file generated by LOBSTER. Energy is shifted such that the Fermi level lies at 0 eV.
         2          2        401  -5.82964e+00   1.42205e+01   4.19543e+00 
Average
No.1:Mn40->O104(1.9608104505906581)
-10.02506   0.00000  -0.63425   0.00000  -0.63425   0.00000  -0.62907   0.00000  -0.62907
 -9.97494   0.00000  -0.63425   0.00000  -0.63425   0.00000  -0.62907   0.00000  -0.62907
 -9.92481   0.00000  -0.63425   0.00000  -0.63425   0.00000  -0.62907   0.00000  -0.62907
 -9.87469   0.00000  -0.63425   0.00000  -0.63425   0.00000  -0.62907   0.00000  -0.62907
 -9.82456   0.00000  -0.63425   0.00000  -0.63425   0.00000  -0.62907   0.00000  -0.62907
 -9.77444   0.00000  -0.63425   0.00000  -0.63425   0.00000  -0.62907   0.00000  -0.62907
 -9.72431   0.00000  -0.63425   0.00000  -0.63425   0.00000  -0.62907   0.00000  -0.62907
 -9.67419   0.00000  -0.63425   0.00000  -0.63425   0.00000  -0.62907   0.00000  -0.62907
 -9.62406   0.00000  -0.63425   0.00000  -0.63425   0.00000  -0.62907   0.00000  -0.62907
 -9.57393   0.00000  -0.63425   0.00000  -0.63425   0.00000  -0.62907   0.00000  -0.62907
 -9.52381   0.00000  -0.63425   0.00000  -0.63425   0.00000  -0.62907   0.00000  -0.62907
 -9.47368   0.00000  -0.63425   0.00000  -0.63425   0.00000  -0.62907   0.00000  -0.62907
 -9.42356   0.00000  -0.63425   0.00000  -0.63425   0.00000  -0.62907   0.00000  -0.62907
 -9.37343   0.00000  -0.63425   0.00000  -0.63425   0.00000  -0.62907   0.00000  -0.62907
 -9.32331   0.00000  -0.63425   0.00000  -0.63425   0.00000  -0.62907   0.00000  -0.62907
 -9.27318   0.00000  -0.63425   0.00000  -0.63425   0.00000  -0.62907   0.00000  -0.62907
 -9.22306   0.00000  -0.63425   0.00000  -0.63425   0.00000  -0.62907   0.00000  -0.62907
 -9.17293   0.00000  -0.63425   0.00000  -0.63425   0.00000  -0.62907   0.00000  -0.62907
 -9.12281   0.00000  -0.63425   0.00000  -0.63425   0.00000  -0.62907   0.00000  -0.62907
 -9.07268   0.00000  -0.63425   0.00000  -0.63425   0.00000  -0.62907   0.00000  -0.62907
 -9.02256   0.00000  -0.63425   0.00000  -0.63425   0.00000  -0.62907   0.00000  -0.62907
 -8.97243   0.00000  -0.63425   0.00000  -0.63425   0.00000  -0.62907   0.00000  -0.62907
 -8.92231   0.00000  -0.63425   0.00000  -0.63425   0.00000  -0.62907   0.00000  -0.62907
 -8.87218   0.00000  -0.63425   0.00000  -0.63425   0.00000  -0.62907   0.00000  -0.62907
 -8.82206   0.00000  -0.63425   0.00000  -0.63425   0.00000  -0.62907   0.00000  -0.62907
 -8.77193   0.00000  -0.63425   0.00000  -0.63425   0.00000  -0.62907   0.00000  -0.62907
 -8.72180   0.00000  -0.63425   0.00000  -0.63425   0.00000  -0.62907   0.00000  -0.62907
 -8.67168   0.00000  -0.63425   0.00000  -0.63425   0.00000  -0.62907   0.00000  -0.62907
 -8.62155   0.00000  -0.63425   0.00000  -0.63425   0.00000  -0.62907   0.00000  -0.62907
 -8.57143   0.00000  -0.63425   0.00000  -0.63425   0.00000  -0.62907   0.00000  -0.62907
 -8.52130   0.00000  -0.63425   0.00000  -0.63425   0.00000  -0.62907   0.00000  -0.62907
 -8.47118   0.00000  -0.63425   0.00000  -0.63425   0.00000  -0.62907   0.00000  -0.62907
 -8.42105   0.00000  -0.63425   0.00000  -0.63425   0.00000  -0.62907   0.00000  -0.62907
 -8.37093   0.00000  -0.63425   0.00000  -0.63425   0.00000  -0.62907   0.00000  -0.62907
 -8.32080   0.00000  -0.63425   0.00000  -0.63425   0.00000  -0.62907   0.00000  -0.62907
 -8.27068   0.00000  -0.63425   0.00000  -0.63425   0.00000  -0.62907   0.00000  -0.62907
 -8.22055   0.00000  -0.63425   0.00000  -0.63425   0.00000  -0.62907   0.00000  -0.62907
 -8.17043   0.00000  -0.63425   0.00000  -0.63425   0.00000  -0.62907   0.00000  -0.62907
 -8.12030   0.00000  -0.63425   0.00000  -0.63425   0.00000  -0.62907   0.00000  -0.62907
 -8.07018   0.00000  -0.63425   0.00000  -0.63425   0.00000  -0.62907   0.00000  -0.62907
 -8.02005   0.00000  -0.63425   0.00000  -0.63425   0.00000  -0.62907   0.00000  -0.62907
 -7.96992   0.00000  -0.63425   0.00000  -0.63425   0.00000  -0.62907   0.00000  -0.62907
 -7.91980   0.00000  -0.63425   0.00000  -0.63425   0.00000  -0.62907   0.00000  -0.62907
 -7.86967   0.00000  -0.63425   0.00000  -0.63425   0.00000  -0.62907   0.00000  -0.62907
 -7.81955   0.00000  -0.63425   0.00000  -0.63425   0.00000  -0.62907   0.00000  -0.62907
 -7.76942   0.00000  -0.63425   0.00000  -0.63425   0.00000  -0.62907   0.00000  -0.62907
 -7.71930   0.00000  -0.63425   0.00000  -0.63425   0.00000  -0.62907   0.00000  -0.62907
 -7.66917   0.00000  -0.63425   0.00000  -0.63425   0.00000  -0.62907   0.00000  -0.62907
 -7.61905   0.00000  -0.63425   0.00000  -0.63425   0.00000  -0.62907   0.00000  -0.62907
 -7.56892   0.00000  -0.63425   0.00000  -0.63425   0.00000  -0.62907   0.00000  -0.62907
 -7.51880   0.00000  -0.63425   0.00000  -0.63425   0.00000  -0.62907   0.00000  -0.62907
 -7.46867   0.00000  -0.63425   0.00000  -0.63425   0.00000  -0.62907   0.00000  -0.62907
 -7.41855   0.00000  -0.63425   0.00000  -0.63425   0.00000  -0.62907   0.00000  -0.62907
 -7.36842   0.00000  -0.63425   0.00000  -0.63425   0.00000  -0.62907   0.00000  -0.62907
 -7.31830   0.00000  -0.63425   0.00000  -0.63425   0.00000  -0.62907   0.00000  -0.62907
 -7.26817   0.00000  -0.63425   0.00000  -0.63425   0.00000  -0.62907   0.00000  -0.62907
 -7.21805   0.00000  -0.63425   0.00000  -0.63425   0.00000  -0.62907   0.00000  -0.62907
 -7.16792   0.00000  -0.63425   0.00000  -0.63425   0.00000  -0.62907   0.00000  -0.62907
 -7.11779   0.00000  -0.63425   0.00000  -0.63425   0.00000  -0.62907   0.00000  -0.62907
 -7.06767  -0.01071  -0.63479  -0.01071  -0.63479   0.00000  -0.62907   0.00000  -0.62907
 -7.01754  -0.18591  -0.64411  -0.18591  -0.64411   0.00000  -0.62907   0.00000  -0.62907
 -6.96742  -0.10435  -0.64934  -0.10435  -0.64934   0.00000  -0.62907   0.00000  -0.62907
 -6.91729  -0.15552  -0.65714  -0.15552  -0.65714   0.00000  -0.62907   0.00000  -0.62907
 -6.86717  -0.12266  -0.66328  -0.12266  -0.66328   0.00000  -0.62907   0.00000  -0.62907
 -6.81704  -0.08501  -0.66755  -0.08501  -0.66755   0.00000  -0.62907   0.00000  -0.62907
 -6.76692  -0.11362  -0.67324  -0.11362  -0.67324   0.00000  -0.62907   0.00000  -0.62907
 -6.71679  -0.13468  -0.67999  -0.13468  -0.67999   0.00000  -0.62907   0.00000  -0.62907
 -6.66667  -0.24572  -0.69231  -0.24572  -0.69231   0.00000  -0.62907   0.00000  -0.62907
 -6.61654  -0.23033  -0.70385  -0.23033  -0.70385   0.00000  -0.62907   0.00000  -0.62907
 -6.56642  -0.16946  -0.71235  -0.16946  -0.71235   0.00000  -0.62907   0.00000  -0.62907
 -6.51629  -0.15213  -0.71997  -0.15213  -0.71997   0.00000  -0.62907   0.00000  -0.62907
 -6.46617  -0.15565  -0.72778  -0.15565  -0.72778   0.00000  -0.62907   0.00000  -0.62907
 -6.41604  -0.25525  -0.74057  -0.25525  -0.74057   0.00000  -0.62907   0.00000  -0.62907
 -6.36591  -0.26212  -0.75371  -0.26212  -0.75371   0.00000  -0.62907   0.00000  -0.62907
 -6.31579  -0.21406  -0.76444  -0.21406  -0.76444   0.00000  -0.62907   0.00000  -0.62907
 -6.26566  -0.23990  -0.77646  -0.23990  -0.77646   0.00000  -0.62907   0.00000  -0.62907
 -6.21554  -0.21340  -0.78716  -0.21340  -0.78716   0.00000  -0.62907   0.00000  -0.62907
 -6.16541  -0.24763  -0.79957  -0.24763  -0.79957   0.00000  -0.62907   0.00000  -0.62907
 -6.11529  -0.22057  -0.81063  -0.22057  -0.81063   0.00000  -0.62907   0.00000  -0.62907
 -6.06516  -0.27806  -0.82457  -0.27806  -0.82457   0.00000  -0.62907   0.00000  -0.62907
 -6.01504  -0.26819  -0.83801  -0.26819  -0.83801   0.00000  -0.62907   0.00000  -0.62907
 -5.96491  -0.21878  -0.84898  -0.21878  -0.84898   0.00000  -0.62907   0.00000  -0.62907
 -5.91479  -0.27940  -0.86298  -0.27940  -0.86298   0.00000  -0.62907   0.00000  -0.62907
 -5.86466  -0.25040  -0.87553  -0.25040  -0.87553   0.00000  -0.62907   0.00000  -0.62907
 -5.81454  -0.18756  -0.88493  -0.18756  -0.88493   0.00000  -0.62907   0.00000  -0.62907
 -5.76441  -0.19590  -0.89475  -0.19590  -0.89475   0.00000  -0.62907   0.00000  -0.62907
 -5.71429  -0.24472  -0.90702  -0.24472  -0.90702  -0.00292  -0.62921  -0.00292  -0.62921
 -5.66416  -0.23237  -0.91867  -0.23237  -0.91867  -0.06732  -0.63259  -0.06732  -0.63259
 -5.61404  -0.25472  -0.93144  -0.25472  -0.93144  -0.11725  -0.63846  -0.11725  -0.63846
 -5.56391  -0.26735  -0.94484  -0.26735  -0.94484  -0.24217  -0.65060  -0.24217  -0.65060
 -5.51378  -0.45567  -0.96768  -0.45567  -0.96768  -0.13800  -0.65752  -0.13800  -0.65752
 -5.46366  -0.44137  -0.98980  -0.44137  -0.98980  -0.08856  -0.66196  -0.08856  -0.66196
 -5.41353  -0.36949  -1.00832  -0.36949  -1.00832  -0.08934  -0.66644  -0.08934  -0.66644
 -5.36341  -0.22458  -1.01958  -0.22458  -1.01958  -0.07875  -0.67038  -0.07875  -0.67038
 -5.31328  -0.40129  -1.03969  -0.40129  -1.03969  -0.03950  -0.67236  -0.03950  -0.67236
 -5.26316  -0.61022  -1.07028  -0.61022  -1.07028  -0.05159  -0.67495  -0.05159  -0.67495
 -5.21303  -0.56735  -1.09872  -0.56735  -1.09872  -0.08782  -0.67935  -0.08782  -0.67935
 -5.16291  -0.48127  -1.12284  -0.48127  -1.12284  -0.11769  -0.68525  -0.11769  -0.68525
 -5.11278  -0.51190  -1.14850  -0.51190  -1.14850  -0.14778  -0.69266  -0.14778  -0.69266
 -5.06266  -0.37920  -1.16751  -0.37920  -1.16751  -0.13449  -0.69940  -0.13449  -0.69940
 -5.01253  -0.39112  -1.18712  -0.39112  -1.18712  -0.14612  -0.70672  -0.14612  -0.70672
 -4.96241  -0.29828  -1.20207  -0.29828  -1.20207  -0.24252  -0.71888  -0.24252  -0.71888
 -4.91228  -0.17912  -1.21105  -0.17912  -1.21105  -0.33121  -0.73548  -0.33121  -0.73548
 -4.86216  -0.20142  -1.22114  -0.20142  -1.22114  -0.45172  -0.75812  -0.45172  -0.75812
 -4.81203  -0.14310  -1.22831  -0.14310  -1.22831  -0.39671  -0.77801  -0.39671  -0.77801
 -4.76190  -0.15106  -1.23589  -0.15106  -1.23589  -0.34626  -0.79537  -0.34626  -0.79537
 -4.71178  -0.15579  -1.24370  -0.15579  -1.24370  -0.27261  -0.80903  -0.27261  -0.80903
 -4.66165  -0.12457  -1.24994  -0.12457  -1.24994  -0.23184  -0.82065  -0.23184  -0.82065
 -4.61153  -0.11630  -1.25577  -0.11630  -1.25577  -0.21580  -0.83147  -0.21580  -0.83147
 -4.56140  -0.21589  -1.26659  -0.21589  -1.26659  -0.17109  -0.84004  -0.17109  -0.84004
 -4.51128  -0.22654  -1.27795  -0.22654  -1.27795  -0.15957  -0.84804  -0.15957  -0.84804
 -4.46115  -0.27730  -1.29185  -0.27730  -1.29185  -0.15525  -0.85583  -0.15525  -0.85583
 -4.41103  -0.24415  -1.30408  -0.24415  -1.30408  -0.17074  -0.86438  -0.17074  -0.86438
 -4.36090  -0.17299  -1.31276  -0.17299  -1.31276  -0.13369  -0.87109  -0.13369  -0.87109
 -4.31078  -0.22847  -1.32421  -0.22847  -1.32421  -0.16009  -0.87911  -0.16009  -0.87911
 -4.26065  -0.25221  -1.33685  -0.25221  -1.33685  -0.22136  -0.89021  -0.22136  -0.89021
 -4.21053  -0.25968  -1.34987  -0.25968  -1.34987  -0.32661  -0.90658  -0.32661  -0.90658
 -4.16040  -0.23373  -1.36158  -0.23373  -1.36158  -0.32106  -0.92267  -0.32106  -0.92267
 -4.11028  -0.18574  -1.37089  -0.18574  -1.37089  -0.28359  -0.93688  -0.28359  -0.93688
 -4.06015  -0.21480  -1.38166  -0.21480  -1.38166  -0.31997  -0.95292  -0.31997  -0.95292
 -4.01003  -0.11999  -1.38767  -0.11999  -1.38767  -0.40671  -0.97331  -0.40671  -0.97331
 -3.95990  -0.14024  -1.39470  -0.14024  -1.39470  -0.49475  -0.99811  -0.49475  -0.99811
 -3.90977  -0.16280  -1.40286  -0.16280  -1.40286  -0.46657  -1.02150  -0.46657  -1.02150
 -3.85965  -0.26892  -1.41634  -0.26892  -1.41634  -0.48550  -1.04583  -0.48550  -1.04583
 -3.80952  -0.21077  -1.42691  -0.21077  -1.42691  -0.48945  -1.07037  -0.48945  -1.07037
 -3.75940  -0.16929  -1.43539  -0.16929  -1.43539  -0.30231  -1.08552  -0.30231  -1.08552
 -3.70927  -0.07479  -1.43914  -0.07479  -1.43914  -0.30556  -1.10083  -0.30556  -1.10083
 -3.65915  -0.08790  -1.44355  -0.08790  -1.44355  -0.30129  -1.11594  -0.30129  -1.11594
 -3.60902  -0.02719  -1.44491  -0.02719  -1.44491  -0.24599  -1.12827  -0.24599  -1.12827
 -3.55890   0.06282  -1.44176   0.06282  -1.44176  -0.21424  -1.13901  -0.21424  -1.13901
 -3.50877   0.04469  -1.43952   0.04469  -1.43952  -0.23254  -1.15066  -0.23254  -1.15066
 -3.45865   0.04183  -1.43743   0.04183  -1.43743  -0.17379  -1.15937  -0.17379  -1.15937
 -3.40852   0.02015  -1.43642   0.02015  -1.43642  -0.18571  -1.16868  -0.18571  -1.16868
 -3.35840   0.02221  -1.43530   0.02221  -1.43530  -0.17843  -1.17763  -0.17843  -1.17763
 -3.30827   0.03592  -1.43350   0.03592  -1.43350  -0.14785  -1.18504  -0.14785  -1.18504
 -3.25815   0.07410  -1.42979   0.07410  -1.42979  -0.20328  -1.19523  -0.20328  -1.19523
 -3.20802  -0.00863  -1.43022  -0.00863  -1.43022  -0.17562  -1.20403  -0.17562  -1.20403
 -3.15789  -0.01103  -1.43077  -0.01103  -1.43077  -0.18274  -1.21319  -0.18274  -1.21319
 -3.10777   0.07773  -1.42688   0.07773  -1.42688  -0.17966  -1.22220  -0.17966  -1.22220
 -3.05764   0.08771  -1.42248   0.08771  -1.42248  -0.16589  -1.23051  -0.16589  -1.23051
 -3.00752   0.09709  -1.41761   0.09709  -1.41761  -0.14673  -1.23787  -0.14673  -1.23787
 -2.95739   0.12474  -1.41136   0.12474  -1.41136  -0.16633  -1.24620  -0.16633  -1.24620
 -2.90727   0.14754  -1.40397   0.14754  -1.40397  -0.26321  -1.25940  -0.26321  -1.25940
 -2.85714   0.09058  -1.39943   0.09058  -1.39943  -0.27533  -1.27320  -0.27533  -1.27320
 -2.80702   0.05275  -1.39678   0.05275  -1.39678  -0.27897  -1.28718  -0.27897  -1.28718
 -2.75689   0.06159  -1.39369   0.06159  -1.39369  -0.29424  -1.30193  -0.29424  -1.30193
 -2.70677   0.08155  -1.38961   0.08155  -1.38961  -0.24432  -1.31418  -0.24432  -1.31418
 -2.65664   0.08013  -1.38559   0.08013  -1.38559  -0.19601  -1.32400  -0.19601  -1.32400
 -2.60652   0.08717  -1.38122   0.08717  -1.38122  -0.16251  -1.33215  -0.16251  -1.33215
 -2.55639   0.10417  -1.37600   0.10417  -1.37600  -0.13296  -1.33881  -0.13296  -1.33881
 -2.50627   0.07602  -1.37219   0.07602  -1.37219  -0.07138  -1.34239  -0.07138  -1.34239
 -2.45614   0.09078  -1.36764   0.09078  -1.36764  -0.02832  -1.34381  -0.02832  -1.34381
 -2.40602   0.14963  -1.36014   0.14963  -1.36014  -0.02624  -1.34512  -0.02624  -1.34512
 -2.35589   0.16844  -1.35169   0.16844  -1.35169  -0.03627  -1.34694  -0.03627  -1.34694
 -2.30576   0.14525  -1.34441   0.14525  -1.34441  -0.02128  -1.34801  -0.02128  -1.34801
 -2.25564   0.15248  -1.33677   0.15248  -1.33677  -0.02296  -1.34916  -0.02296  -1.34916
 -2.20551   0.18796  -1.32735   0.18796  -1.32735  -0.01383  -1.34985  -0.01383  -1.34985
 -2.15539   0.14233  -1.32021   0.14233  -1.32021  -0.03500  -1.35161  -0.03500  -1.35161
 -2.10526   0.14976  -1.31271   0.14976  -1.31271  -0.08866  -1.35605  -0.08866  -1.35605
 -2.05514   0.15947  -1.30471   0.15947  -1.30471  -0.05798  -1.35896  -0.05798  -1.35896
 -2.00501   0.12634  -1.29838   0.12634  -1.29838  -0.08497  -1.36322  -0.08497  -1.36322
 -1.95489   0.16282  -1.29022   0.16282  -1.29022  -0.05686  -1.36607  -0.05686  -1.36607
 -1.90476   0.10390  -1.28501   0.10390  -1.28501  -0.07069  -1.36961  -0.07069  -1.36961
 -1.85464   0.12460  -1.27877   0.12460  -1.27877  -0.06130  -1.37268  -0.06130  -1.37268
 -1.80451   0.16353  -1.27057   0.16353  -1.27057  -0.04054  -1.37471  -0.04054  -1.37471
 -1.75439   0.18750  -1.26117   0.18750  -1.26117  -0.03627  -1.37653  -0.03627  -1.37653
 -1.70426   0.19576  -1.25136   0.19576  -1.25136  -0.01903  -1.37749  -0.01903  -1.37749
 -1.65414   0.19233  -1.24172   0.19233  -1.24172   0.01040  -1.37697   0.01040  -1.37697
 -1.60401   0.22214  -1.23058   0.22214  -1.23058  -0.00745  -1.37734  -0.00745  -1.37734
 -1.55388   0.16458  -1.22233   0.16458  -1.22233  -0.00827  -1.37775  -0.00827  -1.37775
 -1.50376   0.18888  -1.21286   0.18888  -1.21286  -0.00834  -1.37817  -0.00834  -1.37817
 -1.45363   0.17932  -1.20388   0.17932  -1.20388  -0.02216  -1.37928  -0.02216  -1.37928
 -1.40351   0.20165  -1.19377   0.20165  -1.19377  -0.00682  -1.37962  -0.00682  -1.37962
 -1.35338   0.21097  -1.18319   0.21097  -1.18319  -0.00685  -1.37997  -0.00685  -1.37997
 -1.30326   0.17015  -1.17466   0.17015  -1.17466  -0.00341  -1.38014  -0.00341  -1.38014
 -1.25313   0.22180  -1.16355   0.22180  -1.16355  -0.00348  -1.38031  -0.00348  -1.38031
 -1.20301   0.24857  -1.15109   0.24857  -1.15109   0.00736  -1.37994   0.00736  -1.37994
 -1.15288   0.27141  -1.13748   0.27141  -1.13748   0.00564  -1.37966   0.00564  -1.37966
 -1.10276   0.29768  -1.12256   0.29768  -1.12256   0.00198  -1.37956   0.00198  -1.37956
 -1.05263   0.33170  -1.10594   0.33170  -1.10594   0.00965  -1.37908   0.00965  -1.37908
 -1.00251   0.11059  -1.10039   0.11059  -1.10039   0.05521  -1.37631   0.05521  -1.37631
 -0.95238   0.07153  -1.09681   0.07153  -1.09681   0.12608  -1.36999   0.12608  -1.36999
 -0.90226   0.10113  -1.09174   0.10113  -1.09174   0.08639  -1.36566   0.08639  -1.36566
 -0.85213   0.09479  -1.08699   0.09479  -1.08699   0.10571  -1.36036   0.10571  -1.36036
 -0.80201  -0.03655  -1.08882  -0.03655  -1.08882   0.10146  -1.35528   0.10146  -1.35528
 -0.75188  -0.19698  -1.09869  -0.19698  -1.09869   0.01914  -1.35432   0.01914  -1.35432
 -0.70175  -0.11142  -1.10428  -0.11142  -1.10428   0.11256  -1.34868   0.11256  -1.34868
 -0.65163  -0.05881  -1.10722  -0.05881  -1.10722   0.07244  -1.34504   0.07244  -1.34504
 -0.60150  -0.03755  -1.10911  -0.03755  -1.10911   0.00000  -1.34504   0.00000  -1.34504
 -0.55138  -0.00992  -1.10960  -0.00992  -1.10960   0.00000  -1.34504   0.00000  -1.34504
 -0.50125  -0.01088  -1.11015  -0.01088  -1.11015   0.00000  -1.34504   0.00000  -1.34504
 -0.45113  -0.01090  -1.11070  -0.01090  -1.11070   0.00000  -1.34504   0.00000  -1.34504
 -0.40100   0.00026  -1.11068   0.00026  -1.11068   0.00000  -1.34504   0.00000  -1.34504
 -0.35088   0.01333  -1.11001   0.01333  -1.11001   0.00000  -1.34504   0.00000  -1.34504
 -0.30075   0.00163  -1.10993   0.00163  -1.10993   0.00000  -1.34504   0.00000  -1.34504
 -0.25063  -0.00082  -1.10997  -0.00082  -1.10997   0.00000  -1.34504   0.00000  -1.34504
 -0.20050  -0.00080  -1.11001  -0.00080  -1.11001   0.00000  -1.34504   0.00000  -1.34504
 -0.15038  -0.00006  -1.11002  -0.00006  -1.11002   0.00000  -1.34504   0.00000  -1.34504
 -0.10025  -0.00075  -1.11005  -0.00075  -1.11005   0.00000  -1.34504   0.00000  -1.34504
 -0.05013  -0.00050  -1.11008  -0.00050  -1.11008   0.00000  -1.34504   0.00000  -1.34504
  0.00000  -0.00113  -1.11014  -0.00113  -1.11014   0.00000  -1.34504   0.00000  -1.34504
  0.05013   0.00000  -1.11014   0.00000  -1.11014   0.00000  -1.34504   0.00000  -1.34504
  0.10025   0.00000  -1.11014   0.00000  -1.11014   0.00000  -1.34504   0.00000  -1.34504
  0.15038   0.00000  -1.11014   0.00000  -1.11014   0.00000  -1.34504   0.00000  -1.34504
  0.20050   0.00000  -1.11014   0.00000  -1.11014   0.00000  -1.34504   0.00000  -1.34504
  0.25063   0.00000  -1.11014   0.00000  -1.11014   0.00000  -1.34504   0.00000  -1.34504
  0.30075   0.00000  -1.11014   0.00000  -1.11014   0.00000  -1.34504   0.00000  -1.34504
  0.35088   0.00000  -1.11014   0.00000  -1.11014   0.00000  -1.34504   0.00000  -1.34504
  0.40100   0.00000  -1.11014   0.00000  -1.11014   0.00000  -1.34504   0.00000  -1.34504
  0.45113   0.00000  -1.11014   0.00000  -1.11014   0.00000  -1.34504   0.00000  -1.34504
  0.50125   0.00000  -1.11014   0.00000  -1.11014   0.00000  -1.34504   0.00000  -1.34504
  0.55138   0.00000  -1.11014   0.00000  -1.11014   0.00000  -1.34504   0.00000  -1.34504
  0.60150   0.00000  -1.11014   0.00000  -1.11014   0.00000  -1.34504   0.00000  -1.34504
  0.65163   0.00000  -1.11014   0.00000  -1.11014   0.00000  -1.34504   0.00000  -1.34504
  0.70175   0.00000  -1.11014   0.00000  -1.11014   0.00000  -1.34504   0.00000  -1.34504
  0.75188   0.00000  -1.11014   0.00000  -1.11014   0.00000  -1.34504   0.00000  -1.34504
  0.80201   0.00000  -1.11014   0.00000  -1.11014   0.00000  -1.34504   0.00000  -1.34504
  0.85213   0.00000  -1.11014   0.00000  -1.11014   0.00000  -1.34504   0.00000  -1.34504
  0.90226   0.00000  -1.11014   0.00000  -1.11014   0.00000  -1.34504   0.00000  -1.34504
  0.95238   0.00000  -1.11014   0.00000  -1.11014   0.00000  -1.34504   0.00000  -1.34504
  1.00251   0.06526  -1.10687   0.06526  -1.10687   0.00000  -1.34504   0.00000  -1.34504
  1.05263   0.09181  -1.10226   0.09181  -1.10226   0.00000  -1.34504   0.00000  -1.34504
  1.10276   0.24899  -1.08978   0.24899  -1.08978   0.00000  -1.34504   0.00000  -1.34504
  1.15288   0.40956  -1.06925   0.40956  -1.06925   0.00000  -1.34504   0.00000  -1.34504
  1.20301   0.30942  -1.05374   0.30942  -1.05374   0.00000  -1.34504   0.00000  -1.34504
  1.25313   0.44860  -1.03126   0.44860  -1.03126   0.00000  -1.34504   0.00000  -1.34504
  1.30326   0.67840  -0.99725   0.67840  -0.99725   0.00000  -1.34504   0.00000  -1.34504
  1.35338   0.77149  -0.95858   0.77149  -0.95858   0.00000  -1.34504   0.00000  -1.34504
  1.40351   0.65667  -0.92567   0.65667  -0.92567   0.00000  -1.34504   0.00000  -1.34504
  1.45363   0.56912  -0.89714   0.56912  -0.89714   0.00000  -1.34504   0.00000  -1.34504
  1.50376   0.65273  -0.86442   0.65273  -0.86442   0.00000  -1.34504   0.00000  -1.34504
  1.55388   0.49564  -0.83957   0.49564  -0.83957   0.00000  -1.34504   0.00000  -1.34504
  1.60401   0.47691  -0.81567   0.47691  -0.81567   0.00000  -1.34504   0.00000  -1.34504
  1.65414   0.46615  -0.79230   0.46615  -0.79230   0.00000  -1.34504   0.00000  -1.34504
  1.70426   0.25943  -0.77930   0.25943  -0.77930   0.00000  -1.34504   0.00000  -1.34504
  1.75439   0.12831  -0.77287   0.12831  -0.77287   0.00000  -1.34504   0.00000  -1.34504
  1.80451   0.22857  -0.76141   0.22857  -0.76141   0.00000  -1.34504   0.00000  -1.34504
  1.85464   0.37384  -0.74267   0.37384  -0.74267   0.00000  -1.34504   0.00000  -1.34504
  1.90476   1.20149  -0.68245   1.20149  -0.68245   0.00000  -1.34504   0.00000  -1.34504
  1.95489   1.19470  -0.62256   1.19470  -0.62256   0.00000  -1.34504   0.00000  -1.34504
  2.00501   0.72597  -0.58617   0.72597  -0.58617   0.00000  -1.34504   0.00000  -1.34504
  2.05514   0.83356  -0.54439   0.83356  -0.54439   0.00000  -1.34504   0.00000  -1.34504
  2.10526   0.39738  -0.52447   0.39738  -0.52447   0.00000  -1.34504   0.00000  -1.34504
  2.15539   0.01047  -0.52395   0.01047  -0.52395   0.00000  -1.34504   0.00000  -1.34504
  2.20551   0.00131  -0.52388   0.00131  -0.52388   0.00000  -1.34504   0.00000  -1.34504
  2.25564   0.00000  -0.52388   0.00000  -0.52388   0.00000  -1.34504   0.00000  -1.34504
  2.30576   0.00000  -0.52388   0.00000  -0.52388   0.00000  -1.34504   0.00000  -1.34504
  2.35589   0.00000  -0.52388   0.00000  -0.52388   0.00000  -1.34504   0.00000  -1.34504
  2.40602   0.00000  -0.52388   0.00000  -0.52388   0.00000  -1.34504   0.00000  -1.34504
  2.45614   0.00000  -0.52388   0.00000  -0.52388   0.00000  -1.34504   0.00000  -1.34504
  2.50627   0.00000  -0.52388   0.00000  -0.52388   0.00000  -1.34504   0.00000  -1.34504
  2.55639   0.00000  -0.52388   0.00000  -0.52388   0.00000  -1.34504   0.00000  -1.34504
  2.60652   0.00000  -0.52388   0.00000  -0.52388   0.10613  -1.33972   0.10613  -1.33972
  2.65664   0.00000  -0.52388   0.00000  -0.52388   0.12775  -1.33332   0.12775  -1.33332
  2.70677   0.00000  -0.52388   0.00000  -0.52388   0.07828  -1.32940   0.07828  -1.32940
  2.75689   0.00000  -0.52388   0.00000  -0.52388   0.05908  -1.32644   0.05908  -1.32644
  2.80702   0.00000  -0.52388   0.00000  -0.52388   0.04793  -1.32403   0.04793  -1.32403
  2.85714   0.00000  -0.52388   0.00000  -0.52388   0.06113  -1.32097   0.06113  -1.32097
  2.90727   0.00000  -0.52388   0.00000  -0.52388   0.05400  -1.31826   0.05400  -1.31826
  2.95739   0.00000  -0.52388   0.00000  -0.52388   0.03132  -1.31669   0.03132  -1.31669
  3.00752   0.00000  -0.52388   0.00000  -0.52388   0.03803  -1.31479   0.03803  -1.31479
  3.05764   0.00000  -0.52388   0.00000  -0.52388   0.01100  -1.31423   0.01100  -1.31423
  3.10777   0.00000  -0.52388   0.00000  -0.52388   0.07846  -1.31030   0.07846  -1.31030
  3.15789   0.00000  -0.52388   0.00000  -0.52388   0.06300  -1.30714   0.06300  -1.30714
  3.20802   0.00000  -0.52388   0.00000  -0.52388   0.02020  -1.30613   0.02020  -1.30613
  3.25815   0.00000  -0.52388   0.00000  -0.52388   0.09108  -1.30157   0.09108  -1.30157
  3.30827   0.00000  -0.52388   0.00000  -0.52388   0.36904  -1.28307   0.36904  -1.28307
  3.35840   0.00000  -0.52388   0.00000  -0.52388   0.31677  -1.26719   0.31677  -1.26719
  3.40852   0.00000  -0.52388   0.00000  -0.52388   0.25719  -1.25430   0.25719  -1.25430
  3.45865   0.00000  -0.52388   0.00000  -0.52388   0.82493  -1.21295   0.82493  -1.21295
  3.50877   0.00000  -0.52388   0.00000  -0.52388   1.06008  -1.15981   1.06008  -1.15981
  3.55890   0.00000  -0.52388   0.00000  -0.52388   0.16423  -1.15158   0.16423  -1.15158
  3.60902   0.00000  -0.52388   0.00000  -0.52388   0.32984  -1.13504   0.32984  -1.13504
  3.65915   0.00000  -0.52388   0.00000  -0.52388   0.67939  -1.10099   0.67939  -1.10099
  3.70927   0.00000  -0.52388   0.00000  -0.52388   1.09232  -1.04624   1.09232  -1.04624
  3.75940   0.00000  -0.52388   0.00000  -0.52388   1.49985  -0.97106   1.49985  -0.97106
  3.80952   0.00000  -0.52388   0.00000  -0.52388   1.14221  -0.91380   1.14221  -0.91380
  3.85965   0.00000  -0.52388   0.00000  -0.52388   0.96478  -0.86544   0.96478  -0.86544
  3.90977   0.00000  -0.52388   0.00000  -0.52388   0.61722  -0.83450   0.61722  -0.83450
  3.95990   0.00000  -0.52388   0.00000  -0.52388   0.57886  -0.80549   0.57886  -0.80549
  4.01003   0.00000  -0.52388   0.00000  -0.52388   0.62484  -0.77417   0.62484  -0.77417
  4.06015   0.00000  -0.52388   0.00000  -0.52388   0.77847  -0.73515   0.77847  -0.73515
  4.11028   0.00000  -0.52388   0.00000  -0.52388   0.51383  -0.70939   0.51383  -0.70939
  4.16040   0.00000  -0.52388   0.00000  -0.52388   0.17328  -0.70071   0.17328  -0.70071
  4.21053   0.00000  -0.52388   0.00000  -0.52388   0.92662  -0.65426   0.92662  -0.65426
  4.26065   0.00000  -0.52388   0.00000  -0.52388   1.61813  -0.57315   1.61813  -0.57315
  4.31078   0.00000  -0.52388   0.00000  -0.52388   0.94894  -0.52558   0.94894  -0.52558
  4.36090   0.00000  -0.52388   0.00000  -0.52388   0.37600  -0.50674   0.37600  -0.50674
  4.41103   0.00000  -0.52388   0.00000  -0.52388   0.01654  -0.50591   0.01654  -0.50591
  4.46115   0.00000  -0.52388   0.00000  -0.52388   0.00363  -0.50573   0.00363  -0.50573
  4.51128   0.00000  -0.52388   0.00000  -0.52388   0.00000  -0.50573   0.00000  -0.50573
  4.56140   0.00000  -0.52388   0.00000  -0.52388   0.00000  -0.50573   0.00000  -0.50573
  4.61153   0.00000  -0.52388   0.00000  -0.52388   0.00000  -0.50573   0.00000  -0.50573
  4.66165   0.00000  -0.52388   0.00000  -0.52388   0.00000  -0.50573   0.00000  -0.50573
  4.71178   0.00000  -0.52388   0.00000  -0.52388   0.00000  -0.50573   0.00000  -0.50573
  4.76190   0.00000  -0.52388   0.00000  -0.52388   0.00000  -0.50573   0.00000  -0.50573
  4.81203   0.00000  -0.52388   0.00000  -0.52388   0.00000  -0.50573   0.00000  -0.50573
  4.86216   0.00000  -0.52388   0.00000  -0.52388   0.00000  -0.50573   0.00000  -0.50573
  4.91228   0.00000  -0.52388   0.00000  -0.52388   0.00000  -0.50573   0.00000  -0.50573
  4.96241   0.00000  -0.52388   0.00000  -0.52388   0.00000  -0.50573   0.00000  -0.50573
  5.01253   0.00000  -0.52388   0.00000  -0.52388   0.00000  -0.50573   0.00000  -0.50573
  5.06266   0.00000  -0.52388   0.00000  -0.52388   0.00000  -0.50573   0.00000  -0.50573
  5.11278   0.00000  -0.52388   0.00000  -0.52388   0.00000  -0.50573   0.00000  -0.50573
  5.16291   0.00000  -0.52388   0.00000  -0.52388   0.00000  -0.50573   0.00000  -0.50573
  5.21303   0.00000  -0.52388   0.00000  -0.52388   0.00000  -0.50573   0.00000  -0.50573
  5.26316   0.00000  -0.52388   0.00000  -0.52388   0.00000  -0.50573   0.00000  -0.50573
  5.31328   0.00000  -0.52388   0.00000  -0.52388   0.00000  -0.50573   0.00000  -0.50573
  5.36341   0.00000  -0.52388   0.00000  -0.52388   0.00000  -0.50573   0.00000  -0.50573
  5.41353   0.00000  -0.52388   0.00000  -0.52388   0.00000  -0.50573   0.00000  -0.50573
  5.46366   0.00000  -0.52388   0.00000  -0.52388   0.00000  -0.50573   0.00000  -0.50573
  5.51378   0.00000  -0.52388   0.00000  -0.52388   0.00000  -0.50573   0.00000  -0.50573
  5.56391   0.00000  -0.52388   0.00000  -0.52388   0.00000  -0.50573   0.00000  -0.50573
  5.61404   0.00000  -0.52388   0.00000  -0.52388   0.00000  -0.50573   0.00000  -0.50573
  5.66416   0.00000  -0.52388   0.00000  -0.52388   0.00000  -0.50573   0.00000  -0.50573
  5.71429   0.00000  -0.52388   0.00000  -0.52388   0.00000  -0.50573   0.00000  -0.50573
  5.76441   0.00000  -0.52388   0.00000  -0.52388   0.00000  -0.50573   0.00000  -0.50573
  5.81454   0.00000  -0.52388   0.00000  -0.52388   0.00000  -0.50573   0.00000  -0.50573
  5.86466   0.00000  -0.52388   0.00000  -0.52388   0.00000  -0.50573   0.00000  -0.50573
  5.91479   0.00000  -0.52388   0.00000  -0.52388   0.00000  -0.50573   0.00000  -0.50573
  5.96491   0.00018  -0.52387   0.00018  -0.52387   0.00000  -0.50573   0.00000  -0.50573
  6.01504   0.00246  -0.52375   0.00246  -0.52375   0.00000  -0.50573   0.00000  -0.50573
  6.06516   0.00693  -0.52340   0.00693  -0.52340   0.00000  -0.50573   0.00000  -0.50573
  6.11529   0.01192  -0.52280   0.01192  -0.52280   0.00000  -0.50573   0.00000  -0.50573
  6.16541   0.01379  -0.52211   0.01379  -0.52211   0.00000  -0.50573   0.00000  -0.50573
  6.21554   0.01364  -0.52143   0.01364  -0.52143   0.00039  -0.50571   0.00039  -0.50571
  6.26566   0.01452  -0.52070   0.01452  -0.52070   0.00339  -0.50554   0.00339  -0.50554
  6.31579   0.01777  -0.51981   0.01777  -0.51981   0.00814  -0.50513   0.00814  -0.50513
  6.36591   0.02346  -0.51864   0.02346  -0.51864   0.01276  -0.50449   0.01276  -0.50449
  6.41604   0.03350  -0.51696   0.03350  -0.51696   0.01356  -0.50381   0.01356  -0.50381
  6.46617   0.04625  -0.51464   0.04625  -0.51464   0.01359  -0.50313   0.01359  -0.50313
  6.51629   0.04152  -0.51256   0.04152  -0.51256   0.01564  -0.50234   0.01564  -0.50234
  6.56642   0.03738  -0.51068   0.03738  -0.51068   0.02015  -0.50133   0.02015  -0.50133
  6.61654   0.03593  -0.50888   0.03593  -0.50888   0.02781  -0.49994   0.02781  -0.49994
  6.66667   0.03455  -0.50715   0.03455  -0.50715   0.04331  -0.49777   0.04331  -0.49777
  6.71679   0.03364  -0.50546   0.03364  -0.50546   0.04387  -0.49557   0.04387  -0.49557
  6.76692   0.03450  -0.50373   0.03450  -0.50373   0.03770  -0.49368   0.03770  -0.49368
  6.81704   0.04047  -0.50171   0.04047  -0.50171   0.03564  -0.49189   0.03564  -0.49189
  6.86717   0.04354  -0.49952   0.04354  -0.49952   0.03394  -0.49019   0.03394  -0.49019
  6.91729   0.04416  -0.49731   0.04416  -0.49731   0.03282  -0.48855   0.03282  -0.48855
  6.96742   0.05221  -0.49469   0.05221  -0.49469   0.03265  -0.48691   0.03265  -0.48691
  7.01754   0.05624  -0.49187   0.05624  -0.49187   0.03748  -0.48503   0.03748  -0.48503
  7.06767   0.05750  -0.48899   0.05750  -0.48899   0.04198  -0.48293   0.04198  -0.48293
  7.11779   0.05460  -0.48625   0.05460  -0.48625   0.04193  -0.48083   0.04193  -0.48083
  7.16792   0.05423  -0.48354   0.05423  -0.48354   0.04389  -0.47863   0.04389  -0.47863
  7.21805   0.05915  -0.48057   0.05915  -0.48057   0.05003  -0.47612   0.05003  -0.47612
  7.26817   0.06524  -0.47730   0.06524  -0.47730   0.05804  -0.47321   0.05804  -0.47321
  7.31830   0.06106  -0.47424   0.06106  -0.47424   0.05828  -0.47029   0.05828  -0.47029
  7.36842   0.05161  -0.47165   0.05161  -0.47165   0.05654  -0.46745   0.05654  -0.46745
  7.41855   0.04719  -0.46929   0.04719  -0.46929   0.05528  -0.46468   0.05528  -0.46468
  7.46867   0.03629  -0.46747   0.03629  -0.46747   0.05731  -0.46181   0.05731  -0.46181
  7.51880   0.03009  -0.46596   0.03009  -0.46596   0.06750  -0.45843   0.06750  -0.45843
  7.56892   0.03552  -0.46418   0.03552  -0.46418   0.06297  -0.45527   0.06297  -0.45527
  7.61905   0.04874  -0.46174   0.04874  -0.46174   0.05626  -0.45245   0.05626  -0.45245
  7.66917   0.04029  -0.45972   0.04029  -0.45972   0.04559  -0.45017   0.04559  -0.45017
  7.71930   0.02620  -0.45840   0.02620  -0.45840   0.03601  -0.44836   0.03601  -0.44836
  7.76942   0.03098  -0.45685   0.03098  -0.45685   0.03194  -0.44676   0.03194  -0.44676
  7.81955   0.03659  -0.45502   0.03659  -0.45502   0.03731  -0.44489   0.03731  -0.44489
  7.86967   0.04146  -0.45294   0.04146  -0.45294   0.05270  -0.44225   0.05270  -0.44225
  7.91980   0.04705  -0.45058   0.04705  -0.45058   0.03171  -0.44066   0.03171  -0.44066
  7.96992   0.04800  -0.44817   0.04800  -0.44817   0.02987  -0.43916   0.02987  -0.43916
  8.02005   0.05575  -0.44538   0.05575  -0.44538   0.04340  -0.43699   0.04340  -0.43699
  8.07018   0.07526  -0.44161   0.07526  -0.44161   0.04685  -0.43464   0.04685  -0.43464
  8.12030   0.08395  -0.43740   0.08395  -0.43740   0.04703  -0.43228   0.04703  -0.43228
  8.17043   0.09917  -0.43243   0.09917  -0.43243   0.05482  -0.42953   0.05482  -0.42953
  8.22055   0.12864  -0.42598   0.12864  -0.42598   0.07722  -0.42566   0.07722  -0.42566
  8.27068   0.12895  -0.41952   0.12895  -0.41952   0.08186  -0.42156   0.08186  -0.42156
  8.32080   0.12961  -0.41302   0.12961  -0.41302   0.09380  -0.41686   0.09380  -0.41686
  8.37093   0.13381  -0.40631   0.13381  -0.40631   0.12323  -0.41068   0.12323  -0.41068
  8.42105   0.13873  -0.39936   0.13873  -0.39936   0.12780  -0.40427   0.12780  -0.40427
  8.47118   0.11998  -0.39334   0.11998  -0.39334   0.10320  -0.39910   0.10320  -0.39910
  8.52130   0.11896  -0.38738   0.11896  -0.38738   0.11367  -0.39340   0.11367  -0.39340
  8.57143   0.11183  -0.38178   0.11183  -0.38178   0.11281  -0.38775   0.11281  -0.38775
  8.62155   0.12868  -0.37533   0.12868  -0.37533   0.11205  -0.38213   0.11205  -0.38213
  8.67168   0.12313  -0.36915   0.12313  -0.36915   0.09708  -0.37726   0.09708  -0.37726
  8.72180   0.12637  -0.36282   0.12637  -0.36282   0.12558  -0.37097   0.12558  -0.37097
  8.77193   0.15565  -0.35502   0.15565  -0.35502   0.12369  -0.36477   0.12369  -0.36477
  8.82206   0.19896  -0.34505   0.19896  -0.34505   0.11272  -0.35912   0.11272  -0.35912
  8.87218   0.14602  -0.33773   0.14602  -0.33773   0.10476  -0.35387   0.10476  -0.35387
  8.92231   0.08840  -0.33329   0.08840  -0.33329   0.14990  -0.34635   0.14990  -0.34635
  8.97243   0.08930  -0.32882   0.08930  -0.32882   0.19730  -0.33646   0.19730  -0.33646
  9.02256   0.07480  -0.32507   0.07480  -0.32507   0.12902  -0.33000   0.12902  -0.33000
  9.07268   0.08268  -0.32093   0.08268  -0.32093   0.09635  -0.32517   0.09635  -0.32517
  9.12281   0.10521  -0.31565   0.10521  -0.31565   0.10632  -0.31984   0.10632  -0.31984
  9.17293   0.07644  -0.31182   0.07644  -0.31182   0.07884  -0.31589   0.07884  -0.31589
  9.22306   0.06509  -0.30856   0.06509  -0.30856   0.06946  -0.31240   0.06946  -0.31240
  9.27318   0.08267  -0.30441   0.08267  -0.30441   0.08930  -0.30793   0.08930  -0.30793
  9.32331   0.08188  -0.30031   0.08188  -0.30031   0.07458  -0.30419   0.07458  -0.30419
  9.37343   0.10032  -0.29528   0.10032  -0.29528   0.08124  -0.30012   0.08124  -0.30012
  9.42356   0.10867  -0.28983   0.10867  -0.28983   0.09487  -0.29536   0.09487  -0.29536
  9.47368   0.11506  -0.28407   0.11506  -0.28407   0.09464  -0.29062   0.09464  -0.29062
  9.52381   0.17227  -0.27543   0.17227  -0.27543   0.09731  -0.28574   0.09731  -0.28574
  9.57393   0.18518  -0.26615   0.18518  -0.26615   0.08748  -0.28136   0.08748  -0.28136
  9.62406   0.17818  -0.25722   0.17818  -0.25722   0.10737  -0.27597   0.10737  -0.27597
  9.67419   0.12677  -0.25086   0.12677  -0.25086   0.14536  -0.26869   0.14536  -0.26869
  9.72431   0.14864  -0.24341   0.14864  -0.24341   0.18067  -0.25963   0.18067  -0.25963
  9.77444   0.13121  -0.23684   0.13121  -0.23684   0.14748  -0.25224   0.14748  -0.25224
  9.82456   0.12873  -0.23038   0.12873  -0.23038   0.12973  -0.24574   0.12973  -0.24574
  9.87469   0.12262  -0.22424   0.12262  -0.22424   0.12240  -0.23960   0.12240  -0.23960
  9.92481   0.13702  -0.21737   0.13702  -0.21737   0.11815  -0.23368   0.11815  -0.23368
  9.97494   0.15211  -0.20974   0.15211  -0.20974   0.11698  -0.22782   0.11698  -0.22782
 10.02506   0.16073  -0.20169   0.16073  -0.20169   0.12715  -0.22144   0.12715  -0.22144