ESCALE ; pCOHP file generated by LOBSTER. Energy is shifted such that the Fermi level lies at 0 eV.
         2          2        401  -5.82964e+00   1.42205e+01   4.19543e+00 
Average
No.1:Mn40->O94(1.9586178324974413)
-10.02506   0.00000  -0.66133   0.00000  -0.66133   0.00000  -0.65837   0.00000  -0.65837
 -9.97494   0.00000  -0.66133   0.00000  -0.66133   0.00000  -0.65837   0.00000  -0.65837
 -9.92481   0.00000  -0.66133   0.00000  -0.66133   0.00000  -0.65837   0.00000  -0.65837
 -9.87469   0.00000  -0.66133   0.00000  -0.66133   0.00000  -0.65837   0.00000  -0.65837
 -9.82456   0.00000  -0.66133   0.00000  -0.66133   0.00000  -0.65837   0.00000  -0.65837
 -9.77444   0.00000  -0.66133   0.00000  -0.66133   0.00000  -0.65837   0.00000  -0.65837
 -9.72431   0.00000  -0.66133   0.00000  -0.66133   0.00000  -0.65837   0.00000  -0.65837
 -9.67419   0.00000  -0.66133   0.00000  -0.66133   0.00000  -0.65837   0.00000  -0.65837
 -9.62406   0.00000  -0.66133   0.00000  -0.66133   0.00000  -0.65837   0.00000  -0.65837
 -9.57393   0.00000  -0.66133   0.00000  -0.66133   0.00000  -0.65837   0.00000  -0.65837
 -9.52381   0.00000  -0.66133   0.00000  -0.66133   0.00000  -0.65837   0.00000  -0.65837
 -9.47368   0.00000  -0.66133   0.00000  -0.66133   0.00000  -0.65837   0.00000  -0.65837
 -9.42356   0.00000  -0.66133   0.00000  -0.66133   0.00000  -0.65837   0.00000  -0.65837
 -9.37343   0.00000  -0.66133   0.00000  -0.66133   0.00000  -0.65837   0.00000  -0.65837
 -9.32331   0.00000  -0.66133   0.00000  -0.66133   0.00000  -0.65837   0.00000  -0.65837
 -9.27318   0.00000  -0.66133   0.00000  -0.66133   0.00000  -0.65837   0.00000  -0.65837
 -9.22306   0.00000  -0.66133   0.00000  -0.66133   0.00000  -0.65837   0.00000  -0.65837
 -9.17293   0.00000  -0.66133   0.00000  -0.66133   0.00000  -0.65837   0.00000  -0.65837
 -9.12281   0.00000  -0.66133   0.00000  -0.66133   0.00000  -0.65837   0.00000  -0.65837
 -9.07268   0.00000  -0.66133   0.00000  -0.66133   0.00000  -0.65837   0.00000  -0.65837
 -9.02256   0.00000  -0.66133   0.00000  -0.66133   0.00000  -0.65837   0.00000  -0.65837
 -8.97243   0.00000  -0.66133   0.00000  -0.66133   0.00000  -0.65837   0.00000  -0.65837
 -8.92231   0.00000  -0.66133   0.00000  -0.66133   0.00000  -0.65837   0.00000  -0.65837
 -8.87218   0.00000  -0.66133   0.00000  -0.66133   0.00000  -0.65837   0.00000  -0.65837
 -8.82206   0.00000  -0.66133   0.00000  -0.66133   0.00000  -0.65837   0.00000  -0.65837
 -8.77193   0.00000  -0.66133   0.00000  -0.66133   0.00000  -0.65837   0.00000  -0.65837
 -8.72180   0.00000  -0.66133   0.00000  -0.66133   0.00000  -0.65837   0.00000  -0.65837
 -8.67168   0.00000  -0.66133   0.00000  -0.66133   0.00000  -0.65837   0.00000  -0.65837
 -8.62155   0.00000  -0.66133   0.00000  -0.66133   0.00000  -0.65837   0.00000  -0.65837
 -8.57143   0.00000  -0.66133   0.00000  -0.66133   0.00000  -0.65837   0.00000  -0.65837
 -8.52130   0.00000  -0.66133   0.00000  -0.66133   0.00000  -0.65837   0.00000  -0.65837
 -8.47118   0.00000  -0.66133   0.00000  -0.66133   0.00000  -0.65837   0.00000  -0.65837
 -8.42105   0.00000  -0.66133   0.00000  -0.66133   0.00000  -0.65837   0.00000  -0.65837
 -8.37093   0.00000  -0.66133   0.00000  -0.66133   0.00000  -0.65837   0.00000  -0.65837
 -8.32080   0.00000  -0.66133   0.00000  -0.66133   0.00000  -0.65837   0.00000  -0.65837
 -8.27068   0.00000  -0.66133   0.00000  -0.66133   0.00000  -0.65837   0.00000  -0.65837
 -8.22055   0.00000  -0.66133   0.00000  -0.66133   0.00000  -0.65837   0.00000  -0.65837
 -8.17043   0.00000  -0.66133   0.00000  -0.66133   0.00000  -0.65837   0.00000  -0.65837
 -8.12030   0.00000  -0.66133   0.00000  -0.66133   0.00000  -0.65837   0.00000  -0.65837
 -8.07018   0.00000  -0.66133   0.00000  -0.66133   0.00000  -0.65837   0.00000  -0.65837
 -8.02005   0.00000  -0.66133   0.00000  -0.66133   0.00000  -0.65837   0.00000  -0.65837
 -7.96992   0.00000  -0.66133   0.00000  -0.66133   0.00000  -0.65837   0.00000  -0.65837
 -7.91980   0.00000  -0.66133   0.00000  -0.66133   0.00000  -0.65837   0.00000  -0.65837
 -7.86967   0.00000  -0.66133   0.00000  -0.66133   0.00000  -0.65837   0.00000  -0.65837
 -7.81955   0.00000  -0.66133   0.00000  -0.66133   0.00000  -0.65837   0.00000  -0.65837
 -7.76942   0.00000  -0.66133   0.00000  -0.66133   0.00000  -0.65837   0.00000  -0.65837
 -7.71930   0.00000  -0.66133   0.00000  -0.66133   0.00000  -0.65837   0.00000  -0.65837
 -7.66917   0.00000  -0.66133   0.00000  -0.66133   0.00000  -0.65837   0.00000  -0.65837
 -7.61905   0.00000  -0.66133   0.00000  -0.66133   0.00000  -0.65837   0.00000  -0.65837
 -7.56892   0.00000  -0.66133   0.00000  -0.66133   0.00000  -0.65837   0.00000  -0.65837
 -7.51880   0.00000  -0.66133   0.00000  -0.66133   0.00000  -0.65837   0.00000  -0.65837
 -7.46867   0.00000  -0.66133   0.00000  -0.66133   0.00000  -0.65837   0.00000  -0.65837
 -7.41855   0.00000  -0.66133   0.00000  -0.66133   0.00000  -0.65837   0.00000  -0.65837
 -7.36842   0.00000  -0.66133   0.00000  -0.66133   0.00000  -0.65837   0.00000  -0.65837
 -7.31830   0.00000  -0.66133   0.00000  -0.66133   0.00000  -0.65837   0.00000  -0.65837
 -7.26817   0.00000  -0.66133   0.00000  -0.66133   0.00000  -0.65837   0.00000  -0.65837
 -7.21805   0.00000  -0.66133   0.00000  -0.66133   0.00000  -0.65837   0.00000  -0.65837
 -7.16792   0.00000  -0.66133   0.00000  -0.66133   0.00000  -0.65837   0.00000  -0.65837
 -7.11779   0.00000  -0.66133   0.00000  -0.66133   0.00000  -0.65837   0.00000  -0.65837
 -7.06767  -0.10592  -0.66664  -0.10592  -0.66664   0.00000  -0.65837   0.00000  -0.65837
 -7.01754  -0.72880  -0.70317  -0.72880  -0.70317   0.00000  -0.65837   0.00000  -0.65837
 -6.96742  -0.17872  -0.71213  -0.17872  -0.71213   0.00000  -0.65837   0.00000  -0.65837
 -6.91729  -0.23878  -0.72410  -0.23878  -0.72410   0.00000  -0.65837   0.00000  -0.65837
 -6.86717  -0.13958  -0.73110  -0.13958  -0.73110   0.00000  -0.65837   0.00000  -0.65837
 -6.81704  -0.09304  -0.73576  -0.09304  -0.73576   0.00000  -0.65837   0.00000  -0.65837
 -6.76692  -0.11531  -0.74154  -0.11531  -0.74154   0.00000  -0.65837   0.00000  -0.65837
 -6.71679  -0.16911  -0.75002  -0.16911  -0.75002   0.00000  -0.65837   0.00000  -0.65837
 -6.66667  -0.49925  -0.77504  -0.49925  -0.77504   0.00000  -0.65837   0.00000  -0.65837
 -6.61654  -0.51652  -0.80093  -0.51652  -0.80093   0.00000  -0.65837   0.00000  -0.65837
 -6.56642  -0.34184  -0.81807  -0.34184  -0.81807   0.00000  -0.65837   0.00000  -0.65837
 -6.51629  -0.18644  -0.82741  -0.18644  -0.82741   0.00000  -0.65837   0.00000  -0.65837
 -6.46617  -0.19460  -0.83717  -0.19460  -0.83717   0.00000  -0.65837   0.00000  -0.65837
 -6.41604  -0.38537  -0.85649  -0.38537  -0.85649   0.00000  -0.65837   0.00000  -0.65837
 -6.36591  -0.34399  -0.87373  -0.34399  -0.87373   0.00000  -0.65837   0.00000  -0.65837
 -6.31579  -0.28064  -0.88780  -0.28064  -0.88780   0.00000  -0.65837   0.00000  -0.65837
 -6.26566  -0.24057  -0.89985  -0.24057  -0.89985   0.00000  -0.65837   0.00000  -0.65837
 -6.21554  -0.20371  -0.91007  -0.20371  -0.91007   0.00000  -0.65837   0.00000  -0.65837
 -6.16541  -0.30019  -0.92511  -0.30019  -0.92511   0.00000  -0.65837   0.00000  -0.65837
 -6.11529  -0.24109  -0.93720  -0.24109  -0.93720   0.00000  -0.65837   0.00000  -0.65837
 -6.06516  -0.28417  -0.95144  -0.28417  -0.95144   0.00000  -0.65837   0.00000  -0.65837
 -6.01504  -0.28903  -0.96593  -0.28903  -0.96593   0.00000  -0.65837   0.00000  -0.65837
 -5.96491  -0.29806  -0.98087  -0.29806  -0.98087   0.00000  -0.65837   0.00000  -0.65837
 -5.91479  -0.37760  -0.99980  -0.37760  -0.99980   0.00000  -0.65837   0.00000  -0.65837
 -5.86466  -0.32330  -1.01600  -0.32330  -1.01600   0.00000  -0.65837   0.00000  -0.65837
 -5.81454  -0.21071  -1.02656  -0.21071  -1.02656   0.00000  -0.65837   0.00000  -0.65837
 -5.76441  -0.24090  -1.03864  -0.24090  -1.03864   0.00000  -0.65837   0.00000  -0.65837
 -5.71429  -0.27497  -1.05242  -0.27497  -1.05242  -0.00735  -0.65874  -0.00735  -0.65874
 -5.66416  -0.36635  -1.07079  -0.36635  -1.07079  -0.22830  -0.67018  -0.22830  -0.67018
 -5.61404  -0.35592  -1.08863  -0.35592  -1.08863  -0.34386  -0.68742  -0.34386  -0.68742
 -5.56391  -0.23974  -1.10064  -0.23974  -1.10064  -0.60788  -0.71789  -0.60788  -0.71789
 -5.51378  -0.28909  -1.11513  -0.28909  -1.11513  -0.34581  -0.73522  -0.34581  -0.73522
 -5.46366  -0.20860  -1.12559  -0.20860  -1.12559  -0.26641  -0.74857  -0.26641  -0.74857
 -5.41353  -0.13378  -1.13230  -0.13378  -1.13230  -0.26157  -0.76169  -0.26157  -0.76169
 -5.36341  -0.16359  -1.14050  -0.16359  -1.14050  -0.21497  -0.77246  -0.21497  -0.77246
 -5.31328  -0.33065  -1.15707  -0.33065  -1.15707  -0.12183  -0.77857  -0.12183  -0.77857
 -5.26316  -0.46416  -1.18034  -0.46416  -1.18034  -0.10958  -0.78406  -0.10958  -0.78406
 -5.21303  -0.60263  -1.21054  -0.60263  -1.21054  -0.18288  -0.79323  -0.18288  -0.79323
 -5.16291  -0.46790  -1.23400  -0.46790  -1.23400  -0.26039  -0.80628  -0.26039  -0.80628
 -5.11278  -0.37899  -1.25299  -0.37899  -1.25299  -0.29160  -0.82090  -0.29160  -0.82090
 -5.06266  -0.37008  -1.27154  -0.37008  -1.27154  -0.24427  -0.83314  -0.24427  -0.83314
 -5.01253  -0.29889  -1.28653  -0.29889  -1.28653  -0.18726  -0.84253  -0.18726  -0.84253
 -4.96241  -0.23232  -1.29817  -0.23232  -1.29817  -0.29981  -0.85755  -0.29981  -0.85755
 -4.91228  -0.21516  -1.30896  -0.21516  -1.30896  -0.37033  -0.87612  -0.37033  -0.87612
 -4.86216  -0.16424  -1.31719  -0.16424  -1.31719  -0.38726  -0.89553  -0.38726  -0.89553
 -4.81203  -0.16057  -1.32524  -0.16057  -1.32524  -0.29227  -0.91018  -0.29227  -0.91018
 -4.76190  -0.16888  -1.33370  -0.16888  -1.33370  -0.25872  -0.92315  -0.25872  -0.92315
 -4.71178  -0.14777  -1.34111  -0.14777  -1.34111  -0.25245  -0.93580  -0.25245  -0.93580
 -4.66165  -0.11217  -1.34673  -0.11217  -1.34673  -0.20933  -0.94630  -0.20933  -0.94630
 -4.61153  -0.09130  -1.35131  -0.09130  -1.35131  -0.22562  -0.95760  -0.22562  -0.95760
 -4.56140  -0.13880  -1.35827  -0.13880  -1.35827  -0.15775  -0.96551  -0.15775  -0.96551
 -4.51128  -0.10882  -1.36372  -0.10882  -1.36372  -0.19959  -0.97552  -0.19959  -0.97552
 -4.46115  -0.12951  -1.37021  -0.12951  -1.37021  -0.13883  -0.98248  -0.13883  -0.98248
 -4.41103  -0.15817  -1.37814  -0.15817  -1.37814  -0.18242  -0.99162  -0.18242  -0.99162
 -4.36090  -0.12656  -1.38448  -0.12656  -1.38448  -0.22050  -1.00267  -0.22050  -1.00267
 -4.31078  -0.16150  -1.39258  -0.16150  -1.39258  -0.26209  -1.01581  -0.26209  -1.01581
 -4.26065  -0.14557  -1.39988  -0.14557  -1.39988  -0.22494  -1.02708  -0.22494  -1.02708
 -4.21053  -0.15842  -1.40782  -0.15842  -1.40782  -0.25562  -1.03990  -0.25562  -1.03990
 -4.16040  -0.10310  -1.41298  -0.10310  -1.41298  -0.29105  -1.05449  -0.29105  -1.05449
 -4.11028  -0.11076  -1.41854  -0.11076  -1.41854  -0.31338  -1.07019  -0.31338  -1.07019
 -4.06015  -0.08096  -1.42259  -0.08096  -1.42259  -0.22452  -1.08145  -0.22452  -1.08145
 -4.01003  -0.01773  -1.42348  -0.01773  -1.42348  -0.28455  -1.09571  -0.28455  -1.09571
 -3.95990  -0.04325  -1.42565  -0.04325  -1.42565  -0.24852  -1.10817  -0.24852  -1.10817
 -3.90977  -0.07680  -1.42950  -0.07680  -1.42950  -0.25108  -1.12075  -0.25108  -1.12075
 -3.85965  -0.03521  -1.43127  -0.03521  -1.43127  -0.18286  -1.12992  -0.18286  -1.12992
 -3.80952  -0.02157  -1.43235  -0.02157  -1.43235  -0.17808  -1.13885  -0.17808  -1.13885
 -3.75940  -0.01309  -1.43300  -0.01309  -1.43300  -0.14708  -1.14622  -0.14708  -1.14622
 -3.70927   0.00678  -1.43266   0.00678  -1.43266  -0.15536  -1.15401  -0.15536  -1.15401
 -3.65915   0.01416  -1.43195   0.01416  -1.43195  -0.17379  -1.16272  -0.17379  -1.16272
 -3.60902   0.01473  -1.43121   0.01473  -1.43121  -0.17376  -1.17143  -0.17376  -1.17143
 -3.55890   0.00695  -1.43087   0.00695  -1.43087  -0.22394  -1.18265  -0.22394  -1.18265
 -3.50877   0.01056  -1.43034   0.01056  -1.43034  -0.21974  -1.19367  -0.21974  -1.19367
 -3.45865   0.03651  -1.42851   0.03651  -1.42851  -0.26266  -1.20683  -0.26266  -1.20683
 -3.40852   0.02618  -1.42720   0.02618  -1.42720  -0.21480  -1.21760  -0.21480  -1.21760
 -3.35840  -0.02276  -1.42834  -0.02276  -1.42834  -0.21855  -1.22856  -0.21855  -1.22856
 -3.30827  -0.03549  -1.43011  -0.03549  -1.43011  -0.15373  -1.23626  -0.15373  -1.23626
 -3.25815  -0.03360  -1.43180  -0.03360  -1.43180  -0.22370  -1.24747  -0.22370  -1.24747
 -3.20802  -0.07188  -1.43540  -0.07188  -1.43540  -0.21223  -1.25811  -0.21223  -1.25811
 -3.15789   0.05860  -1.43246   0.05860  -1.43246  -0.20909  -1.26859  -0.20909  -1.26859
 -3.10777   0.09883  -1.42751   0.09883  -1.42751  -0.25371  -1.28131  -0.25371  -1.28131
 -3.05764   0.12362  -1.42131   0.12362  -1.42131  -0.21081  -1.29188  -0.21081  -1.29188
 -3.00752   0.10191  -1.41621   0.10191  -1.41621  -0.13193  -1.29849  -0.13193  -1.29849
 -2.95739   0.12569  -1.40991   0.12569  -1.40991  -0.15746  -1.30638  -0.15746  -1.30638
 -2.90727   0.10315  -1.40474   0.10315  -1.40474  -0.11826  -1.31231  -0.11826  -1.31231
 -2.85714   0.15904  -1.39676   0.15904  -1.39676  -0.14981  -1.31982  -0.14981  -1.31982
 -2.80702   0.18375  -1.38755   0.18375  -1.38755  -0.11432  -1.32555  -0.11432  -1.32555
 -2.75689   0.18602  -1.37823   0.18602  -1.37823  -0.10051  -1.33059  -0.10051  -1.33059
 -2.70677   0.12935  -1.37174   0.12935  -1.37174  -0.08203  -1.33470  -0.08203  -1.33470
 -2.65664   0.12423  -1.36552   0.12423  -1.36552  -0.11242  -1.34034  -0.11242  -1.34034
 -2.60652   0.12217  -1.35939   0.12217  -1.35939  -0.08587  -1.34464  -0.08587  -1.34464
 -2.55639   0.11353  -1.35370   0.11353  -1.35370  -0.06300  -1.34780  -0.06300  -1.34780
 -2.50627   0.13510  -1.34693   0.13510  -1.34693  -0.03477  -1.34954  -0.03477  -1.34954
 -2.45614   0.13952  -1.33994   0.13952  -1.33994  -0.02036  -1.35056  -0.02036  -1.35056
 -2.40602   0.18377  -1.33073   0.18377  -1.33073  -0.02186  -1.35166  -0.02186  -1.35166
 -2.35589   0.23183  -1.31911   0.23183  -1.31911  -0.02033  -1.35268  -0.02033  -1.35268
 -2.30576   0.20233  -1.30896   0.20233  -1.30896  -0.03975  -1.35467  -0.03975  -1.35467
 -2.25564   0.23811  -1.29703   0.23811  -1.29703  -0.03648  -1.35650  -0.03648  -1.35650
 -2.20551   0.15244  -1.28939   0.15244  -1.28939  -0.02277  -1.35764  -0.02277  -1.35764
 -2.15539   0.18412  -1.28016   0.18412  -1.28016  -0.05198  -1.36024  -0.05198  -1.36024
 -2.10526   0.18884  -1.27069   0.18884  -1.27069  -0.05328  -1.36291  -0.05328  -1.36291
 -2.05514   0.22021  -1.25965   0.22021  -1.25965  -0.05114  -1.36548  -0.05114  -1.36548
 -2.00501   0.16336  -1.25147   0.16336  -1.25147  -0.09045  -1.37001  -0.09045  -1.37001
 -1.95489   0.16199  -1.24335   0.16199  -1.24335  -0.05484  -1.37276  -0.05484  -1.37276
 -1.90476   0.15783  -1.23544   0.15783  -1.23544  -0.04271  -1.37490  -0.04271  -1.37490
 -1.85464   0.14173  -1.22833   0.14173  -1.22833  -0.00548  -1.37518  -0.00548  -1.37518
 -1.80451   0.13732  -1.22145   0.13732  -1.22145   0.00671  -1.37484   0.00671  -1.37484
 -1.75439   0.13830  -1.21452   0.13830  -1.21452   0.01872  -1.37390   0.01872  -1.37390
 -1.70426   0.14012  -1.20749   0.14012  -1.20749   0.00888  -1.37346   0.00888  -1.37346
 -1.65414   0.16696  -1.19912   0.16696  -1.19912   0.01710  -1.37260   0.01710  -1.37260
 -1.60401   0.17267  -1.19047   0.17267  -1.19047   0.03797  -1.37070   0.03797  -1.37070
 -1.55388   0.11611  -1.18465   0.11611  -1.18465   0.05109  -1.36813   0.05109  -1.36813
 -1.50376   0.09102  -1.18009   0.09102  -1.18009   0.05412  -1.36542   0.05412  -1.36542
 -1.45363   0.12807  -1.17367   0.12807  -1.17367   0.08007  -1.36141   0.08007  -1.36141
 -1.40351   0.11163  -1.16807   0.11163  -1.16807   0.07161  -1.35782   0.07161  -1.35782
 -1.35338   0.10357  -1.16288   0.10357  -1.16288   0.04165  -1.35573   0.04165  -1.35573
 -1.30326   0.08918  -1.15841   0.08918  -1.15841   0.02754  -1.35435   0.02754  -1.35435
 -1.25313   0.07501  -1.15465   0.07501  -1.15465   0.01958  -1.35337   0.01958  -1.35337
 -1.20301   0.08852  -1.15021   0.08852  -1.15021   0.00553  -1.35309   0.00553  -1.35309
 -1.15288   0.06595  -1.14691   0.06595  -1.14691   0.00002  -1.35309   0.00002  -1.35309
 -1.10276   0.04776  -1.14451   0.04776  -1.14451  -0.00556  -1.35337  -0.00556  -1.35337
 -1.05263   0.06715  -1.14115   0.06715  -1.14115  -0.00444  -1.35359  -0.00444  -1.35359
 -1.00251   0.05523  -1.13838   0.05523  -1.13838  -0.00295  -1.35374  -0.00295  -1.35374
 -0.95238   0.04631  -1.13606   0.04631  -1.13606   0.00119  -1.35368   0.00119  -1.35368
 -0.90226   0.05139  -1.13348   0.05139  -1.13348  -0.00122  -1.35374  -0.00122  -1.35374
 -0.85213   0.05829  -1.13056   0.05829  -1.13056   0.00033  -1.35372   0.00033  -1.35372
 -0.80201   0.04776  -1.12816   0.04776  -1.12816   0.00356  -1.35355   0.00356  -1.35355
 -0.75188   0.09703  -1.12330   0.09703  -1.12330   0.00446  -1.35332   0.00446  -1.35332
 -0.70175   0.05230  -1.12068   0.05230  -1.12068   0.00378  -1.35313   0.00378  -1.35313
 -0.65163   0.02603  -1.11937   0.02603  -1.11937   0.00587  -1.35284   0.00587  -1.35284
 -0.60150   0.02001  -1.11837   0.02001  -1.11837   0.00000  -1.35284   0.00000  -1.35284
 -0.55138   0.01525  -1.11761   0.01525  -1.11761   0.00000  -1.35284   0.00000  -1.35284
 -0.50125   0.01491  -1.11686   0.01491  -1.11686   0.00000  -1.35284   0.00000  -1.35284
 -0.45113   0.00993  -1.11636   0.00993  -1.11636   0.00000  -1.35284   0.00000  -1.35284
 -0.40100  -0.00283  -1.11650  -0.00283  -1.11650   0.00000  -1.35284   0.00000  -1.35284
 -0.35088  -0.14024  -1.12353  -0.14024  -1.12353   0.00000  -1.35284   0.00000  -1.35284
 -0.30075  -0.06366  -1.12672  -0.06366  -1.12672   0.00000  -1.35284   0.00000  -1.35284
 -0.25063  -0.00449  -1.12695  -0.00449  -1.12695   0.00000  -1.35284   0.00000  -1.35284
 -0.20050  -0.00044  -1.12697  -0.00044  -1.12697   0.00000  -1.35284   0.00000  -1.35284
 -0.15038   0.00006  -1.12697   0.00006  -1.12697   0.00000  -1.35284   0.00000  -1.35284
 -0.10025  -0.00003  -1.12697  -0.00003  -1.12697   0.00000  -1.35284   0.00000  -1.35284
 -0.05013  -0.00041  -1.12699  -0.00041  -1.12699   0.00000  -1.35284   0.00000  -1.35284
  0.00000  -0.00094  -1.12704  -0.00094  -1.12704   0.00000  -1.35284   0.00000  -1.35284
  0.05013   0.00000  -1.12704   0.00000  -1.12704   0.00000  -1.35284   0.00000  -1.35284
  0.10025   0.00000  -1.12704   0.00000  -1.12704   0.00000  -1.35284   0.00000  -1.35284
  0.15038   0.00000  -1.12704   0.00000  -1.12704   0.00000  -1.35284   0.00000  -1.35284
  0.20050   0.00000  -1.12704   0.00000  -1.12704   0.00000  -1.35284   0.00000  -1.35284
  0.25063   0.00000  -1.12704   0.00000  -1.12704   0.00000  -1.35284   0.00000  -1.35284
  0.30075   0.00000  -1.12704   0.00000  -1.12704   0.00000  -1.35284   0.00000  -1.35284
  0.35088   0.00000  -1.12704   0.00000  -1.12704   0.00000  -1.35284   0.00000  -1.35284
  0.40100   0.00000  -1.12704   0.00000  -1.12704   0.00000  -1.35284   0.00000  -1.35284
  0.45113   0.00000  -1.12704   0.00000  -1.12704   0.00000  -1.35284   0.00000  -1.35284
  0.50125   0.00000  -1.12704   0.00000  -1.12704   0.00000  -1.35284   0.00000  -1.35284
  0.55138   0.00000  -1.12704   0.00000  -1.12704   0.00000  -1.35284   0.00000  -1.35284
  0.60150   0.00000  -1.12704   0.00000  -1.12704   0.00000  -1.35284   0.00000  -1.35284
  0.65163   0.00000  -1.12704   0.00000  -1.12704   0.00000  -1.35284   0.00000  -1.35284
  0.70175   0.00000  -1.12704   0.00000  -1.12704   0.00000  -1.35284   0.00000  -1.35284
  0.75188   0.00000  -1.12704   0.00000  -1.12704   0.00000  -1.35284   0.00000  -1.35284
  0.80201   0.00000  -1.12704   0.00000  -1.12704   0.00000  -1.35284   0.00000  -1.35284
  0.85213   0.00000  -1.12704   0.00000  -1.12704   0.00000  -1.35284   0.00000  -1.35284
  0.90226   0.00000  -1.12704   0.00000  -1.12704   0.00000  -1.35284   0.00000  -1.35284
  0.95238   0.00000  -1.12704   0.00000  -1.12704   0.00000  -1.35284   0.00000  -1.35284
  1.00251   0.00908  -1.12658   0.00908  -1.12658   0.00000  -1.35284   0.00000  -1.35284
  1.05263   0.06679  -1.12323   0.06679  -1.12323   0.00000  -1.35284   0.00000  -1.35284
  1.10276   0.38988  -1.10369   0.38988  -1.10369   0.00000  -1.35284   0.00000  -1.35284
  1.15288   0.62609  -1.07231   0.62609  -1.07231   0.00000  -1.35284   0.00000  -1.35284
  1.20301   0.45059  -1.04972   0.45059  -1.04972   0.00000  -1.35284   0.00000  -1.35284
  1.25313   0.61622  -1.01884   0.61622  -1.01884   0.00000  -1.35284   0.00000  -1.35284
  1.30326   0.93006  -0.97222   0.93006  -0.97222   0.00000  -1.35284   0.00000  -1.35284
  1.35338   0.86868  -0.92867   0.86868  -0.92867   0.00000  -1.35284   0.00000  -1.35284
  1.40351   0.75901  -0.89063   0.75901  -0.89063   0.00000  -1.35284   0.00000  -1.35284
  1.45363   0.76207  -0.85243   0.76207  -0.85243   0.00000  -1.35284   0.00000  -1.35284
  1.50376   0.83862  -0.81039   0.83862  -0.81039   0.00000  -1.35284   0.00000  -1.35284
  1.55388   0.58577  -0.78103   0.58577  -0.78103   0.00000  -1.35284   0.00000  -1.35284
  1.60401   0.49125  -0.75641   0.49125  -0.75641   0.00000  -1.35284   0.00000  -1.35284
  1.65414   0.53611  -0.72953   0.53611  -0.72953   0.00000  -1.35284   0.00000  -1.35284
  1.70426   0.43014  -0.70797   0.43014  -0.70797   0.00000  -1.35284   0.00000  -1.35284
  1.75439   0.30954  -0.69246   0.30954  -0.69246   0.00000  -1.35284   0.00000  -1.35284
  1.80451   0.94088  -0.64530   0.94088  -0.64530   0.00000  -1.35284   0.00000  -1.35284
  1.85464   0.81166  -0.60461   0.81166  -0.60461   0.00000  -1.35284   0.00000  -1.35284
  1.90476   0.49384  -0.57986   0.49384  -0.57986   0.00000  -1.35284   0.00000  -1.35284
  1.95489   0.25404  -0.56712   0.25404  -0.56712   0.00000  -1.35284   0.00000  -1.35284
  2.00501   0.23526  -0.55533   0.23526  -0.55533   0.00000  -1.35284   0.00000  -1.35284
  2.05514   0.40464  -0.53505   0.40464  -0.53505   0.00000  -1.35284   0.00000  -1.35284
  2.10526   0.21693  -0.52417   0.21693  -0.52417   0.00000  -1.35284   0.00000  -1.35284
  2.15539   0.00362  -0.52399   0.00362  -0.52399   0.00000  -1.35284   0.00000  -1.35284
  2.20551   0.00033  -0.52398   0.00033  -0.52398   0.00000  -1.35284   0.00000  -1.35284
  2.25564   0.00000  -0.52398   0.00000  -0.52398   0.00000  -1.35284   0.00000  -1.35284
  2.30576   0.00000  -0.52398   0.00000  -0.52398   0.00000  -1.35284   0.00000  -1.35284
  2.35589   0.00000  -0.52398   0.00000  -0.52398   0.00000  -1.35284   0.00000  -1.35284
  2.40602   0.00000  -0.52398   0.00000  -0.52398   0.00000  -1.35284   0.00000  -1.35284
  2.45614   0.00000  -0.52398   0.00000  -0.52398   0.00000  -1.35284   0.00000  -1.35284
  2.50627   0.00000  -0.52398   0.00000  -0.52398   0.00000  -1.35284   0.00000  -1.35284
  2.55639   0.00000  -0.52398   0.00000  -0.52398   0.00000  -1.35284   0.00000  -1.35284
  2.60652   0.00000  -0.52398   0.00000  -0.52398   0.13440  -1.34610   0.13440  -1.34610
  2.65664   0.00000  -0.52398   0.00000  -0.52398   0.11751  -1.34021   0.11751  -1.34021
  2.70677   0.00000  -0.52398   0.00000  -0.52398   0.08194  -1.33610   0.08194  -1.33610
  2.75689   0.00000  -0.52398   0.00000  -0.52398   0.05501  -1.33335   0.05501  -1.33335
  2.80702   0.00000  -0.52398   0.00000  -0.52398   0.12793  -1.32693   0.12793  -1.32693
  2.85714   0.00000  -0.52398   0.00000  -0.52398   0.08758  -1.32254   0.08758  -1.32254
  2.90727   0.00000  -0.52398   0.00000  -0.52398   0.05982  -1.31955   0.05982  -1.31955
  2.95739   0.00000  -0.52398   0.00000  -0.52398   0.01654  -1.31872   0.01654  -1.31872
  3.00752   0.00000  -0.52398   0.00000  -0.52398   0.06644  -1.31539   0.06644  -1.31539
  3.05764   0.00000  -0.52398   0.00000  -0.52398   0.13516  -1.30861   0.13516  -1.30861
  3.10777   0.00000  -0.52398   0.00000  -0.52398   0.14038  -1.30157   0.14038  -1.30157
  3.15789   0.00000  -0.52398   0.00000  -0.52398   0.10710  -1.29621   0.10710  -1.29621
  3.20802   0.00000  -0.52398   0.00000  -0.52398   0.11387  -1.29050   0.11387  -1.29050
  3.25815   0.00000  -0.52398   0.00000  -0.52398   0.24552  -1.27819   0.24552  -1.27819
  3.30827   0.00000  -0.52398   0.00000  -0.52398   0.85777  -1.23520   0.85777  -1.23520
  3.35840   0.00000  -0.52398   0.00000  -0.52398   0.60092  -1.20507   0.60092  -1.20507
  3.40852   0.00000  -0.52398   0.00000  -0.52398   0.22802  -1.19364   0.22802  -1.19364
  3.45865   0.00000  -0.52398   0.00000  -0.52398   0.21470  -1.18288   0.21470  -1.18288
  3.50877   0.00000  -0.52398   0.00000  -0.52398   0.22674  -1.17152   0.22674  -1.17152
  3.55890   0.00000  -0.52398   0.00000  -0.52398   0.13398  -1.16480   0.13398  -1.16480
  3.60902   0.00000  -0.52398   0.00000  -0.52398   0.53622  -1.13792   0.53622  -1.13792
  3.65915   0.00000  -0.52398   0.00000  -0.52398   1.16279  -1.07964   1.16279  -1.07964
  3.70927   0.00000  -0.52398   0.00000  -0.52398   1.57909  -1.00049   1.57909  -1.00049
  3.75940   0.00000  -0.52398   0.00000  -0.52398   1.64782  -0.91789   1.64782  -0.91789
  3.80952   0.00000  -0.52398   0.00000  -0.52398   1.39708  -0.84786   1.39708  -0.84786
  3.85965   0.00000  -0.52398   0.00000  -0.52398   1.11214  -0.79211   1.11214  -0.79211
  3.90977   0.00000  -0.52398   0.00000  -0.52398   0.67844  -0.75811   0.67844  -0.75811
  3.95990   0.00000  -0.52398   0.00000  -0.52398   0.54213  -0.73093   0.54213  -0.73093
  4.01003   0.00000  -0.52398   0.00000  -0.52398   0.79726  -0.69097   0.79726  -0.69097
  4.06015   0.00000  -0.52398   0.00000  -0.52398   1.19925  -0.63085   1.19925  -0.63085
  4.11028   0.00000  -0.52398   0.00000  -0.52398   0.80062  -0.59072   0.80062  -0.59072
  4.16040   0.00000  -0.52398   0.00000  -0.52398   0.14201  -0.58361   0.14201  -0.58361
  4.21053   0.00000  -0.52398   0.00000  -0.52398   0.27489  -0.56983   0.27489  -0.56983
  4.26065   0.00000  -0.52398   0.00000  -0.52398   0.48833  -0.54535   0.48833  -0.54535
  4.31078   0.00000  -0.52398   0.00000  -0.52398   0.54445  -0.51806   0.54445  -0.51806
  4.36090   0.00000  -0.52398   0.00000  -0.52398   0.23608  -0.50622   0.23608  -0.50622
  4.41103   0.00000  -0.52398   0.00000  -0.52398   0.00299  -0.50607   0.00299  -0.50607
  4.46115   0.00000  -0.52398   0.00000  -0.52398   0.00123  -0.50601   0.00123  -0.50601
  4.51128   0.00000  -0.52398   0.00000  -0.52398   0.00000  -0.50601   0.00000  -0.50601
  4.56140   0.00000  -0.52398   0.00000  -0.52398   0.00000  -0.50601   0.00000  -0.50601
  4.61153   0.00000  -0.52398   0.00000  -0.52398   0.00000  -0.50601   0.00000  -0.50601
  4.66165   0.00000  -0.52398   0.00000  -0.52398   0.00000  -0.50601   0.00000  -0.50601
  4.71178   0.00000  -0.52398   0.00000  -0.52398   0.00000  -0.50601   0.00000  -0.50601
  4.76190   0.00000  -0.52398   0.00000  -0.52398   0.00000  -0.50601   0.00000  -0.50601
  4.81203   0.00000  -0.52398   0.00000  -0.52398   0.00000  -0.50601   0.00000  -0.50601
  4.86216   0.00000  -0.52398   0.00000  -0.52398   0.00000  -0.50601   0.00000  -0.50601
  4.91228   0.00000  -0.52398   0.00000  -0.52398   0.00000  -0.50601   0.00000  -0.50601
  4.96241   0.00000  -0.52398   0.00000  -0.52398   0.00000  -0.50601   0.00000  -0.50601
  5.01253   0.00000  -0.52398   0.00000  -0.52398   0.00000  -0.50601   0.00000  -0.50601
  5.06266   0.00000  -0.52398   0.00000  -0.52398   0.00000  -0.50601   0.00000  -0.50601
  5.11278   0.00000  -0.52398   0.00000  -0.52398   0.00000  -0.50601   0.00000  -0.50601
  5.16291   0.00000  -0.52398   0.00000  -0.52398   0.00000  -0.50601   0.00000  -0.50601
  5.21303   0.00000  -0.52398   0.00000  -0.52398   0.00000  -0.50601   0.00000  -0.50601
  5.26316   0.00000  -0.52398   0.00000  -0.52398   0.00000  -0.50601   0.00000  -0.50601
  5.31328   0.00000  -0.52398   0.00000  -0.52398   0.00000  -0.50601   0.00000  -0.50601
  5.36341   0.00000  -0.52398   0.00000  -0.52398   0.00000  -0.50601   0.00000  -0.50601
  5.41353   0.00000  -0.52398   0.00000  -0.52398   0.00000  -0.50601   0.00000  -0.50601
  5.46366   0.00000  -0.52398   0.00000  -0.52398   0.00000  -0.50601   0.00000  -0.50601
  5.51378   0.00000  -0.52398   0.00000  -0.52398   0.00000  -0.50601   0.00000  -0.50601
  5.56391   0.00000  -0.52398   0.00000  -0.52398   0.00000  -0.50601   0.00000  -0.50601
  5.61404   0.00000  -0.52398   0.00000  -0.52398   0.00000  -0.50601   0.00000  -0.50601
  5.66416   0.00000  -0.52398   0.00000  -0.52398   0.00000  -0.50601   0.00000  -0.50601
  5.71429   0.00000  -0.52398   0.00000  -0.52398   0.00000  -0.50601   0.00000  -0.50601
  5.76441   0.00000  -0.52398   0.00000  -0.52398   0.00000  -0.50601   0.00000  -0.50601
  5.81454   0.00000  -0.52398   0.00000  -0.52398   0.00000  -0.50601   0.00000  -0.50601
  5.86466   0.00000  -0.52398   0.00000  -0.52398   0.00000  -0.50601   0.00000  -0.50601
  5.91479   0.00000  -0.52398   0.00000  -0.52398   0.00000  -0.50601   0.00000  -0.50601
  5.96491   0.00020  -0.52397   0.00020  -0.52397   0.00000  -0.50601   0.00000  -0.50601
  6.01504   0.00267  -0.52383   0.00267  -0.52383   0.00000  -0.50601   0.00000  -0.50601
  6.06516   0.00752  -0.52346   0.00752  -0.52346   0.00000  -0.50601   0.00000  -0.50601
  6.11529   0.01295  -0.52281   0.01295  -0.52281   0.00000  -0.50601   0.00000  -0.50601
  6.16541   0.01505  -0.52205   0.01505  -0.52205   0.00000  -0.50601   0.00000  -0.50601
  6.21554   0.01497  -0.52130   0.01497  -0.52130   0.00038  -0.50599   0.00038  -0.50599
  6.26566   0.01600  -0.52050   0.01600  -0.52050   0.00333  -0.50583   0.00333  -0.50583
  6.31579   0.01955  -0.51952   0.01955  -0.51952   0.00802  -0.50542   0.00802  -0.50542
  6.36591   0.02576  -0.51823   0.02576  -0.51823   0.01263  -0.50479   0.01263  -0.50479
  6.41604   0.03668  -0.51639   0.03668  -0.51639   0.01357  -0.50411   0.01357  -0.50411
  6.46617   0.05037  -0.51387   0.05037  -0.51387   0.01371  -0.50342   0.01371  -0.50342
  6.51629   0.04519  -0.51160   0.04519  -0.51160   0.01576  -0.50263   0.01576  -0.50263
  6.56642   0.04072  -0.50956   0.04072  -0.50956   0.02016  -0.50162   0.02016  -0.50162
  6.61654   0.03937  -0.50759   0.03937  -0.50759   0.02766  -0.50024   0.02766  -0.50024
  6.66667   0.03817  -0.50567   0.03817  -0.50567   0.04265  -0.49810   0.04265  -0.49810
  6.71679   0.03751  -0.50379   0.03751  -0.50379   0.04318  -0.49593   0.04318  -0.49593
  6.76692   0.03826  -0.50187   0.03826  -0.50187   0.03730  -0.49407   0.03730  -0.49407
  6.81704   0.04276  -0.49973   0.04276  -0.49973   0.03554  -0.49228   0.03554  -0.49228
  6.86717   0.04565  -0.49744   0.04565  -0.49744   0.03430  -0.49056   0.03430  -0.49056
  6.91729   0.04754  -0.49506   0.04754  -0.49506   0.03358  -0.48888   0.03358  -0.48888
  6.96742   0.05913  -0.49210   0.05913  -0.49210   0.03354  -0.48720   0.03354  -0.48720
  7.01754   0.06476  -0.48885   0.06476  -0.48885   0.03659  -0.48537   0.03659  -0.48537
  7.06767   0.06662  -0.48551   0.06662  -0.48551   0.04005  -0.48336   0.04005  -0.48336
  7.11779   0.06330  -0.48234   0.06330  -0.48234   0.04104  -0.48130   0.04104  -0.48130
  7.16792   0.06304  -0.47918   0.06304  -0.47918   0.04490  -0.47905   0.04490  -0.47905
  7.21805   0.06875  -0.47573   0.06875  -0.47573   0.05287  -0.47640   0.05287  -0.47640
  7.26817   0.07513  -0.47197   0.07513  -0.47197   0.06265  -0.47326   0.06265  -0.47326
  7.31830   0.06918  -0.46850   0.06918  -0.46850   0.06336  -0.47008   0.06336  -0.47008
  7.36842   0.05689  -0.46565   0.05689  -0.46565   0.06176  -0.46699   0.06176  -0.46699
  7.41855   0.05035  -0.46312   0.05035  -0.46312   0.06062  -0.46395   0.06062  -0.46395
  7.46867   0.03726  -0.46126   0.03726  -0.46126   0.06260  -0.46081   0.06260  -0.46081
  7.51880   0.02993  -0.45976   0.02993  -0.45976   0.07268  -0.45717   0.07268  -0.45717
  7.56892   0.03337  -0.45808   0.03337  -0.45808   0.06610  -0.45386   0.06610  -0.45386
  7.61905   0.03966  -0.45609   0.03966  -0.45609   0.05657  -0.45102   0.05657  -0.45102
  7.66917   0.03668  -0.45426   0.03668  -0.45426   0.04513  -0.44876   0.04513  -0.44876
  7.71930   0.03007  -0.45275   0.03007  -0.45275   0.03474  -0.44702   0.03474  -0.44702
  7.76942   0.04089  -0.45070   0.04089  -0.45070   0.02986  -0.44552   0.02986  -0.44552
  7.81955   0.04690  -0.44835   0.04690  -0.44835   0.03294  -0.44387   0.03294  -0.44387
  7.86967   0.05011  -0.44584   0.05011  -0.44584   0.03968  -0.44188   0.03968  -0.44188
  7.91980   0.05299  -0.44318   0.05299  -0.44318   0.03050  -0.44035   0.03050  -0.44035
  7.96992   0.05121  -0.44061   0.05121  -0.44061   0.03312  -0.43869   0.03312  -0.43869
  8.02005   0.06031  -0.43759   0.06031  -0.43759   0.05009  -0.43618   0.05009  -0.43618
  8.07018   0.08006  -0.43358   0.08006  -0.43358   0.05011  -0.43367   0.05011  -0.43367
  8.12030   0.08031  -0.42955   0.08031  -0.42955   0.04812  -0.43126   0.04812  -0.43126
  8.17043   0.09407  -0.42484   0.09407  -0.42484   0.05374  -0.42856   0.05374  -0.42856
  8.22055   0.11726  -0.41896   0.11726  -0.41896   0.09153  -0.42398   0.09153  -0.42398
  8.27068   0.12742  -0.41257   0.12742  -0.41257   0.08326  -0.41980   0.08326  -0.41980
  8.32080   0.14608  -0.40525   0.14608  -0.40525   0.08945  -0.41532   0.08945  -0.41532
  8.37093   0.14170  -0.39815   0.14170  -0.39815   0.11131  -0.40974   0.11131  -0.40974
  8.42105   0.13853  -0.39120   0.13853  -0.39120   0.11655  -0.40390   0.11655  -0.40390
  8.47118   0.12003  -0.38519   0.12003  -0.38519   0.11600  -0.39808   0.11600  -0.39808
  8.52130   0.11891  -0.37923   0.11891  -0.37923   0.12906  -0.39161   0.12906  -0.39161
  8.57143   0.09854  -0.37429   0.09854  -0.37429   0.11230  -0.38598   0.11230  -0.38598
  8.62155   0.10474  -0.36904   0.10474  -0.36904   0.10779  -0.38058   0.10779  -0.38058
  8.67168   0.12787  -0.36263   0.12787  -0.36263   0.09501  -0.37582   0.09501  -0.37582
  8.72180   0.12678  -0.35627   0.12678  -0.35627   0.11516  -0.37004   0.11516  -0.37004
  8.77193   0.13519  -0.34950   0.13519  -0.34950   0.09928  -0.36507   0.09928  -0.36507
  8.82206   0.19065  -0.33994   0.19065  -0.33994   0.12467  -0.35882   0.12467  -0.35882
  8.87218   0.16536  -0.33165   0.16536  -0.33165   0.10015  -0.35380   0.10015  -0.35380
  8.92231   0.11716  -0.32578   0.11716  -0.32578   0.13249  -0.34716   0.13249  -0.34716
  8.97243   0.11410  -0.32006   0.11410  -0.32006   0.18706  -0.33778   0.18706  -0.33778
  9.02256   0.07852  -0.31612   0.07852  -0.31612   0.14294  -0.33062   0.14294  -0.33062
  9.07268   0.08035  -0.31210   0.08035  -0.31210   0.11864  -0.32467   0.11864  -0.32467
  9.12281   0.10893  -0.30663   0.10893  -0.30663   0.13483  -0.31791   0.13483  -0.31791
  9.17293   0.07850  -0.30270   0.07850  -0.30270   0.08134  -0.31383   0.08134  -0.31383
  9.22306   0.07125  -0.29913   0.07125  -0.29913   0.07398  -0.31013   0.07398  -0.31013
  9.27318   0.09374  -0.29443   0.09374  -0.29443   0.09406  -0.30541   0.09406  -0.30541
  9.32331   0.09264  -0.28979   0.09264  -0.28979   0.07510  -0.30165   0.07510  -0.30165
  9.37343   0.09378  -0.28509   0.09378  -0.28509   0.07249  -0.29801   0.07249  -0.29801
  9.42356   0.09591  -0.28028   0.09591  -0.28028   0.09462  -0.29327   0.09462  -0.29327
  9.47368   0.10891  -0.27482   0.10891  -0.27482   0.09915  -0.28830   0.09915  -0.28830
  9.52381   0.15776  -0.26691   0.15776  -0.26691   0.10218  -0.28318   0.10218  -0.28318
  9.57393   0.17740  -0.25802   0.17740  -0.25802   0.09780  -0.27828   0.09780  -0.27828
  9.62406   0.16455  -0.24977   0.16455  -0.24977   0.11620  -0.27245   0.11620  -0.27245
  9.67419   0.12260  -0.24363   0.12260  -0.24363   0.14620  -0.26512   0.14620  -0.26512
  9.72431   0.13410  -0.23690   0.13410  -0.23690   0.18466  -0.25587   0.18466  -0.25587
  9.77444   0.10881  -0.23145   0.10881  -0.23145   0.15032  -0.24833   0.15032  -0.24833
  9.82456   0.11178  -0.22585   0.11178  -0.22585   0.13874  -0.24138   0.13874  -0.24138
  9.87469   0.12292  -0.21968   0.12292  -0.21968   0.11775  -0.23547   0.11775  -0.23547
  9.92481   0.13892  -0.21272   0.13892  -0.21272   0.10622  -0.23015   0.10622  -0.23015
  9.97494   0.14265  -0.20557   0.14265  -0.20557   0.10448  -0.22491   0.10448  -0.22491
 10.02506   0.14992  -0.19806   0.14992  -0.19806   0.12707  -0.21854   0.12707  -0.21854