ESCALE ; pCOHP file generated by LOBSTER. Energy is shifted such that the Fermi level lies at 0 eV.
         2          2        401  -5.82964e+00   1.42205e+01   4.19543e+00 
Average
No.1:Mn41->O95(1.9465795415921689)
-10.02506   0.00000  -0.69422   0.00000  -0.69422   0.00000  -0.69005   0.00000  -0.69005
 -9.97494   0.00000  -0.69422   0.00000  -0.69422   0.00000  -0.69005   0.00000  -0.69005
 -9.92481   0.00000  -0.69422   0.00000  -0.69422   0.00000  -0.69005   0.00000  -0.69005
 -9.87469   0.00000  -0.69422   0.00000  -0.69422   0.00000  -0.69005   0.00000  -0.69005
 -9.82456   0.00000  -0.69422   0.00000  -0.69422   0.00000  -0.69005   0.00000  -0.69005
 -9.77444   0.00000  -0.69422   0.00000  -0.69422   0.00000  -0.69005   0.00000  -0.69005
 -9.72431   0.00000  -0.69422   0.00000  -0.69422   0.00000  -0.69005   0.00000  -0.69005
 -9.67419   0.00000  -0.69422   0.00000  -0.69422   0.00000  -0.69005   0.00000  -0.69005
 -9.62406   0.00000  -0.69422   0.00000  -0.69422   0.00000  -0.69005   0.00000  -0.69005
 -9.57393   0.00000  -0.69422   0.00000  -0.69422   0.00000  -0.69005   0.00000  -0.69005
 -9.52381   0.00000  -0.69422   0.00000  -0.69422   0.00000  -0.69005   0.00000  -0.69005
 -9.47368   0.00000  -0.69422   0.00000  -0.69422   0.00000  -0.69005   0.00000  -0.69005
 -9.42356   0.00000  -0.69422   0.00000  -0.69422   0.00000  -0.69005   0.00000  -0.69005
 -9.37343   0.00000  -0.69422   0.00000  -0.69422   0.00000  -0.69005   0.00000  -0.69005
 -9.32331   0.00000  -0.69422   0.00000  -0.69422   0.00000  -0.69005   0.00000  -0.69005
 -9.27318   0.00000  -0.69422   0.00000  -0.69422   0.00000  -0.69005   0.00000  -0.69005
 -9.22306   0.00000  -0.69422   0.00000  -0.69422   0.00000  -0.69005   0.00000  -0.69005
 -9.17293   0.00000  -0.69422   0.00000  -0.69422   0.00000  -0.69005   0.00000  -0.69005
 -9.12281   0.00000  -0.69422   0.00000  -0.69422   0.00000  -0.69005   0.00000  -0.69005
 -9.07268   0.00000  -0.69422   0.00000  -0.69422   0.00000  -0.69005   0.00000  -0.69005
 -9.02256   0.00000  -0.69422   0.00000  -0.69422   0.00000  -0.69005   0.00000  -0.69005
 -8.97243   0.00000  -0.69422   0.00000  -0.69422   0.00000  -0.69005   0.00000  -0.69005
 -8.92231   0.00000  -0.69422   0.00000  -0.69422   0.00000  -0.69005   0.00000  -0.69005
 -8.87218   0.00000  -0.69422   0.00000  -0.69422   0.00000  -0.69005   0.00000  -0.69005
 -8.82206   0.00000  -0.69422   0.00000  -0.69422   0.00000  -0.69005   0.00000  -0.69005
 -8.77193   0.00000  -0.69422   0.00000  -0.69422   0.00000  -0.69005   0.00000  -0.69005
 -8.72180   0.00000  -0.69422   0.00000  -0.69422   0.00000  -0.69005   0.00000  -0.69005
 -8.67168   0.00000  -0.69422   0.00000  -0.69422   0.00000  -0.69005   0.00000  -0.69005
 -8.62155   0.00000  -0.69422   0.00000  -0.69422   0.00000  -0.69005   0.00000  -0.69005
 -8.57143   0.00000  -0.69422   0.00000  -0.69422   0.00000  -0.69005   0.00000  -0.69005
 -8.52130   0.00000  -0.69422   0.00000  -0.69422   0.00000  -0.69005   0.00000  -0.69005
 -8.47118   0.00000  -0.69422   0.00000  -0.69422   0.00000  -0.69005   0.00000  -0.69005
 -8.42105   0.00000  -0.69422   0.00000  -0.69422   0.00000  -0.69005   0.00000  -0.69005
 -8.37093   0.00000  -0.69422   0.00000  -0.69422   0.00000  -0.69005   0.00000  -0.69005
 -8.32080   0.00000  -0.69422   0.00000  -0.69422   0.00000  -0.69005   0.00000  -0.69005
 -8.27068   0.00000  -0.69422   0.00000  -0.69422   0.00000  -0.69005   0.00000  -0.69005
 -8.22055   0.00000  -0.69422   0.00000  -0.69422   0.00000  -0.69005   0.00000  -0.69005
 -8.17043   0.00000  -0.69422   0.00000  -0.69422   0.00000  -0.69005   0.00000  -0.69005
 -8.12030   0.00000  -0.69422   0.00000  -0.69422   0.00000  -0.69005   0.00000  -0.69005
 -8.07018   0.00000  -0.69422   0.00000  -0.69422   0.00000  -0.69005   0.00000  -0.69005
 -8.02005   0.00000  -0.69422   0.00000  -0.69422   0.00000  -0.69005   0.00000  -0.69005
 -7.96992   0.00000  -0.69422   0.00000  -0.69422   0.00000  -0.69005   0.00000  -0.69005
 -7.91980   0.00000  -0.69422   0.00000  -0.69422   0.00000  -0.69005   0.00000  -0.69005
 -7.86967   0.00000  -0.69422   0.00000  -0.69422   0.00000  -0.69005   0.00000  -0.69005
 -7.81955   0.00000  -0.69422   0.00000  -0.69422   0.00000  -0.69005   0.00000  -0.69005
 -7.76942   0.00000  -0.69422   0.00000  -0.69422   0.00000  -0.69005   0.00000  -0.69005
 -7.71930   0.00000  -0.69422   0.00000  -0.69422   0.00000  -0.69005   0.00000  -0.69005
 -7.66917   0.00000  -0.69422   0.00000  -0.69422   0.00000  -0.69005   0.00000  -0.69005
 -7.61905   0.00000  -0.69422   0.00000  -0.69422   0.00000  -0.69005   0.00000  -0.69005
 -7.56892   0.00000  -0.69422   0.00000  -0.69422   0.00000  -0.69005   0.00000  -0.69005
 -7.51880   0.00000  -0.69422   0.00000  -0.69422   0.00000  -0.69005   0.00000  -0.69005
 -7.46867   0.00000  -0.69422   0.00000  -0.69422   0.00000  -0.69005   0.00000  -0.69005
 -7.41855   0.00000  -0.69422   0.00000  -0.69422   0.00000  -0.69005   0.00000  -0.69005
 -7.36842   0.00000  -0.69422   0.00000  -0.69422   0.00000  -0.69005   0.00000  -0.69005
 -7.31830   0.00000  -0.69422   0.00000  -0.69422   0.00000  -0.69005   0.00000  -0.69005
 -7.26817   0.00000  -0.69422   0.00000  -0.69422   0.00000  -0.69005   0.00000  -0.69005
 -7.21805   0.00000  -0.69422   0.00000  -0.69422   0.00000  -0.69005   0.00000  -0.69005
 -7.16792   0.00000  -0.69422   0.00000  -0.69422   0.00000  -0.69005   0.00000  -0.69005
 -7.11779   0.00000  -0.69422   0.00000  -0.69422   0.00000  -0.69005   0.00000  -0.69005
 -7.06767  -0.04857  -0.69665  -0.04857  -0.69665   0.00000  -0.69005   0.00000  -0.69005
 -7.01754  -0.21043  -0.70720  -0.21043  -0.70720   0.00000  -0.69005   0.00000  -0.69005
 -6.96742  -0.39846  -0.72717  -0.39846  -0.72717   0.00000  -0.69005   0.00000  -0.69005
 -6.91729  -0.30796  -0.74261  -0.30796  -0.74261   0.00000  -0.69005   0.00000  -0.69005
 -6.86717  -0.69262  -0.77733  -0.69262  -0.77733   0.00000  -0.69005   0.00000  -0.69005
 -6.81704  -0.47565  -0.80117  -0.47565  -0.80117   0.00000  -0.69005   0.00000  -0.69005
 -6.76692  -0.11586  -0.80698  -0.11586  -0.80698   0.00000  -0.69005   0.00000  -0.69005
 -6.71679  -0.11915  -0.81295  -0.11915  -0.81295   0.00000  -0.69005   0.00000  -0.69005
 -6.66667  -0.27506  -0.82674  -0.27506  -0.82674   0.00000  -0.69005   0.00000  -0.69005
 -6.61654  -0.57823  -0.85572  -0.57823  -0.85572   0.00000  -0.69005   0.00000  -0.69005
 -6.56642  -0.56551  -0.88407  -0.56551  -0.88407   0.00000  -0.69005   0.00000  -0.69005
 -6.51629  -0.53583  -0.91093  -0.53583  -0.91093   0.00000  -0.69005   0.00000  -0.69005
 -6.46617  -0.55623  -0.93881  -0.55623  -0.93881   0.00000  -0.69005   0.00000  -0.69005
 -6.41604  -0.33366  -0.95553  -0.33366  -0.95553   0.00000  -0.69005   0.00000  -0.69005
 -6.36591  -0.29396  -0.97027  -0.29396  -0.97027   0.00000  -0.69005   0.00000  -0.69005
 -6.31579  -0.24940  -0.98277  -0.24940  -0.98277   0.00000  -0.69005   0.00000  -0.69005
 -6.26566  -0.14632  -0.99010  -0.14632  -0.99010   0.00000  -0.69005   0.00000  -0.69005
 -6.21554  -0.13564  -0.99690  -0.13564  -0.99690   0.00000  -0.69005   0.00000  -0.69005
 -6.16541  -0.14414  -1.00413  -0.14414  -1.00413   0.00000  -0.69005   0.00000  -0.69005
 -6.11529  -0.12633  -1.01046  -0.12633  -1.01046   0.00000  -0.69005   0.00000  -0.69005
 -6.06516  -0.20800  -1.02089  -0.20800  -1.02089   0.00000  -0.69005   0.00000  -0.69005
 -6.01504  -0.25512  -1.03367  -0.25512  -1.03367   0.00000  -0.69005   0.00000  -0.69005
 -5.96491  -0.23909  -1.04566  -0.23909  -1.04566   0.00000  -0.69005   0.00000  -0.69005
 -5.91479  -0.43867  -1.06765  -0.43867  -1.06765   0.00000  -0.69005   0.00000  -0.69005
 -5.86466  -0.55107  -1.09527  -0.55107  -1.09527   0.00000  -0.69005   0.00000  -0.69005
 -5.81454  -0.31428  -1.11102  -0.31428  -1.11102   0.00000  -0.69005   0.00000  -0.69005
 -5.76441  -0.31463  -1.12680  -0.31463  -1.12680   0.00000  -0.69005   0.00000  -0.69005
 -5.71429  -0.23859  -1.13875  -0.23859  -1.13875  -0.00161  -0.69013  -0.00161  -0.69013
 -5.66416  -0.16191  -1.14687  -0.16191  -1.14687  -0.03978  -0.69213  -0.03978  -0.69213
 -5.61404  -0.27561  -1.16069  -0.27561  -1.16069  -0.06316  -0.69529  -0.06316  -0.69529
 -5.56391  -0.37528  -1.17950  -0.37528  -1.17950  -0.16171  -0.70340  -0.16171  -0.70340
 -5.51378  -0.27717  -1.19339  -0.27717  -1.19339  -0.17823  -0.71233  -0.17823  -0.71233
 -5.46366  -0.34058  -1.21046  -0.34058  -1.21046  -0.43221  -0.73400  -0.43221  -0.73400
 -5.41353  -0.40456  -1.23074  -0.40456  -1.23074  -0.59077  -0.76361  -0.59077  -0.76361
 -5.36341  -0.38728  -1.25015  -0.38728  -1.25015  -0.55381  -0.79137  -0.55381  -0.79137
 -5.31328  -0.34480  -1.26744  -0.34480  -1.26744  -0.35799  -0.80931  -0.35799  -0.80931
 -5.26316  -0.39923  -1.28745  -0.39923  -1.28745  -0.29185  -0.82394  -0.29185  -0.82394
 -5.21303  -0.51794  -1.31341  -0.51794  -1.31341  -0.26388  -0.83717  -0.26388  -0.83717
 -5.16291  -0.36676  -1.33179  -0.36676  -1.33179  -0.31669  -0.85304  -0.31669  -0.85304
 -5.11278  -0.23376  -1.34351  -0.23376  -1.34351  -0.32332  -0.86925  -0.32332  -0.86925
 -5.06266  -0.17931  -1.35250  -0.17931  -1.35250  -0.34388  -0.88649  -0.34388  -0.88649
 -5.01253  -0.16752  -1.36089  -0.16752  -1.36089  -0.25836  -0.89944  -0.25836  -0.89944
 -4.96241  -0.26522  -1.37419  -0.26522  -1.37419  -0.24694  -0.91182  -0.24694  -0.91182
 -4.91228  -0.24478  -1.38646  -0.24478  -1.38646  -0.25912  -0.92481  -0.25912  -0.92481
 -4.86216  -0.15252  -1.39410  -0.15252  -1.39410  -0.20525  -0.93509  -0.20525  -0.93509
 -4.81203  -0.15193  -1.40172  -0.15193  -1.40172  -0.25370  -0.94781  -0.25370  -0.94781
 -4.76190  -0.10849  -1.40716  -0.10849  -1.40716  -0.22106  -0.95889  -0.22106  -0.95889
 -4.71178  -0.08300  -1.41132  -0.08300  -1.41132  -0.26543  -0.97220  -0.26543  -0.97220
 -4.66165  -0.11427  -1.41705  -0.11427  -1.41705  -0.33033  -0.98875  -0.33033  -0.98875
 -4.61153  -0.11375  -1.42275  -0.11375  -1.42275  -0.33383  -1.00549  -0.33383  -1.00549
 -4.56140  -0.03603  -1.42455  -0.03603  -1.42455  -0.38206  -1.02464  -0.38206  -1.02464
 -4.51128  -0.00622  -1.42487  -0.00622  -1.42487  -0.35313  -1.04234  -0.35313  -1.04234
 -4.46115  -0.00245  -1.42499  -0.00245  -1.42499  -0.34846  -1.05981  -0.34846  -1.05981
 -4.41103  -0.01683  -1.42583  -0.01683  -1.42583  -0.30533  -1.07511  -0.30533  -1.07511
 -4.36090   0.02291  -1.42468   0.02291  -1.42468  -0.24028  -1.08715  -0.24028  -1.08715
 -4.31078  -0.04063  -1.42672  -0.04063  -1.42672  -0.26801  -1.10059  -0.26801  -1.10059
 -4.26065  -0.06970  -1.43021  -0.06970  -1.43021  -0.15458  -1.10834  -0.15458  -1.10834
 -4.21053  -0.10090  -1.43527  -0.10090  -1.43527  -0.19806  -1.11827  -0.19806  -1.11827
 -4.16040  -0.08935  -1.43975  -0.08935  -1.43975  -0.23068  -1.12983  -0.23068  -1.12983
 -4.11028  -0.10186  -1.44486  -0.10186  -1.44486  -0.21471  -1.14059  -0.21471  -1.14059
 -4.06015  -0.10036  -1.44989  -0.10036  -1.44989  -0.24794  -1.15302  -0.24794  -1.15302
 -4.01003  -0.06360  -1.45308  -0.06360  -1.45308  -0.32681  -1.16940  -0.32681  -1.16940
 -3.95990  -0.10120  -1.45815  -0.10120  -1.45815  -0.46288  -1.19260  -0.46288  -1.19260
 -3.90977  -0.05116  -1.46071  -0.05116  -1.46071  -0.33034  -1.20916  -0.33034  -1.20916
 -3.85965  -0.02900  -1.46217  -0.02900  -1.46217  -0.35293  -1.22685  -0.35293  -1.22685
 -3.80952  -0.03834  -1.46409  -0.03834  -1.46409  -0.30696  -1.24224  -0.30696  -1.24224
 -3.75940   0.00813  -1.46368   0.00813  -1.46368  -0.14497  -1.24950  -0.14497  -1.24950
 -3.70927   0.02941  -1.46221   0.02941  -1.46221  -0.09483  -1.25426  -0.09483  -1.25426
 -3.65915  -0.00188  -1.46230  -0.00188  -1.46230  -0.10636  -1.25959  -0.10636  -1.25959
 -3.60902  -0.05609  -1.46511  -0.05609  -1.46511  -0.08888  -1.26404  -0.08888  -1.26404
 -3.55890  -0.01750  -1.46599  -0.01750  -1.46599  -0.09044  -1.26858  -0.09044  -1.26858
 -3.50877   0.03685  -1.46414   0.03685  -1.46414  -0.07087  -1.27213  -0.07087  -1.27213
 -3.45865  -0.00355  -1.46432  -0.00355  -1.46432  -0.07547  -1.27591  -0.07547  -1.27591
 -3.40852  -0.02331  -1.46549  -0.02331  -1.46549  -0.07810  -1.27983  -0.07810  -1.27983
 -3.35840  -0.05866  -1.46843  -0.05866  -1.46843  -0.08835  -1.28426  -0.08835  -1.28426
 -3.30827  -0.01817  -1.46934  -0.01817  -1.46934  -0.09219  -1.28888  -0.09219  -1.28888
 -3.25815   0.07316  -1.46567   0.07316  -1.46567  -0.10722  -1.29425  -0.10722  -1.29425
 -3.20802   0.11977  -1.45967   0.11977  -1.45967  -0.15219  -1.30188  -0.15219  -1.30188
 -3.15789   0.08290  -1.45551   0.08290  -1.45551  -0.18531  -1.31117  -0.18531  -1.31117
 -3.10777   0.08715  -1.45115   0.08715  -1.45115  -0.18866  -1.32062  -0.18866  -1.32062
 -3.05764   0.11214  -1.44552   0.11214  -1.44552  -0.16137  -1.32871  -0.16137  -1.32871
 -3.00752   0.15720  -1.43764   0.15720  -1.43764  -0.14255  -1.33586  -0.14255  -1.33586
 -2.95739   0.11920  -1.43167   0.11920  -1.43167  -0.20361  -1.34606  -0.20361  -1.34606
 -2.90727   0.13320  -1.42499   0.13320  -1.42499  -0.18203  -1.35519  -0.18203  -1.35519
 -2.85714   0.18215  -1.41586   0.18215  -1.41586  -0.16519  -1.36347  -0.16519  -1.36347
 -2.80702   0.22040  -1.40481   0.22040  -1.40481  -0.13764  -1.37037  -0.13764  -1.37037
 -2.75689   0.18056  -1.39576   0.18056  -1.39576  -0.10746  -1.37576  -0.10746  -1.37576
 -2.70677   0.13328  -1.38908   0.13328  -1.38908  -0.06884  -1.37921  -0.06884  -1.37921
 -2.65664   0.14078  -1.38203   0.14078  -1.38203  -0.02786  -1.38060  -0.02786  -1.38060
 -2.60652   0.12483  -1.37577   0.12483  -1.37577  -0.04151  -1.38268  -0.04151  -1.38268
 -2.55639   0.13564  -1.36897   0.13564  -1.36897  -0.09454  -1.38742  -0.09454  -1.38742
 -2.50627   0.14729  -1.36159   0.14729  -1.36159  -0.05307  -1.39008  -0.05307  -1.39008
 -2.45614   0.14554  -1.35429   0.14554  -1.35429   0.00410  -1.38988   0.00410  -1.38988
 -2.40602   0.16355  -1.34609   0.16355  -1.34609  -0.02378  -1.39107  -0.02378  -1.39107
 -2.35589   0.16332  -1.33791   0.16332  -1.33791  -0.06487  -1.39432  -0.06487  -1.39432
 -2.30576   0.11391  -1.33220   0.11391  -1.33220  -0.01643  -1.39514  -0.01643  -1.39514
 -2.25564   0.20939  -1.32170   0.20939  -1.32170  -0.01771  -1.39603  -0.01771  -1.39603
 -2.20551   0.17561  -1.31290   0.17561  -1.31290  -0.03460  -1.39777  -0.03460  -1.39777
 -2.15539   0.14737  -1.30551   0.14737  -1.30551  -0.02812  -1.39918  -0.02812  -1.39918
 -2.10526   0.17583  -1.29670   0.17583  -1.29670  -0.02649  -1.40050  -0.02649  -1.40050
 -2.05514   0.20033  -1.28666   0.20033  -1.28666  -0.00759  -1.40088  -0.00759  -1.40088
 -2.00501   0.16343  -1.27847   0.16343  -1.27847   0.00189  -1.40079   0.00189  -1.40079
 -1.95489   0.16471  -1.27021   0.16471  -1.27021  -0.00605  -1.40109  -0.00605  -1.40109
 -1.90476   0.19712  -1.26033   0.19712  -1.26033  -0.01726  -1.40196  -0.01726  -1.40196
 -1.85464   0.20345  -1.25013   0.20345  -1.25013  -0.03299  -1.40361  -0.03299  -1.40361
 -1.80451   0.14601  -1.24281   0.14601  -1.24281  -0.02035  -1.40463  -0.02035  -1.40463
 -1.75439   0.18564  -1.23351   0.18564  -1.23351  -0.00926  -1.40510  -0.00926  -1.40510
 -1.70426   0.13767  -1.22661   0.13767  -1.22661  -0.00305  -1.40525  -0.00305  -1.40525
 -1.65414   0.09136  -1.22203   0.09136  -1.22203  -0.00883  -1.40569  -0.00883  -1.40569
 -1.60401   0.07785  -1.21812   0.07785  -1.21812  -0.00775  -1.40608  -0.00775  -1.40608
 -1.55388   0.06555  -1.21484   0.06555  -1.21484   0.00257  -1.40595   0.00257  -1.40595
 -1.50376   0.07279  -1.21119   0.07279  -1.21119  -0.00201  -1.40605  -0.00201  -1.40605
 -1.45363   0.13457  -1.20444   0.13457  -1.20444  -0.00061  -1.40608  -0.00061  -1.40608
 -1.40351   0.13179  -1.19784   0.13179  -1.19784   0.01640  -1.40526   0.01640  -1.40526
 -1.35338   0.09802  -1.19293   0.09802  -1.19293   0.01224  -1.40465   0.01224  -1.40465
 -1.30326   0.06460  -1.18969   0.06460  -1.18969   0.00015  -1.40464   0.00015  -1.40464
 -1.25313   0.04194  -1.18759   0.04194  -1.18759  -0.01152  -1.40522  -0.01152  -1.40522
 -1.20301   0.05179  -1.18499   0.05179  -1.18499  -0.00505  -1.40547  -0.00505  -1.40547
 -1.15288   0.09799  -1.18008   0.09799  -1.18008  -0.00283  -1.40561  -0.00283  -1.40561
 -1.10276   0.09800  -1.17517   0.09800  -1.17517  -0.00351  -1.40579  -0.00351  -1.40579
 -1.05263   0.05746  -1.17228   0.05746  -1.17228  -0.00619  -1.40610  -0.00619  -1.40610
 -1.00251   0.03373  -1.17059   0.03373  -1.17059  -0.00766  -1.40648  -0.00766  -1.40648
 -0.95238   0.08404  -1.16638   0.08404  -1.16638  -0.00752  -1.40686  -0.00752  -1.40686
 -0.90226   0.07301  -1.16272   0.07301  -1.16272  -0.01875  -1.40780  -0.01875  -1.40780
 -0.85213   0.06171  -1.15963   0.06171  -1.15963  -0.02057  -1.40883  -0.02057  -1.40883
 -0.80201   0.05067  -1.15709   0.05067  -1.15709  -0.01453  -1.40956  -0.01453  -1.40956
 -0.75188   0.07875  -1.15314   0.07875  -1.15314  -0.00638  -1.40988  -0.00638  -1.40988
 -0.70175   0.03316  -1.15148   0.03316  -1.15148  -0.01486  -1.41062  -0.01486  -1.41062
 -0.65163   0.01268  -1.15084   0.01268  -1.15084  -0.00689  -1.41097  -0.00689  -1.41097
 -0.60150   0.00968  -1.15036   0.00968  -1.15036   0.00000  -1.41097   0.00000  -1.41097
 -0.55138   0.00642  -1.15004   0.00642  -1.15004   0.00000  -1.41097   0.00000  -1.41097
 -0.50125   0.01662  -1.14920   0.01662  -1.14920   0.00000  -1.41097   0.00000  -1.41097
 -0.45113   0.04071  -1.14716   0.04071  -1.14716   0.00000  -1.41097   0.00000  -1.41097
 -0.40100   0.04165  -1.14508   0.04165  -1.14508   0.00000  -1.41097   0.00000  -1.41097
 -0.35088   0.02974  -1.14359   0.02974  -1.14359   0.00000  -1.41097   0.00000  -1.41097
 -0.30075   0.00328  -1.14342   0.00328  -1.14342   0.00000  -1.41097   0.00000  -1.41097
 -0.25063   0.00257  -1.14329   0.00257  -1.14329   0.00000  -1.41097   0.00000  -1.41097
 -0.20050   0.00332  -1.14313   0.00332  -1.14313   0.00000  -1.41097   0.00000  -1.41097
 -0.15038   0.00012  -1.14312   0.00012  -1.14312   0.00000  -1.41097   0.00000  -1.41097
 -0.10025   0.00074  -1.14308   0.00074  -1.14308   0.00000  -1.41097   0.00000  -1.41097
 -0.05013   0.00311  -1.14293   0.00311  -1.14293   0.00000  -1.41097   0.00000  -1.41097
  0.00000   0.00553  -1.14265   0.00553  -1.14265   0.00000  -1.41097   0.00000  -1.41097
  0.05013   0.00000  -1.14265   0.00000  -1.14265   0.00000  -1.41097   0.00000  -1.41097
  0.10025   0.00000  -1.14265   0.00000  -1.14265   0.00000  -1.41097   0.00000  -1.41097
  0.15038   0.00000  -1.14265   0.00000  -1.14265   0.00000  -1.41097   0.00000  -1.41097
  0.20050   0.00000  -1.14265   0.00000  -1.14265   0.00000  -1.41097   0.00000  -1.41097
  0.25063   0.00000  -1.14265   0.00000  -1.14265   0.00000  -1.41097   0.00000  -1.41097
  0.30075   0.00000  -1.14265   0.00000  -1.14265   0.00000  -1.41097   0.00000  -1.41097
  0.35088   0.00000  -1.14265   0.00000  -1.14265   0.00000  -1.41097   0.00000  -1.41097
  0.40100   0.00000  -1.14265   0.00000  -1.14265   0.00000  -1.41097   0.00000  -1.41097
  0.45113   0.00000  -1.14265   0.00000  -1.14265   0.00000  -1.41097   0.00000  -1.41097
  0.50125   0.00000  -1.14265   0.00000  -1.14265   0.00000  -1.41097   0.00000  -1.41097
  0.55138   0.00000  -1.14265   0.00000  -1.14265   0.00000  -1.41097   0.00000  -1.41097
  0.60150   0.00000  -1.14265   0.00000  -1.14265   0.00000  -1.41097   0.00000  -1.41097
  0.65163   0.00000  -1.14265   0.00000  -1.14265   0.00000  -1.41097   0.00000  -1.41097
  0.70175   0.00000  -1.14265   0.00000  -1.14265   0.00000  -1.41097   0.00000  -1.41097
  0.75188   0.00000  -1.14265   0.00000  -1.14265   0.00000  -1.41097   0.00000  -1.41097
  0.80201   0.00000  -1.14265   0.00000  -1.14265   0.00000  -1.41097   0.00000  -1.41097
  0.85213   0.00000  -1.14265   0.00000  -1.14265   0.00000  -1.41097   0.00000  -1.41097
  0.90226   0.00000  -1.14265   0.00000  -1.14265   0.00000  -1.41097   0.00000  -1.41097
  0.95238   0.00000  -1.14265   0.00000  -1.14265   0.00000  -1.41097   0.00000  -1.41097
  1.00251   0.08510  -1.13838   0.08510  -1.13838   0.00000  -1.41097   0.00000  -1.41097
  1.05263   0.29039  -1.12383   0.29039  -1.12383   0.00000  -1.41097   0.00000  -1.41097
  1.10276   0.75573  -1.08595   0.75573  -1.08595   0.00000  -1.41097   0.00000  -1.41097
  1.15288   0.79866  -1.04591   0.79866  -1.04591   0.00000  -1.41097   0.00000  -1.41097
  1.20301   0.73763  -1.00894   0.73763  -1.00894   0.00000  -1.41097   0.00000  -1.41097
  1.25313   0.53230  -0.98226   0.53230  -0.98226   0.00000  -1.41097   0.00000  -1.41097
  1.30326   0.50118  -0.95714   0.50118  -0.95714   0.00000  -1.41097   0.00000  -1.41097
  1.35338   0.58696  -0.92771   0.58696  -0.92771   0.00000  -1.41097   0.00000  -1.41097
  1.40351   0.70779  -0.89224   0.70779  -0.89224   0.00000  -1.41097   0.00000  -1.41097
  1.45363   0.51243  -0.86655   0.51243  -0.86655   0.00000  -1.41097   0.00000  -1.41097
  1.50376   0.60430  -0.83626   0.60430  -0.83626   0.00000  -1.41097   0.00000  -1.41097
  1.55388   0.72843  -0.79975   0.72843  -0.79975   0.00000  -1.41097   0.00000  -1.41097
  1.60401   1.04338  -0.74745   1.04338  -0.74745   0.00000  -1.41097   0.00000  -1.41097
  1.65414   0.93692  -0.70048   0.93692  -0.70048   0.00000  -1.41097   0.00000  -1.41097
  1.70426   0.60526  -0.67014   0.60526  -0.67014   0.00000  -1.41097   0.00000  -1.41097
  1.75439   0.33279  -0.65346   0.33279  -0.65346   0.00000  -1.41097   0.00000  -1.41097
  1.80451   0.59692  -0.62354   0.59692  -0.62354   0.00000  -1.41097   0.00000  -1.41097
  1.85464   0.57974  -0.59448   0.57974  -0.59448   0.00000  -1.41097   0.00000  -1.41097
  1.90476   0.49831  -0.56950   0.49831  -0.56950   0.00000  -1.41097   0.00000  -1.41097
  1.95489   0.25600  -0.55667   0.25600  -0.55667   0.00000  -1.41097   0.00000  -1.41097
  2.00501   0.07946  -0.55269   0.07946  -0.55269   0.00000  -1.41097   0.00000  -1.41097
  2.05514   0.04748  -0.55031   0.04748  -0.55031   0.00000  -1.41097   0.00000  -1.41097
  2.10526   0.01197  -0.54971   0.01197  -0.54971   0.00000  -1.41097   0.00000  -1.41097
  2.15539   0.00116  -0.54965   0.00116  -0.54965   0.00000  -1.41097   0.00000  -1.41097
  2.20551   0.00016  -0.54964   0.00016  -0.54964   0.00000  -1.41097   0.00000  -1.41097
  2.25564   0.00000  -0.54964   0.00000  -0.54964   0.00000  -1.41097   0.00000  -1.41097
  2.30576   0.00000  -0.54964   0.00000  -0.54964   0.00000  -1.41097   0.00000  -1.41097
  2.35589   0.00000  -0.54964   0.00000  -0.54964   0.00000  -1.41097   0.00000  -1.41097
  2.40602   0.00000  -0.54964   0.00000  -0.54964   0.00000  -1.41097   0.00000  -1.41097
  2.45614   0.00000  -0.54964   0.00000  -0.54964   0.00000  -1.41097   0.00000  -1.41097
  2.50627   0.00000  -0.54964   0.00000  -0.54964   0.00000  -1.41097   0.00000  -1.41097
  2.55639   0.00000  -0.54964   0.00000  -0.54964   0.00000  -1.41097   0.00000  -1.41097
  2.60652   0.00000  -0.54964   0.00000  -0.54964   0.11606  -1.40515   0.11606  -1.40515
  2.65664   0.00000  -0.54964   0.00000  -0.54964   0.33548  -1.38833   0.33548  -1.38833
  2.70677   0.00000  -0.54964   0.00000  -0.54964   0.34918  -1.37083   0.34918  -1.37083
  2.75689   0.00000  -0.54964   0.00000  -0.54964   0.36007  -1.35278   0.36007  -1.35278
  2.80702   0.00000  -0.54964   0.00000  -0.54964   0.26712  -1.33939   0.26712  -1.33939
  2.85714   0.00000  -0.54964   0.00000  -0.54964   0.09621  -1.33457   0.09621  -1.33457
  2.90727   0.00000  -0.54964   0.00000  -0.54964   0.18424  -1.32534   0.18424  -1.32534
  2.95739   0.00000  -0.54964   0.00000  -0.54964   0.29980  -1.31031   0.29980  -1.31031
  3.00752   0.00000  -0.54964   0.00000  -0.54964   0.74949  -1.27274   0.74949  -1.27274
  3.05764   0.00000  -0.54964   0.00000  -0.54964   0.33786  -1.25580   0.33786  -1.25580
  3.10777   0.00000  -0.54964   0.00000  -0.54964   0.21461  -1.24505   0.21461  -1.24505
  3.15789   0.00000  -0.54964   0.00000  -0.54964   0.15540  -1.23726   0.15540  -1.23726
  3.20802   0.00000  -0.54964   0.00000  -0.54964   0.36573  -1.21893   0.36573  -1.21893
  3.25815   0.00000  -0.54964   0.00000  -0.54964   0.46378  -1.19568   0.46378  -1.19568
  3.30827   0.00000  -0.54964   0.00000  -0.54964   0.48706  -1.17126   0.48706  -1.17126
  3.35840   0.00000  -0.54964   0.00000  -0.54964   0.43597  -1.14941   0.43597  -1.14941
  3.40852   0.00000  -0.54964   0.00000  -0.54964   0.13166  -1.14281   0.13166  -1.14281
  3.45865   0.00000  -0.54964   0.00000  -0.54964   0.06134  -1.13974   0.06134  -1.13974
  3.50877   0.00000  -0.54964   0.00000  -0.54964   0.11515  -1.13397   0.11515  -1.13397
  3.55890   0.00000  -0.54964   0.00000  -0.54964   0.13730  -1.12708   0.13730  -1.12708
  3.60902   0.00000  -0.54964   0.00000  -0.54964   0.50201  -1.10192   0.50201  -1.10192
  3.65915   0.00000  -0.54964   0.00000  -0.54964   0.84430  -1.05960   0.84430  -1.05960
  3.70927   0.00000  -0.54964   0.00000  -0.54964   1.09378  -1.00477   1.09378  -1.00477
  3.75940   0.00000  -0.54964   0.00000  -0.54964   1.04412  -0.95244   1.04412  -0.95244
  3.80952   0.00000  -0.54964   0.00000  -0.54964   1.31948  -0.88630   1.31948  -0.88630
  3.85965   0.00000  -0.54964   0.00000  -0.54964   1.48722  -0.81175   1.48722  -0.81175
  3.90977   0.00000  -0.54964   0.00000  -0.54964   1.57496  -0.73280   1.57496  -0.73280
  3.95990   0.00000  -0.54964   0.00000  -0.54964   1.11586  -0.67687   1.11586  -0.67687
  4.01003   0.00000  -0.54964   0.00000  -0.54964   0.62838  -0.64537   0.62838  -0.64537
  4.06015   0.00000  -0.54964   0.00000  -0.54964   0.69395  -0.61059   0.69395  -0.61059
  4.11028   0.00000  -0.54964   0.00000  -0.54964   1.13012  -0.55394   1.13012  -0.55394
  4.16040   0.00000  -0.54964   0.00000  -0.54964   0.26111  -0.54085   0.26111  -0.54085
  4.21053   0.00000  -0.54964   0.00000  -0.54964   0.05320  -0.53819   0.05320  -0.53819
  4.26065   0.00000  -0.54964   0.00000  -0.54964   0.04046  -0.53616   0.04046  -0.53616
  4.31078   0.00000  -0.54964   0.00000  -0.54964   0.01600  -0.53536   0.01600  -0.53536
  4.36090   0.00000  -0.54964   0.00000  -0.54964   0.00568  -0.53507   0.00568  -0.53507
  4.41103   0.00000  -0.54964   0.00000  -0.54964   0.00246  -0.53495   0.00246  -0.53495
  4.46115   0.00000  -0.54964   0.00000  -0.54964   0.00272  -0.53481   0.00272  -0.53481
  4.51128   0.00000  -0.54964   0.00000  -0.54964   0.00000  -0.53481   0.00000  -0.53481
  4.56140   0.00000  -0.54964   0.00000  -0.54964   0.00000  -0.53481   0.00000  -0.53481
  4.61153   0.00000  -0.54964   0.00000  -0.54964   0.00000  -0.53481   0.00000  -0.53481
  4.66165   0.00000  -0.54964   0.00000  -0.54964   0.00000  -0.53481   0.00000  -0.53481
  4.71178   0.00000  -0.54964   0.00000  -0.54964   0.00000  -0.53481   0.00000  -0.53481
  4.76190   0.00000  -0.54964   0.00000  -0.54964   0.00000  -0.53481   0.00000  -0.53481
  4.81203   0.00000  -0.54964   0.00000  -0.54964   0.00000  -0.53481   0.00000  -0.53481
  4.86216   0.00000  -0.54964   0.00000  -0.54964   0.00000  -0.53481   0.00000  -0.53481
  4.91228   0.00000  -0.54964   0.00000  -0.54964   0.00000  -0.53481   0.00000  -0.53481
  4.96241   0.00000  -0.54964   0.00000  -0.54964   0.00000  -0.53481   0.00000  -0.53481
  5.01253   0.00000  -0.54964   0.00000  -0.54964   0.00000  -0.53481   0.00000  -0.53481
  5.06266   0.00000  -0.54964   0.00000  -0.54964   0.00000  -0.53481   0.00000  -0.53481
  5.11278   0.00000  -0.54964   0.00000  -0.54964   0.00000  -0.53481   0.00000  -0.53481
  5.16291   0.00000  -0.54964   0.00000  -0.54964   0.00000  -0.53481   0.00000  -0.53481
  5.21303   0.00000  -0.54964   0.00000  -0.54964   0.00000  -0.53481   0.00000  -0.53481
  5.26316   0.00000  -0.54964   0.00000  -0.54964   0.00000  -0.53481   0.00000  -0.53481
  5.31328   0.00000  -0.54964   0.00000  -0.54964   0.00000  -0.53481   0.00000  -0.53481
  5.36341   0.00000  -0.54964   0.00000  -0.54964   0.00000  -0.53481   0.00000  -0.53481
  5.41353   0.00000  -0.54964   0.00000  -0.54964   0.00000  -0.53481   0.00000  -0.53481
  5.46366   0.00000  -0.54964   0.00000  -0.54964   0.00000  -0.53481   0.00000  -0.53481
  5.51378   0.00000  -0.54964   0.00000  -0.54964   0.00000  -0.53481   0.00000  -0.53481
  5.56391   0.00000  -0.54964   0.00000  -0.54964   0.00000  -0.53481   0.00000  -0.53481
  5.61404   0.00000  -0.54964   0.00000  -0.54964   0.00000  -0.53481   0.00000  -0.53481
  5.66416   0.00000  -0.54964   0.00000  -0.54964   0.00000  -0.53481   0.00000  -0.53481
  5.71429   0.00000  -0.54964   0.00000  -0.54964   0.00000  -0.53481   0.00000  -0.53481
  5.76441   0.00000  -0.54964   0.00000  -0.54964   0.00000  -0.53481   0.00000  -0.53481
  5.81454   0.00000  -0.54964   0.00000  -0.54964   0.00000  -0.53481   0.00000  -0.53481
  5.86466   0.00000  -0.54964   0.00000  -0.54964   0.00000  -0.53481   0.00000  -0.53481
  5.91479   0.00000  -0.54964   0.00000  -0.54964   0.00000  -0.53481   0.00000  -0.53481
  5.96491   0.00009  -0.54964   0.00009  -0.54964   0.00000  -0.53481   0.00000  -0.53481
  6.01504   0.00120  -0.54958   0.00120  -0.54958   0.00000  -0.53481   0.00000  -0.53481
  6.06516   0.00335  -0.54941   0.00335  -0.54941   0.00000  -0.53481   0.00000  -0.53481
  6.11529   0.00563  -0.54913   0.00563  -0.54913   0.00000  -0.53481   0.00000  -0.53481
  6.16541   0.00636  -0.54881   0.00636  -0.54881   0.00000  -0.53481   0.00000  -0.53481
  6.21554   0.00605  -0.54851   0.00605  -0.54851   0.00018  -0.53480   0.00018  -0.53480
  6.26566   0.00673  -0.54817   0.00673  -0.54817   0.00159  -0.53472   0.00159  -0.53472
  6.31579   0.00960  -0.54769   0.00960  -0.54769   0.00377  -0.53453   0.00377  -0.53453
  6.36591   0.01466  -0.54695   0.01466  -0.54695   0.00578  -0.53424   0.00578  -0.53424
  6.41604   0.02391  -0.54575   0.02391  -0.54575   0.00590  -0.53395   0.00590  -0.53395
  6.46617   0.03872  -0.54381   0.03872  -0.54381   0.00575  -0.53366   0.00575  -0.53366
  6.51629   0.03833  -0.54189   0.03833  -0.54189   0.00741  -0.53329   0.00741  -0.53329
  6.56642   0.03773  -0.54000   0.03773  -0.54000   0.01132  -0.53272   0.01132  -0.53272
  6.61654   0.03680  -0.53816   0.03680  -0.53816   0.01779  -0.53183   0.01779  -0.53183
  6.66667   0.03444  -0.53643   0.03444  -0.53643   0.03290  -0.53018   0.03290  -0.53018
  6.71679   0.03356  -0.53475   0.03356  -0.53475   0.03764  -0.52829   0.03764  -0.52829
  6.76692   0.04238  -0.53262   0.04238  -0.53262   0.03538  -0.52652   0.03538  -0.52652
  6.81704   0.08242  -0.52849   0.08242  -0.52849   0.03561  -0.52474   0.03561  -0.52474
  6.86717   0.09869  -0.52355   0.09869  -0.52355   0.03320  -0.52307   0.03320  -0.52307
  6.91729   0.08858  -0.51911   0.08858  -0.51911   0.03205  -0.52147   0.03205  -0.52147
  6.96742   0.07758  -0.51522   0.07758  -0.51522   0.03545  -0.51969   0.03545  -0.51969
  7.01754   0.07507  -0.51145   0.07507  -0.51145   0.06873  -0.51624   0.06873  -0.51624
  7.06767   0.07636  -0.50763   0.07636  -0.50763   0.09354  -0.51156   0.09354  -0.51156
  7.11779   0.07778  -0.50373   0.07778  -0.50373   0.08714  -0.50719   0.08714  -0.50719
  7.16792   0.08406  -0.49951   0.08406  -0.49951   0.07215  -0.50357   0.07215  -0.50357
  7.21805   0.09837  -0.49458   0.09837  -0.49458   0.06888  -0.50012   0.06888  -0.50012
  7.26817   0.10706  -0.48922   0.10706  -0.48922   0.07242  -0.49649   0.07242  -0.49649
  7.31830   0.10533  -0.48394   0.10533  -0.48394   0.07500  -0.49273   0.07500  -0.49273
  7.36842   0.10113  -0.47887   0.10113  -0.47887   0.08001  -0.48872   0.08001  -0.48872
  7.41855   0.09530  -0.47409   0.09530  -0.47409   0.08749  -0.48433   0.08749  -0.48433
  7.46867   0.07796  -0.47018   0.07796  -0.47018   0.09296  -0.47967   0.09296  -0.47967
  7.51880   0.06693  -0.46683   0.06693  -0.46683   0.10559  -0.47438   0.10559  -0.47438
  7.56892   0.08946  -0.46234   0.08946  -0.46234   0.10446  -0.46914   0.10446  -0.46914
  7.61905   0.12756  -0.45595   0.12756  -0.45595   0.09751  -0.46426   0.09751  -0.46426
  7.66917   0.07412  -0.45223   0.07412  -0.45223   0.08682  -0.45990   0.08682  -0.45990
  7.71930   0.03444  -0.45051   0.03444  -0.45051   0.07393  -0.45620   0.07393  -0.45620
  7.76942   0.03986  -0.44851   0.03986  -0.44851   0.06938  -0.45272   0.06938  -0.45272
  7.81955   0.04714  -0.44615   0.04714  -0.44615   0.09583  -0.44792   0.09583  -0.44792
  7.86967   0.05465  -0.44341   0.05465  -0.44341   0.12830  -0.44149   0.12830  -0.44149
  7.91980   0.05921  -0.44044   0.05921  -0.44044   0.05545  -0.43871   0.05545  -0.43871
  7.96992   0.05616  -0.43762   0.05616  -0.43762   0.03848  -0.43678   0.03848  -0.43678
  8.02005   0.07825  -0.43370   0.07825  -0.43370   0.05085  -0.43423   0.05085  -0.43423
  8.07018   0.08052  -0.42967   0.08052  -0.42967   0.06479  -0.43098   0.06479  -0.43098
  8.12030   0.08228  -0.42554   0.08228  -0.42554   0.05286  -0.42833   0.05286  -0.42833
  8.17043   0.09374  -0.42084   0.09374  -0.42084   0.07308  -0.42467   0.07308  -0.42467
  8.22055   0.10932  -0.41536   0.10932  -0.41536   0.11529  -0.41889   0.11529  -0.41889
  8.27068   0.12145  -0.40928   0.12145  -0.40928   0.09636  -0.41406   0.09636  -0.41406
  8.32080   0.13043  -0.40274   0.13043  -0.40274   0.09435  -0.40933   0.09435  -0.40933
  8.37093   0.13460  -0.39599   0.13460  -0.39599   0.09685  -0.40448   0.09685  -0.40448
  8.42105   0.12120  -0.38992   0.12120  -0.38992   0.09385  -0.39977   0.09385  -0.39977
  8.47118   0.12365  -0.38372   0.12365  -0.38372   0.11372  -0.39407   0.11372  -0.39407
  8.52130   0.13038  -0.37718   0.13038  -0.37718   0.13733  -0.38719   0.13733  -0.38719
  8.57143   0.09823  -0.37226   0.09823  -0.37226   0.10958  -0.38169   0.10958  -0.38169
  8.62155   0.11617  -0.36644   0.11617  -0.36644   0.12327  -0.37552   0.12327  -0.37552
  8.67168   0.15270  -0.35878   0.15270  -0.35878   0.10200  -0.37040   0.10200  -0.37040
  8.72180   0.12067  -0.35273   0.12067  -0.35273   0.10730  -0.36502   0.10730  -0.36502
  8.77193   0.15353  -0.34504   0.15353  -0.34504   0.10724  -0.35965   0.10724  -0.35965
  8.82206   0.15385  -0.33733   0.15385  -0.33733   0.14469  -0.35240   0.14469  -0.35240
  8.87218   0.13895  -0.33036   0.13895  -0.33036   0.10106  -0.34733   0.10106  -0.34733
  8.92231   0.11768  -0.32446   0.11768  -0.32446   0.13893  -0.34037   0.13893  -0.34037
  8.97243   0.11287  -0.31880   0.11287  -0.31880   0.13888  -0.33341   0.13888  -0.33341
  9.02256   0.09743  -0.31392   0.09743  -0.31392   0.12267  -0.32726   0.12267  -0.32726
  9.07268   0.09629  -0.30909   0.09629  -0.30909   0.11273  -0.32161   0.11273  -0.32161
  9.12281   0.13968  -0.30209   0.13968  -0.30209   0.11891  -0.31565   0.11891  -0.31565
  9.17293   0.10950  -0.29660   0.10950  -0.29660   0.08980  -0.31114   0.08980  -0.31114
  9.22306   0.09524  -0.29183   0.09524  -0.29183   0.09313  -0.30648   0.09313  -0.30648
  9.27318   0.08443  -0.28760   0.08443  -0.28760   0.12396  -0.30026   0.12396  -0.30026
  9.32331   0.08487  -0.28334   0.08487  -0.28334   0.09421  -0.29554   0.09421  -0.29554
  9.37343   0.09464  -0.27860   0.09464  -0.27860   0.08530  -0.29126   0.08530  -0.29126
  9.42356   0.09947  -0.27361   0.09947  -0.27361   0.07988  -0.28726   0.07988  -0.28726
  9.47368   0.09955  -0.26862   0.09955  -0.26862   0.09553  -0.28247   0.09553  -0.28247
  9.52381   0.08540  -0.26434   0.08540  -0.26434   0.09838  -0.27754   0.09838  -0.27754
  9.57393   0.11918  -0.25837   0.11918  -0.25837   0.09881  -0.27259   0.09881  -0.27259
  9.62406   0.16411  -0.25014   0.16411  -0.25014   0.09481  -0.26784   0.09481  -0.26784
  9.67419   0.11322  -0.24447   0.11322  -0.24447   0.09749  -0.26295   0.09749  -0.26295
  9.72431   0.11232  -0.23884   0.11232  -0.23884   0.13911  -0.25598   0.13911  -0.25598
  9.77444   0.11181  -0.23323   0.11181  -0.23323   0.16190  -0.24786   0.16190  -0.24786
  9.82456   0.10956  -0.22774   0.10956  -0.22774   0.11851  -0.24192   0.11851  -0.24192
  9.87469   0.13421  -0.22101   0.13421  -0.22101   0.10209  -0.23680   0.10209  -0.23680
  9.92481   0.19285  -0.21135   0.19285  -0.21135   0.11661  -0.23096   0.11661  -0.23096
  9.97494   0.15689  -0.20348   0.15689  -0.20348   0.10749  -0.22557   0.10749  -0.22557
 10.02506   0.13870  -0.19653   0.13870  -0.19653   0.10756  -0.22018   0.10756  -0.22018