ESCALE ; pCOHP file generated by LOBSTER. Energy is shifted such that the Fermi level lies at 0 eV.
         2          2        401  -5.82964e+00   1.42205e+01   4.19543e+00 
Average
No.1:Mn42->O68(1.9289159619649847)
-10.02506   0.00000  -0.70873   0.00000  -0.70873   0.00000  -0.70807   0.00000  -0.70807
 -9.97494   0.00000  -0.70873   0.00000  -0.70873   0.00000  -0.70807   0.00000  -0.70807
 -9.92481   0.00000  -0.70873   0.00000  -0.70873   0.00000  -0.70807   0.00000  -0.70807
 -9.87469   0.00000  -0.70873   0.00000  -0.70873   0.00000  -0.70807   0.00000  -0.70807
 -9.82456   0.00000  -0.70873   0.00000  -0.70873   0.00000  -0.70807   0.00000  -0.70807
 -9.77444   0.00000  -0.70873   0.00000  -0.70873   0.00000  -0.70807   0.00000  -0.70807
 -9.72431   0.00000  -0.70873   0.00000  -0.70873   0.00000  -0.70807   0.00000  -0.70807
 -9.67419   0.00000  -0.70873   0.00000  -0.70873   0.00000  -0.70807   0.00000  -0.70807
 -9.62406   0.00000  -0.70873   0.00000  -0.70873   0.00000  -0.70807   0.00000  -0.70807
 -9.57393   0.00000  -0.70873   0.00000  -0.70873   0.00000  -0.70807   0.00000  -0.70807
 -9.52381   0.00000  -0.70873   0.00000  -0.70873   0.00000  -0.70807   0.00000  -0.70807
 -9.47368   0.00000  -0.70873   0.00000  -0.70873   0.00000  -0.70807   0.00000  -0.70807
 -9.42356   0.00000  -0.70873   0.00000  -0.70873   0.00000  -0.70807   0.00000  -0.70807
 -9.37343   0.00000  -0.70873   0.00000  -0.70873   0.00000  -0.70807   0.00000  -0.70807
 -9.32331   0.00000  -0.70873   0.00000  -0.70873   0.00000  -0.70807   0.00000  -0.70807
 -9.27318   0.00000  -0.70873   0.00000  -0.70873   0.00000  -0.70807   0.00000  -0.70807
 -9.22306   0.00000  -0.70873   0.00000  -0.70873   0.00000  -0.70807   0.00000  -0.70807
 -9.17293   0.00000  -0.70873   0.00000  -0.70873   0.00000  -0.70807   0.00000  -0.70807
 -9.12281   0.00000  -0.70873   0.00000  -0.70873   0.00000  -0.70807   0.00000  -0.70807
 -9.07268   0.00000  -0.70873   0.00000  -0.70873   0.00000  -0.70807   0.00000  -0.70807
 -9.02256   0.00000  -0.70873   0.00000  -0.70873   0.00000  -0.70807   0.00000  -0.70807
 -8.97243   0.00000  -0.70873   0.00000  -0.70873   0.00000  -0.70807   0.00000  -0.70807
 -8.92231   0.00000  -0.70873   0.00000  -0.70873   0.00000  -0.70807   0.00000  -0.70807
 -8.87218   0.00000  -0.70873   0.00000  -0.70873   0.00000  -0.70807   0.00000  -0.70807
 -8.82206   0.00000  -0.70873   0.00000  -0.70873   0.00000  -0.70807   0.00000  -0.70807
 -8.77193   0.00000  -0.70873   0.00000  -0.70873   0.00000  -0.70807   0.00000  -0.70807
 -8.72180   0.00000  -0.70873   0.00000  -0.70873   0.00000  -0.70807   0.00000  -0.70807
 -8.67168   0.00000  -0.70873   0.00000  -0.70873   0.00000  -0.70807   0.00000  -0.70807
 -8.62155   0.00000  -0.70873   0.00000  -0.70873   0.00000  -0.70807   0.00000  -0.70807
 -8.57143   0.00000  -0.70873   0.00000  -0.70873   0.00000  -0.70807   0.00000  -0.70807
 -8.52130   0.00000  -0.70873   0.00000  -0.70873   0.00000  -0.70807   0.00000  -0.70807
 -8.47118   0.00000  -0.70873   0.00000  -0.70873   0.00000  -0.70807   0.00000  -0.70807
 -8.42105   0.00000  -0.70873   0.00000  -0.70873   0.00000  -0.70807   0.00000  -0.70807
 -8.37093   0.00000  -0.70873   0.00000  -0.70873   0.00000  -0.70807   0.00000  -0.70807
 -8.32080   0.00000  -0.70873   0.00000  -0.70873   0.00000  -0.70807   0.00000  -0.70807
 -8.27068   0.00000  -0.70873   0.00000  -0.70873   0.00000  -0.70807   0.00000  -0.70807
 -8.22055   0.00000  -0.70873   0.00000  -0.70873   0.00000  -0.70807   0.00000  -0.70807
 -8.17043   0.00000  -0.70873   0.00000  -0.70873   0.00000  -0.70807   0.00000  -0.70807
 -8.12030   0.00000  -0.70873   0.00000  -0.70873   0.00000  -0.70807   0.00000  -0.70807
 -8.07018   0.00000  -0.70873   0.00000  -0.70873   0.00000  -0.70807   0.00000  -0.70807
 -8.02005   0.00000  -0.70873   0.00000  -0.70873   0.00000  -0.70807   0.00000  -0.70807
 -7.96992   0.00000  -0.70873   0.00000  -0.70873   0.00000  -0.70807   0.00000  -0.70807
 -7.91980   0.00000  -0.70873   0.00000  -0.70873   0.00000  -0.70807   0.00000  -0.70807
 -7.86967   0.00000  -0.70873   0.00000  -0.70873   0.00000  -0.70807   0.00000  -0.70807
 -7.81955   0.00000  -0.70873   0.00000  -0.70873   0.00000  -0.70807   0.00000  -0.70807
 -7.76942   0.00000  -0.70873   0.00000  -0.70873   0.00000  -0.70807   0.00000  -0.70807
 -7.71930   0.00000  -0.70873   0.00000  -0.70873   0.00000  -0.70807   0.00000  -0.70807
 -7.66917   0.00000  -0.70873   0.00000  -0.70873   0.00000  -0.70807   0.00000  -0.70807
 -7.61905   0.00000  -0.70873   0.00000  -0.70873   0.00000  -0.70807   0.00000  -0.70807
 -7.56892   0.00000  -0.70873   0.00000  -0.70873   0.00000  -0.70807   0.00000  -0.70807
 -7.51880   0.00000  -0.70873   0.00000  -0.70873   0.00000  -0.70807   0.00000  -0.70807
 -7.46867   0.00000  -0.70873   0.00000  -0.70873   0.00000  -0.70807   0.00000  -0.70807
 -7.41855   0.00000  -0.70873   0.00000  -0.70873   0.00000  -0.70807   0.00000  -0.70807
 -7.36842   0.00000  -0.70873   0.00000  -0.70873   0.00000  -0.70807   0.00000  -0.70807
 -7.31830   0.00000  -0.70873   0.00000  -0.70873   0.00000  -0.70807   0.00000  -0.70807
 -7.26817   0.00000  -0.70873   0.00000  -0.70873   0.00000  -0.70807   0.00000  -0.70807
 -7.21805   0.00000  -0.70873   0.00000  -0.70873   0.00000  -0.70807   0.00000  -0.70807
 -7.16792   0.00000  -0.70873   0.00000  -0.70873   0.00000  -0.70807   0.00000  -0.70807
 -7.11779   0.00000  -0.70873   0.00000  -0.70873   0.00000  -0.70807   0.00000  -0.70807
 -7.06767  -0.00308  -0.70889  -0.00308  -0.70889   0.00000  -0.70807   0.00000  -0.70807
 -7.01754  -0.01252  -0.70952  -0.01252  -0.70952   0.00000  -0.70807   0.00000  -0.70807
 -6.96742  -0.03660  -0.71135  -0.03660  -0.71135   0.00000  -0.70807   0.00000  -0.70807
 -6.91729  -0.04848  -0.71378  -0.04848  -0.71378   0.00000  -0.70807   0.00000  -0.70807
 -6.86717  -0.24942  -0.72628  -0.24942  -0.72628   0.00000  -0.70807   0.00000  -0.70807
 -6.81704  -0.23941  -0.73828  -0.23941  -0.73828   0.00000  -0.70807   0.00000  -0.70807
 -6.76692  -0.13068  -0.74483  -0.13068  -0.74483   0.00000  -0.70807   0.00000  -0.70807
 -6.71679  -0.23975  -0.75685  -0.23975  -0.75685   0.00000  -0.70807   0.00000  -0.70807
 -6.66667  -0.25417  -0.76959  -0.25417  -0.76959   0.00000  -0.70807   0.00000  -0.70807
 -6.61654  -0.28715  -0.78399  -0.28715  -0.78399   0.00000  -0.70807   0.00000  -0.70807
 -6.56642  -0.32702  -0.80038  -0.32702  -0.80038   0.00000  -0.70807   0.00000  -0.70807
 -6.51629  -0.35424  -0.81813  -0.35424  -0.81813   0.00000  -0.70807   0.00000  -0.70807
 -6.46617  -0.46256  -0.84132  -0.46256  -0.84132   0.00000  -0.70807   0.00000  -0.70807
 -6.41604  -0.46692  -0.86472  -0.46692  -0.86472   0.00000  -0.70807   0.00000  -0.70807
 -6.36591  -0.46482  -0.88802  -0.46482  -0.88802   0.00000  -0.70807   0.00000  -0.70807
 -6.31579  -0.42109  -0.90913  -0.42109  -0.90913   0.00000  -0.70807   0.00000  -0.70807
 -6.26566  -0.26767  -0.92255  -0.26767  -0.92255   0.00000  -0.70807   0.00000  -0.70807
 -6.21554  -0.27476  -0.93632  -0.27476  -0.93632   0.00000  -0.70807   0.00000  -0.70807
 -6.16541  -0.25100  -0.94890  -0.25100  -0.94890   0.00000  -0.70807   0.00000  -0.70807
 -6.11529  -0.17802  -0.95782  -0.17802  -0.95782   0.00000  -0.70807   0.00000  -0.70807
 -6.06516  -0.19933  -0.96782  -0.19933  -0.96782   0.00000  -0.70807   0.00000  -0.70807
 -6.01504  -0.20996  -0.97834  -0.20996  -0.97834   0.00000  -0.70807   0.00000  -0.70807
 -5.96491  -0.24270  -0.99051  -0.24270  -0.99051   0.00000  -0.70807   0.00000  -0.70807
 -5.91479  -0.33596  -1.00735  -0.33596  -1.00735   0.00000  -0.70807   0.00000  -0.70807
 -5.86466  -0.34779  -1.02478  -0.34779  -1.02478   0.00000  -0.70807   0.00000  -0.70807
 -5.81454  -0.51769  -1.05073  -0.51769  -1.05073   0.00000  -0.70807   0.00000  -0.70807
 -5.76441  -0.49865  -1.07572  -0.49865  -1.07572   0.00000  -0.70807   0.00000  -0.70807
 -5.71429  -0.39227  -1.09539  -0.39227  -1.09539  -0.00063  -0.70811  -0.00063  -0.70811
 -5.66416  -0.25562  -1.10820  -0.25562  -1.10820  -0.00871  -0.70854  -0.00871  -0.70854
 -5.61404  -0.28049  -1.12226  -0.28049  -1.12226  -0.00948  -0.70902  -0.00948  -0.70902
 -5.56391  -0.31463  -1.13803  -0.31463  -1.13803  -0.02878  -0.71046  -0.02878  -0.71046
 -5.51378  -0.22687  -1.14940  -0.22687  -1.14940  -0.03677  -0.71230  -0.03677  -0.71230
 -5.46366  -0.12688  -1.15576  -0.12688  -1.15576  -0.09733  -0.71718  -0.09733  -0.71718
 -5.41353  -0.23493  -1.16754  -0.23493  -1.16754  -0.12610  -0.72350  -0.12610  -0.72350
 -5.36341  -0.26932  -1.18104  -0.26932  -1.18104  -0.15526  -0.73129  -0.15526  -0.73129
 -5.31328  -0.51518  -1.20686  -0.51518  -1.20686  -0.08712  -0.73565  -0.08712  -0.73565
 -5.26316  -0.48298  -1.23107  -0.48298  -1.23107  -0.05135  -0.73823  -0.05135  -0.73823
 -5.21303  -0.88567  -1.27546  -0.88567  -1.27546  -0.05998  -0.74123  -0.05998  -0.74123
 -5.16291  -0.64873  -1.30798  -0.64873  -1.30798  -0.06781  -0.74463  -0.06781  -0.74463
 -5.11278  -0.30580  -1.32331  -0.30580  -1.32331  -0.11554  -0.75042  -0.11554  -0.75042
 -5.06266  -0.16387  -1.33153  -0.16387  -1.33153  -0.19364  -0.76013  -0.19364  -0.76013
 -5.01253  -0.16560  -1.33983  -0.16560  -1.33983  -0.33628  -0.77699  -0.33628  -0.77699
 -4.96241  -0.18129  -1.34891  -0.18129  -1.34891  -0.44224  -0.79915  -0.44224  -0.79915
 -4.91228  -0.24219  -1.36105  -0.24219  -1.36105  -0.46171  -0.82230  -0.46171  -0.82230
 -4.86216  -0.28730  -1.37545  -0.28730  -1.37545  -0.52733  -0.84873  -0.52733  -0.84873
 -4.81203  -0.29430  -1.39021  -0.29430  -1.39021  -0.57759  -0.87768  -0.57759  -0.87768
 -4.76190  -0.30896  -1.40569  -0.30896  -1.40569  -0.51459  -0.90347  -0.51459  -0.90347
 -4.71178  -0.24847  -1.41815  -0.24847  -1.41815  -0.53182  -0.93013  -0.53182  -0.93013
 -4.66165  -0.17765  -1.42705  -0.17765  -1.42705  -0.40683  -0.95052  -0.40683  -0.95052
 -4.61153  -0.12323  -1.43323  -0.12323  -1.43323  -0.37635  -0.96939  -0.37635  -0.96939
 -4.56140  -0.19303  -1.44290  -0.19303  -1.44290  -0.32157  -0.98551  -0.32157  -0.98551
 -4.51128  -0.14903  -1.45037  -0.14903  -1.45037  -0.29535  -1.00031  -0.29535  -1.00031
 -4.46115  -0.10923  -1.45585  -0.10923  -1.45585  -0.21816  -1.01125  -0.21816  -1.01125
 -4.41103  -0.13477  -1.46261  -0.13477  -1.46261  -0.18373  -1.02046  -0.18373  -1.02046
 -4.36090  -0.09557  -1.46740  -0.09557  -1.46740  -0.18745  -1.02985  -0.18745  -1.02985
 -4.31078  -0.07884  -1.47135  -0.07884  -1.47135  -0.14964  -1.03735  -0.14964  -1.03735
 -4.26065  -0.08218  -1.47547  -0.08218  -1.47547  -0.16944  -1.04585  -0.16944  -1.04585
 -4.21053  -0.09715  -1.48034  -0.09715  -1.48034  -0.22207  -1.05698  -0.22207  -1.05698
 -4.16040  -0.05509  -1.48310  -0.05509  -1.48310  -0.29544  -1.07179  -0.29544  -1.07179
 -4.11028  -0.05030  -1.48562  -0.05030  -1.48562  -0.30114  -1.08688  -0.30114  -1.08688
 -4.06015  -0.03993  -1.48762  -0.03993  -1.48762  -0.30919  -1.10238  -0.30919  -1.10238
 -4.01003  -0.04513  -1.48988  -0.04513  -1.48988  -0.38590  -1.12172  -0.38590  -1.12172
 -3.95990  -0.14308  -1.49705  -0.14308  -1.49705  -0.44981  -1.14427  -0.44981  -1.14427
 -3.90977  -0.30524  -1.51236  -0.30524  -1.51236  -0.36601  -1.16262  -0.36601  -1.16262
 -3.85965  -0.23131  -1.52395  -0.23131  -1.52395  -0.46344  -1.18585  -0.46344  -1.18585
 -3.80952  -0.08312  -1.52812  -0.08312  -1.52812  -0.60914  -1.21638  -0.60914  -1.21638
 -3.75940  -0.00537  -1.52839  -0.00537  -1.52839  -0.39663  -1.23626  -0.39663  -1.23626
 -3.70927  -0.02898  -1.52984  -0.02898  -1.52984  -0.39768  -1.25619  -0.39768  -1.25619
 -3.65915   0.01264  -1.52920   0.01264  -1.52920  -0.37460  -1.27497  -0.37460  -1.27497
 -3.60902  -0.00201  -1.52930  -0.00201  -1.52930  -0.28910  -1.28946  -0.28910  -1.28946
 -3.55890  -0.01255  -1.52993  -0.01255  -1.52993  -0.25718  -1.30235  -0.25718  -1.30235
 -3.50877   0.00390  -1.52974   0.00390  -1.52974  -0.17439  -1.31110  -0.17439  -1.31110
 -3.45865   0.02467  -1.52850   0.02467  -1.52850  -0.13062  -1.31764  -0.13062  -1.31764
 -3.40852   0.04234  -1.52638   0.04234  -1.52638  -0.11954  -1.32363  -0.11954  -1.32363
 -3.35840   0.05664  -1.52354   0.05664  -1.52354  -0.13816  -1.33056  -0.13816  -1.33056
 -3.30827   0.09805  -1.51863   0.09805  -1.51863  -0.11236  -1.33619  -0.11236  -1.33619
 -3.25815   0.05814  -1.51571   0.05814  -1.51571  -0.11163  -1.34179  -0.11163  -1.34179
 -3.20802   0.05141  -1.51313   0.05141  -1.51313  -0.09893  -1.34675  -0.09893  -1.34675
 -3.15789   0.02804  -1.51173   0.02804  -1.51173  -0.11936  -1.35273  -0.11936  -1.35273
 -3.10777   0.07352  -1.50804   0.07352  -1.50804  -0.11941  -1.35871  -0.11941  -1.35871
 -3.05764   0.06962  -1.50455   0.06962  -1.50455  -0.08851  -1.36315  -0.08851  -1.36315
 -3.00752   0.05612  -1.50174   0.05612  -1.50174  -0.08164  -1.36724  -0.08164  -1.36724
 -2.95739   0.05525  -1.49897   0.05525  -1.49897  -0.10409  -1.37246  -0.10409  -1.37246
 -2.90727   0.10057  -1.49393   0.10057  -1.49393  -0.11386  -1.37817  -0.11386  -1.37817
 -2.85714   0.06008  -1.49092   0.06008  -1.49092  -0.14360  -1.38537  -0.14360  -1.38537
 -2.80702   0.04394  -1.48872   0.04394  -1.48872  -0.15345  -1.39306  -0.15345  -1.39306
 -2.75689   0.07338  -1.48504   0.07338  -1.48504  -0.13665  -1.39991  -0.13665  -1.39991
 -2.70677   0.11764  -1.47914   0.11764  -1.47914  -0.09896  -1.40487  -0.09896  -1.40487
 -2.65664   0.12396  -1.47293   0.12396  -1.47293  -0.09273  -1.40952  -0.09273  -1.40952
 -2.60652   0.09213  -1.46831   0.09213  -1.46831  -0.08193  -1.41362  -0.08193  -1.41362
 -2.55639   0.09120  -1.46374   0.09120  -1.46374  -0.05928  -1.41659  -0.05928  -1.41659
 -2.50627   0.09235  -1.45911   0.09235  -1.45911  -0.04630  -1.41892  -0.04630  -1.41892
 -2.45614   0.11544  -1.45332   0.11544  -1.45332  -0.06838  -1.42234  -0.06838  -1.42234
 -2.40602   0.12362  -1.44713   0.12362  -1.44713  -0.08718  -1.42671  -0.08718  -1.42671
 -2.35589   0.12263  -1.44098   0.12263  -1.44098  -0.07717  -1.43058  -0.07717  -1.43058
 -2.30576   0.14009  -1.43396   0.14009  -1.43396  -0.05670  -1.43342  -0.05670  -1.43342
 -2.25564   0.16738  -1.42557   0.16738  -1.42557  -0.07774  -1.43732  -0.07774  -1.43732
 -2.20551   0.18149  -1.41647   0.18149  -1.41647  -0.06152  -1.44040  -0.06152  -1.44040
 -2.15539   0.19533  -1.40668   0.19533  -1.40668  -0.04443  -1.44263  -0.04443  -1.44263
 -2.10526   0.22579  -1.39536   0.22579  -1.39536  -0.03743  -1.44451  -0.03743  -1.44451
 -2.05514   0.18732  -1.38597   0.18732  -1.38597  -0.04607  -1.44682  -0.04607  -1.44682
 -2.00501   0.20005  -1.37594   0.20005  -1.37594  -0.03310  -1.44848  -0.03310  -1.44848
 -1.95489   0.17988  -1.36693   0.17988  -1.36693  -0.02634  -1.44980  -0.02634  -1.44980
 -1.90476   0.17972  -1.35792   0.17972  -1.35792  -0.00492  -1.45004  -0.00492  -1.45004
 -1.85464   0.19025  -1.34838   0.19025  -1.34838  -0.02076  -1.45108  -0.02076  -1.45108
 -1.80451   0.23060  -1.33682   0.23060  -1.33682  -0.02591  -1.45238  -0.02591  -1.45238
 -1.75439   0.20730  -1.32643   0.20730  -1.32643  -0.01141  -1.45295  -0.01141  -1.45295
 -1.70426   0.18145  -1.31734   0.18145  -1.31734  -0.02339  -1.45413  -0.02339  -1.45413
 -1.65414   0.15958  -1.30934   0.15958  -1.30934  -0.07306  -1.45779  -0.07306  -1.45779
 -1.60401   0.13477  -1.30258   0.13477  -1.30258  -0.07481  -1.46154  -0.07481  -1.46154
 -1.55388   0.14641  -1.29524   0.14641  -1.29524  -0.08194  -1.46564  -0.08194  -1.46564
 -1.50376   0.16391  -1.28703   0.16391  -1.28703  -0.13976  -1.47265  -0.13976  -1.47265
 -1.45363   0.10826  -1.28160   0.10826  -1.28160  -0.09767  -1.47755  -0.09767  -1.47755
 -1.40351   0.19239  -1.27196   0.19239  -1.27196  -0.05747  -1.48043  -0.05747  -1.48043
 -1.35338   0.17831  -1.26302   0.17831  -1.26302  -0.06773  -1.48382  -0.06773  -1.48382
 -1.30326   0.15343  -1.25533   0.15343  -1.25533  -0.04548  -1.48610  -0.04548  -1.48610
 -1.25313   0.16902  -1.24686   0.16902  -1.24686  -0.04090  -1.48815  -0.04090  -1.48815
 -1.20301   0.17362  -1.23816   0.17362  -1.23816  -0.01592  -1.48895  -0.01592  -1.48895
 -1.15288   0.17905  -1.22918   0.17905  -1.22918  -0.00871  -1.48939  -0.00871  -1.48939
 -1.10276   0.22183  -1.21806   0.22183  -1.21806   0.00059  -1.48936   0.00059  -1.48936
 -1.05263   0.26309  -1.20487   0.26309  -1.20487  -0.00032  -1.48937  -0.00032  -1.48937
 -1.00251   0.14193  -1.19776   0.14193  -1.19776  -0.00005  -1.48937  -0.00005  -1.48937
 -0.95238   0.06008  -1.19475   0.06008  -1.19475   0.01122  -1.48881   0.01122  -1.48881
 -0.90226   0.08219  -1.19063   0.08219  -1.19063   0.01920  -1.48785   0.01920  -1.48785
 -0.85213   0.05507  -1.18787   0.05507  -1.18787   0.01359  -1.48717   0.01359  -1.48717
 -0.80201   0.02772  -1.18648   0.02772  -1.18648   0.00055  -1.48714   0.00055  -1.48714
 -0.75188   0.03830  -1.18456   0.03830  -1.18456   0.00025  -1.48713   0.00025  -1.48713
 -0.70175   0.02611  -1.18325   0.02611  -1.18325   0.00317  -1.48697   0.00317  -1.48697
 -0.65163   0.00817  -1.18284   0.00817  -1.18284   0.00206  -1.48687   0.00206  -1.48687
 -0.60150   0.00538  -1.18257   0.00538  -1.18257   0.00000  -1.48687   0.00000  -1.48687
 -0.55138   0.00550  -1.18229   0.00550  -1.18229   0.00000  -1.48687   0.00000  -1.48687
 -0.50125   0.00332  -1.18213   0.00332  -1.18213   0.00000  -1.48687   0.00000  -1.48687
 -0.45113   0.00406  -1.18192   0.00406  -1.18192   0.00000  -1.48687   0.00000  -1.48687
 -0.40100   0.00654  -1.18160   0.00654  -1.18160   0.00000  -1.48687   0.00000  -1.48687
 -0.35088   0.03041  -1.18007   0.03041  -1.18007   0.00000  -1.48687   0.00000  -1.48687
 -0.30075   0.00211  -1.17997   0.00211  -1.17997   0.00000  -1.48687   0.00000  -1.48687
 -0.25063   0.00050  -1.17994   0.00050  -1.17994   0.00000  -1.48687   0.00000  -1.48687
 -0.20050   0.00029  -1.17993   0.00029  -1.17993   0.00000  -1.48687   0.00000  -1.48687
 -0.15038  -0.00007  -1.17993  -0.00007  -1.17993   0.00000  -1.48687   0.00000  -1.48687
 -0.10025  -0.00032  -1.17995  -0.00032  -1.17995   0.00000  -1.48687   0.00000  -1.48687
 -0.05013   0.00035  -1.17993   0.00035  -1.17993   0.00000  -1.48687   0.00000  -1.48687
  0.00000  -0.00050  -1.17995  -0.00050  -1.17995   0.00000  -1.48687   0.00000  -1.48687
  0.05013   0.00000  -1.17995   0.00000  -1.17995   0.00000  -1.48687   0.00000  -1.48687
  0.10025   0.00000  -1.17995   0.00000  -1.17995   0.00000  -1.48687   0.00000  -1.48687
  0.15038   0.00000  -1.17995   0.00000  -1.17995   0.00000  -1.48687   0.00000  -1.48687
  0.20050   0.00000  -1.17995   0.00000  -1.17995   0.00000  -1.48687   0.00000  -1.48687
  0.25063   0.00000  -1.17995   0.00000  -1.17995   0.00000  -1.48687   0.00000  -1.48687
  0.30075   0.00000  -1.17995   0.00000  -1.17995   0.00000  -1.48687   0.00000  -1.48687
  0.35088   0.00000  -1.17995   0.00000  -1.17995   0.00000  -1.48687   0.00000  -1.48687
  0.40100   0.00000  -1.17995   0.00000  -1.17995   0.00000  -1.48687   0.00000  -1.48687
  0.45113   0.00000  -1.17995   0.00000  -1.17995   0.00000  -1.48687   0.00000  -1.48687
  0.50125   0.00000  -1.17995   0.00000  -1.17995   0.00000  -1.48687   0.00000  -1.48687
  0.55138   0.00000  -1.17995   0.00000  -1.17995   0.00000  -1.48687   0.00000  -1.48687
  0.60150   0.00000  -1.17995   0.00000  -1.17995   0.00000  -1.48687   0.00000  -1.48687
  0.65163   0.00000  -1.17995   0.00000  -1.17995   0.00000  -1.48687   0.00000  -1.48687
  0.70175   0.00000  -1.17995   0.00000  -1.17995   0.00000  -1.48687   0.00000  -1.48687
  0.75188   0.00000  -1.17995   0.00000  -1.17995   0.00000  -1.48687   0.00000  -1.48687
  0.80201   0.00000  -1.17995   0.00000  -1.17995   0.00000  -1.48687   0.00000  -1.48687
  0.85213   0.00000  -1.17995   0.00000  -1.17995   0.00000  -1.48687   0.00000  -1.48687
  0.90226   0.00000  -1.17995   0.00000  -1.17995   0.00000  -1.48687   0.00000  -1.48687
  0.95238   0.00000  -1.17995   0.00000  -1.17995   0.00000  -1.48687   0.00000  -1.48687
  1.00251   0.06496  -1.17670   0.06496  -1.17670   0.00000  -1.48687   0.00000  -1.48687
  1.05263   0.14549  -1.16940   0.14549  -1.16940   0.00000  -1.48687   0.00000  -1.48687
  1.10276   0.35237  -1.15174   0.35237  -1.15174   0.00000  -1.48687   0.00000  -1.48687
  1.15288   0.43376  -1.13000   0.43376  -1.13000   0.00000  -1.48687   0.00000  -1.48687
  1.20301   0.34143  -1.11289   0.34143  -1.11289   0.00000  -1.48687   0.00000  -1.48687
  1.25313   0.52510  -1.08656   0.52510  -1.08656   0.00000  -1.48687   0.00000  -1.48687
  1.30326   0.56311  -1.05834   0.56311  -1.05834   0.00000  -1.48687   0.00000  -1.48687
  1.35338   0.47237  -1.03466   0.47237  -1.03466   0.00000  -1.48687   0.00000  -1.48687
  1.40351   0.61379  -1.00389   0.61379  -1.00389   0.00000  -1.48687   0.00000  -1.48687
  1.45363   0.59171  -0.97423   0.59171  -0.97423   0.00000  -1.48687   0.00000  -1.48687
  1.50376   0.66994  -0.94065   0.66994  -0.94065   0.00000  -1.48687   0.00000  -1.48687
  1.55388   1.16404  -0.88231   1.16404  -0.88231   0.00000  -1.48687   0.00000  -1.48687
  1.60401   1.06624  -0.82886   1.06624  -0.82886   0.00000  -1.48687   0.00000  -1.48687
  1.65414   0.85876  -0.78581   0.85876  -0.78581   0.00000  -1.48687   0.00000  -1.48687
  1.70426   0.60094  -0.75569   0.60094  -0.75569   0.00000  -1.48687   0.00000  -1.48687
  1.75439   0.37264  -0.73701   0.37264  -0.73701   0.00000  -1.48687   0.00000  -1.48687
  1.80451   0.50126  -0.71189   0.50126  -0.71189   0.00000  -1.48687   0.00000  -1.48687
  1.85464   0.74181  -0.67470   0.74181  -0.67470   0.00000  -1.48687   0.00000  -1.48687
  1.90476   1.06284  -0.62143   1.06284  -0.62143   0.00000  -1.48687   0.00000  -1.48687
  1.95489   0.79915  -0.58137   0.79915  -0.58137   0.00000  -1.48687   0.00000  -1.48687
  2.00501   0.36242  -0.56320   0.36242  -0.56320   0.00000  -1.48687   0.00000  -1.48687
  2.05514   0.25476  -0.55043   0.25476  -0.55043   0.00000  -1.48687   0.00000  -1.48687
  2.10526   0.03997  -0.54843   0.03997  -0.54843   0.00000  -1.48687   0.00000  -1.48687
  2.15539   0.00638  -0.54811   0.00638  -0.54811   0.00000  -1.48687   0.00000  -1.48687
  2.20551   0.00085  -0.54807   0.00085  -0.54807   0.00000  -1.48687   0.00000  -1.48687
  2.25564   0.00000  -0.54807   0.00000  -0.54807   0.00000  -1.48687   0.00000  -1.48687
  2.30576   0.00000  -0.54807   0.00000  -0.54807   0.00000  -1.48687   0.00000  -1.48687
  2.35589   0.00000  -0.54807   0.00000  -0.54807   0.00000  -1.48687   0.00000  -1.48687
  2.40602   0.00000  -0.54807   0.00000  -0.54807   0.00000  -1.48687   0.00000  -1.48687
  2.45614   0.00000  -0.54807   0.00000  -0.54807   0.00000  -1.48687   0.00000  -1.48687
  2.50627   0.00000  -0.54807   0.00000  -0.54807   0.00000  -1.48687   0.00000  -1.48687
  2.55639   0.00000  -0.54807   0.00000  -0.54807   0.00000  -1.48687   0.00000  -1.48687
  2.60652   0.00000  -0.54807   0.00000  -0.54807   0.17424  -1.47813   0.17424  -1.47813
  2.65664   0.00000  -0.54807   0.00000  -0.54807   0.28253  -1.46397   0.28253  -1.46397
  2.70677   0.00000  -0.54807   0.00000  -0.54807   0.28366  -1.44975   0.28366  -1.44975
  2.75689   0.00000  -0.54807   0.00000  -0.54807   0.34288  -1.43256   0.34288  -1.43256
  2.80702   0.00000  -0.54807   0.00000  -0.54807   0.38581  -1.41323   0.38581  -1.41323
  2.85714   0.00000  -0.54807   0.00000  -0.54807   0.21991  -1.40220   0.21991  -1.40220
  2.90727   0.00000  -0.54807   0.00000  -0.54807   0.24887  -1.38973   0.24887  -1.38973
  2.95739   0.00000  -0.54807   0.00000  -0.54807   0.18810  -1.38030   0.18810  -1.38030
  3.00752   0.00000  -0.54807   0.00000  -0.54807   0.50458  -1.35501   0.50458  -1.35501
  3.05764   0.00000  -0.54807   0.00000  -0.54807   0.33556  -1.33819   0.33556  -1.33819
  3.10777   0.00000  -0.54807   0.00000  -0.54807   0.30867  -1.32271   0.30867  -1.32271
  3.15789   0.00000  -0.54807   0.00000  -0.54807   0.28396  -1.30848   0.28396  -1.30848
  3.20802   0.00000  -0.54807   0.00000  -0.54807   0.34601  -1.29114   0.34601  -1.29114
  3.25815   0.00000  -0.54807   0.00000  -0.54807   0.26327  -1.27794   0.26327  -1.27794
  3.30827   0.00000  -0.54807   0.00000  -0.54807   0.40646  -1.25757   0.40646  -1.25757
  3.35840   0.00000  -0.54807   0.00000  -0.54807   0.82640  -1.21614   0.82640  -1.21614
  3.40852   0.00000  -0.54807   0.00000  -0.54807   0.51134  -1.19051   0.51134  -1.19051
  3.45865   0.00000  -0.54807   0.00000  -0.54807   0.08923  -1.18604   0.08923  -1.18604
  3.50877   0.00000  -0.54807   0.00000  -0.54807   0.19560  -1.17624   0.19560  -1.17624
  3.55890   0.00000  -0.54807   0.00000  -0.54807   0.11919  -1.17026   0.11919  -1.17026
  3.60902   0.00000  -0.54807   0.00000  -0.54807   0.22413  -1.15903   0.22413  -1.15903
  3.65915   0.00000  -0.54807   0.00000  -0.54807   0.33733  -1.14212   0.33733  -1.14212
  3.70927   0.00000  -0.54807   0.00000  -0.54807   0.45720  -1.11920   0.45720  -1.11920
  3.75940   0.00000  -0.54807   0.00000  -0.54807   0.79391  -1.07940   0.79391  -1.07940
  3.80952   0.00000  -0.54807   0.00000  -0.54807   0.80972  -1.03882   0.80972  -1.03882
  3.85965   0.00000  -0.54807   0.00000  -0.54807   0.94176  -0.99161   0.94176  -0.99161
  3.90977   0.00000  -0.54807   0.00000  -0.54807   1.13555  -0.93469   1.13555  -0.93469
  3.95990   0.00000  -0.54807   0.00000  -0.54807   1.39773  -0.86463   1.39773  -0.86463
  4.01003   0.00000  -0.54807   0.00000  -0.54807   1.24469  -0.80224   1.24469  -0.80224
  4.06015   0.00000  -0.54807   0.00000  -0.54807   1.56899  -0.72359   1.56899  -0.72359
  4.11028   0.00000  -0.54807   0.00000  -0.54807   1.80252  -0.63324   1.80252  -0.63324
  4.16040   0.00000  -0.54807   0.00000  -0.54807   1.22060  -0.57206   1.22060  -0.57206
  4.21053   0.00000  -0.54807   0.00000  -0.54807   0.47324  -0.54834   0.47324  -0.54834
  4.26065   0.00000  -0.54807   0.00000  -0.54807   0.06998  -0.54483   0.06998  -0.54483
  4.31078   0.00000  -0.54807   0.00000  -0.54807   0.05874  -0.54188   0.05874  -0.54188
  4.36090   0.00000  -0.54807   0.00000  -0.54807   0.01494  -0.54114   0.01494  -0.54114
  4.41103   0.00000  -0.54807   0.00000  -0.54807   0.00619  -0.54083   0.00619  -0.54083
  4.46115   0.00000  -0.54807   0.00000  -0.54807   0.00810  -0.54042   0.00810  -0.54042
  4.51128   0.00000  -0.54807   0.00000  -0.54807   0.00000  -0.54042   0.00000  -0.54042
  4.56140   0.00000  -0.54807   0.00000  -0.54807   0.00000  -0.54042   0.00000  -0.54042
  4.61153   0.00000  -0.54807   0.00000  -0.54807   0.00000  -0.54042   0.00000  -0.54042
  4.66165   0.00000  -0.54807   0.00000  -0.54807   0.00000  -0.54042   0.00000  -0.54042
  4.71178   0.00000  -0.54807   0.00000  -0.54807   0.00000  -0.54042   0.00000  -0.54042
  4.76190   0.00000  -0.54807   0.00000  -0.54807   0.00000  -0.54042   0.00000  -0.54042
  4.81203   0.00000  -0.54807   0.00000  -0.54807   0.00000  -0.54042   0.00000  -0.54042
  4.86216   0.00000  -0.54807   0.00000  -0.54807   0.00000  -0.54042   0.00000  -0.54042
  4.91228   0.00000  -0.54807   0.00000  -0.54807   0.00000  -0.54042   0.00000  -0.54042
  4.96241   0.00000  -0.54807   0.00000  -0.54807   0.00000  -0.54042   0.00000  -0.54042
  5.01253   0.00000  -0.54807   0.00000  -0.54807   0.00000  -0.54042   0.00000  -0.54042
  5.06266   0.00000  -0.54807   0.00000  -0.54807   0.00000  -0.54042   0.00000  -0.54042
  5.11278   0.00000  -0.54807   0.00000  -0.54807   0.00000  -0.54042   0.00000  -0.54042
  5.16291   0.00000  -0.54807   0.00000  -0.54807   0.00000  -0.54042   0.00000  -0.54042
  5.21303   0.00000  -0.54807   0.00000  -0.54807   0.00000  -0.54042   0.00000  -0.54042
  5.26316   0.00000  -0.54807   0.00000  -0.54807   0.00000  -0.54042   0.00000  -0.54042
  5.31328   0.00000  -0.54807   0.00000  -0.54807   0.00000  -0.54042   0.00000  -0.54042
  5.36341   0.00000  -0.54807   0.00000  -0.54807   0.00000  -0.54042   0.00000  -0.54042
  5.41353   0.00000  -0.54807   0.00000  -0.54807   0.00000  -0.54042   0.00000  -0.54042
  5.46366   0.00000  -0.54807   0.00000  -0.54807   0.00000  -0.54042   0.00000  -0.54042
  5.51378   0.00000  -0.54807   0.00000  -0.54807   0.00000  -0.54042   0.00000  -0.54042
  5.56391   0.00000  -0.54807   0.00000  -0.54807   0.00000  -0.54042   0.00000  -0.54042
  5.61404   0.00000  -0.54807   0.00000  -0.54807   0.00000  -0.54042   0.00000  -0.54042
  5.66416   0.00000  -0.54807   0.00000  -0.54807   0.00000  -0.54042   0.00000  -0.54042
  5.71429   0.00000  -0.54807   0.00000  -0.54807   0.00000  -0.54042   0.00000  -0.54042
  5.76441   0.00000  -0.54807   0.00000  -0.54807   0.00000  -0.54042   0.00000  -0.54042
  5.81454   0.00000  -0.54807   0.00000  -0.54807   0.00000  -0.54042   0.00000  -0.54042
  5.86466   0.00000  -0.54807   0.00000  -0.54807   0.00000  -0.54042   0.00000  -0.54042
  5.91479   0.00000  -0.54807   0.00000  -0.54807   0.00000  -0.54042   0.00000  -0.54042
  5.96491   0.00004  -0.54807   0.00004  -0.54807   0.00000  -0.54042   0.00000  -0.54042
  6.01504   0.00055  -0.54804   0.00055  -0.54804   0.00000  -0.54042   0.00000  -0.54042
  6.06516   0.00149  -0.54796   0.00149  -0.54796   0.00000  -0.54042   0.00000  -0.54042
  6.11529   0.00240  -0.54784   0.00240  -0.54784   0.00000  -0.54042   0.00000  -0.54042
  6.16541   0.00255  -0.54772   0.00255  -0.54772   0.00000  -0.54042   0.00000  -0.54042
  6.21554   0.00228  -0.54760   0.00228  -0.54760   0.00008  -0.54042   0.00008  -0.54042
  6.26566   0.00241  -0.54748   0.00241  -0.54748   0.00070  -0.54038   0.00070  -0.54038
  6.31579   0.00346  -0.54731   0.00346  -0.54731   0.00161  -0.54030   0.00161  -0.54030
  6.36591   0.00532  -0.54704   0.00532  -0.54704   0.00237  -0.54018   0.00237  -0.54018
  6.41604   0.00847  -0.54662   0.00847  -0.54662   0.00227  -0.54007   0.00227  -0.54007
  6.46617   0.01267  -0.54598   0.01267  -0.54598   0.00207  -0.53996   0.00207  -0.53996
  6.51629   0.01151  -0.54540   0.01151  -0.54540   0.00263  -0.53983   0.00263  -0.53983
  6.56642   0.00995  -0.54490   0.00995  -0.54490   0.00414  -0.53962   0.00414  -0.53962
  6.61654   0.00897  -0.54446   0.00897  -0.54446   0.00655  -0.53930   0.00655  -0.53930
  6.66667   0.00835  -0.54404   0.00835  -0.54404   0.01133  -0.53873   0.01133  -0.53873
  6.71679   0.00851  -0.54361   0.00851  -0.54361   0.01208  -0.53812   0.01208  -0.53812
  6.76692   0.01042  -0.54309   0.01042  -0.54309   0.01007  -0.53762   0.01007  -0.53762
  6.81704   0.01684  -0.54224   0.01684  -0.54224   0.00904  -0.53716   0.00904  -0.53716
  6.86717   0.02011  -0.54124   0.02011  -0.54124   0.00819  -0.53675   0.00819  -0.53675
  6.91729   0.01875  -0.54030   0.01875  -0.54030   0.00809  -0.53635   0.00809  -0.53635
  6.96742   0.01695  -0.53945   0.01695  -0.53945   0.00926  -0.53588   0.00926  -0.53588
  7.01754   0.01579  -0.53865   0.01579  -0.53865   0.01508  -0.53513   0.01508  -0.53513
  7.06767   0.01519  -0.53789   0.01519  -0.53789   0.02016  -0.53412   0.02016  -0.53412
  7.11779   0.01445  -0.53717   0.01445  -0.53717   0.01908  -0.53316   0.01908  -0.53316
  7.16792   0.01531  -0.53640   0.01531  -0.53640   0.01600  -0.53236   0.01600  -0.53236
  7.21805   0.01835  -0.53548   0.01835  -0.53548   0.01479  -0.53162   0.01479  -0.53162
  7.26817   0.02029  -0.53446   0.02029  -0.53446   0.01492  -0.53087   0.01492  -0.53087
  7.31830   0.02590  -0.53317   0.02590  -0.53317   0.01454  -0.53014   0.01454  -0.53014
  7.36842   0.04587  -0.53087   0.04587  -0.53087   0.01508  -0.52939   0.01508  -0.52939
  7.41855   0.08522  -0.52660   0.08522  -0.52660   0.01654  -0.52856   0.01654  -0.52856
  7.46867   0.06068  -0.52355   0.06068  -0.52355   0.01857  -0.52763   0.01857  -0.52763
  7.51880   0.05293  -0.52090   0.05293  -0.52090   0.03195  -0.52602   0.03195  -0.52602
  7.56892   0.06060  -0.51786   0.06060  -0.51786   0.05855  -0.52309   0.05855  -0.52309
  7.61905   0.06743  -0.51448   0.06743  -0.51448   0.09044  -0.51856   0.09044  -0.51856
  7.66917   0.07241  -0.51085   0.07241  -0.51085   0.05360  -0.51587   0.05360  -0.51587
  7.71930   0.06378  -0.50766   0.06378  -0.50766   0.05337  -0.51319   0.05337  -0.51319
  7.76942   0.06604  -0.50435   0.06604  -0.50435   0.05690  -0.51034   0.05690  -0.51034
  7.81955   0.08198  -0.50024   0.08198  -0.50024   0.06553  -0.50706   0.06553  -0.50706
  7.86967   0.08505  -0.49597   0.08505  -0.49597   0.07901  -0.50310   0.07901  -0.50310
  7.91980   0.09114  -0.49141   0.09114  -0.49141   0.06010  -0.50008   0.06010  -0.50008
  7.96992   0.08804  -0.48699   0.08804  -0.48699   0.06581  -0.49679   0.06581  -0.49679
  8.02005   0.08582  -0.48269   0.08582  -0.48269   0.08027  -0.49276   0.08027  -0.49276
  8.07018   0.09625  -0.47787   0.09625  -0.47787   0.08085  -0.48871   0.08085  -0.48871
  8.12030   0.12167  -0.47177   0.12167  -0.47177   0.08017  -0.48469   0.08017  -0.48469
  8.17043   0.13817  -0.46484   0.13817  -0.46484   0.08672  -0.48034   0.08672  -0.48034
  8.22055   0.14850  -0.45740   0.14850  -0.45740   0.09591  -0.47554   0.09591  -0.47554
  8.27068   0.16773  -0.44899   0.16773  -0.44899   0.11646  -0.46970   0.11646  -0.46970
  8.32080   0.20143  -0.43889   0.20143  -0.43889   0.13419  -0.46297   0.13419  -0.46297
  8.37093   0.19078  -0.42933   0.19078  -0.42933   0.15137  -0.45538   0.15137  -0.45538
  8.42105   0.15123  -0.42175   0.15123  -0.42175   0.15699  -0.44752   0.15699  -0.44752
  8.47118   0.15075  -0.41420   0.15075  -0.41420   0.19141  -0.43792   0.19141  -0.43792
  8.52130   0.17395  -0.40548   0.17395  -0.40548   0.23500  -0.42614   0.23500  -0.42614
  8.57143   0.12972  -0.39897   0.12972  -0.39897   0.16909  -0.41767   0.16909  -0.41767
  8.62155   0.17761  -0.39007   0.17761  -0.39007   0.14361  -0.41047   0.14361  -0.41047
  8.67168   0.17818  -0.38114   0.17818  -0.38114   0.13252  -0.40382   0.13252  -0.40382
  8.72180   0.21900  -0.37016   0.21900  -0.37016   0.16693  -0.39546   0.16693  -0.39546
  8.77193   0.16995  -0.36164   0.16995  -0.36164   0.15936  -0.38747   0.15936  -0.38747
  8.82206   0.13764  -0.35474   0.13764  -0.35474   0.16623  -0.37914   0.16623  -0.37914
  8.87218   0.15818  -0.34682   0.15818  -0.34682   0.17529  -0.37035   0.17529  -0.37035
  8.92231   0.13445  -0.34008   0.13445  -0.34008   0.21269  -0.35969   0.21269  -0.35969
  8.97243   0.13644  -0.33324   0.13644  -0.33324   0.14034  -0.35265   0.14034  -0.35265
  9.02256   0.13398  -0.32652   0.13398  -0.32652   0.15377  -0.34495   0.15377  -0.34495
  9.07268   0.10745  -0.32114   0.10745  -0.32114   0.13419  -0.33822   0.13419  -0.33822
  9.12281   0.13389  -0.31442   0.13389  -0.31442   0.13486  -0.33146   0.13486  -0.33146
  9.17293   0.10201  -0.30931   0.10201  -0.30931   0.14203  -0.32434   0.14203  -0.32434
  9.22306   0.11548  -0.30352   0.11548  -0.30352   0.10882  -0.31889   0.10882  -0.31889
  9.27318   0.11770  -0.29762   0.11770  -0.29762   0.11050  -0.31335   0.11050  -0.31335
  9.32331   0.10049  -0.29259   0.10049  -0.29259   0.08672  -0.30900   0.08672  -0.30900
  9.37343   0.07946  -0.28860   0.07946  -0.28860   0.11200  -0.30339   0.11200  -0.30339
  9.42356   0.07310  -0.28494   0.07310  -0.28494   0.12427  -0.29716   0.12427  -0.29716
  9.47368   0.09299  -0.28028   0.09299  -0.28028   0.10552  -0.29187   0.10552  -0.29187
  9.52381   0.11052  -0.27474   0.11052  -0.27474   0.06860  -0.28843   0.06860  -0.28843
  9.57393   0.12080  -0.26868   0.12080  -0.26868   0.06628  -0.28511   0.06628  -0.28511
  9.62406   0.13292  -0.26202   0.13292  -0.26202   0.09830  -0.28018   0.09830  -0.28018
  9.67419   0.13644  -0.25518   0.13644  -0.25518   0.10181  -0.27508   0.10181  -0.27508
  9.72431   0.14214  -0.24806   0.14214  -0.24806   0.10774  -0.26968   0.10774  -0.26968
  9.77444   0.11198  -0.24244   0.11198  -0.24244   0.13034  -0.26314   0.13034  -0.26314
  9.82456   0.11191  -0.23683   0.11191  -0.23683   0.13786  -0.25623   0.13786  -0.25623
  9.87469   0.13332  -0.23015   0.13332  -0.23015   0.12877  -0.24978   0.12877  -0.24978
  9.92481   0.17257  -0.22150   0.17257  -0.22150   0.12472  -0.24353   0.12472  -0.24353
  9.97494   0.15598  -0.21368   0.15598  -0.21368   0.12182  -0.23742   0.12182  -0.23742
 10.02506   0.14165  -0.20658   0.14165  -0.20658   0.12693  -0.23106   0.12693  -0.23106