ESCALE ; pCOHP file generated by LOBSTER. Energy is shifted such that the Fermi level lies at 0 eV.
         2          2        401  -5.82964e+00   1.42205e+01   4.19543e+00 
Average
No.1:Mn42->O85(1.9348830438060058)
-10.02506   0.00000  -0.69806   0.00000  -0.69806   0.00000  -0.69286   0.00000  -0.69286
 -9.97494   0.00000  -0.69806   0.00000  -0.69806   0.00000  -0.69286   0.00000  -0.69286
 -9.92481   0.00000  -0.69806   0.00000  -0.69806   0.00000  -0.69286   0.00000  -0.69286
 -9.87469   0.00000  -0.69806   0.00000  -0.69806   0.00000  -0.69286   0.00000  -0.69286
 -9.82456   0.00000  -0.69806   0.00000  -0.69806   0.00000  -0.69286   0.00000  -0.69286
 -9.77444   0.00000  -0.69806   0.00000  -0.69806   0.00000  -0.69286   0.00000  -0.69286
 -9.72431   0.00000  -0.69806   0.00000  -0.69806   0.00000  -0.69286   0.00000  -0.69286
 -9.67419   0.00000  -0.69806   0.00000  -0.69806   0.00000  -0.69286   0.00000  -0.69286
 -9.62406   0.00000  -0.69806   0.00000  -0.69806   0.00000  -0.69286   0.00000  -0.69286
 -9.57393   0.00000  -0.69806   0.00000  -0.69806   0.00000  -0.69286   0.00000  -0.69286
 -9.52381   0.00000  -0.69806   0.00000  -0.69806   0.00000  -0.69286   0.00000  -0.69286
 -9.47368   0.00000  -0.69806   0.00000  -0.69806   0.00000  -0.69286   0.00000  -0.69286
 -9.42356   0.00000  -0.69806   0.00000  -0.69806   0.00000  -0.69286   0.00000  -0.69286
 -9.37343   0.00000  -0.69806   0.00000  -0.69806   0.00000  -0.69286   0.00000  -0.69286
 -9.32331   0.00000  -0.69806   0.00000  -0.69806   0.00000  -0.69286   0.00000  -0.69286
 -9.27318   0.00000  -0.69806   0.00000  -0.69806   0.00000  -0.69286   0.00000  -0.69286
 -9.22306   0.00000  -0.69806   0.00000  -0.69806   0.00000  -0.69286   0.00000  -0.69286
 -9.17293   0.00000  -0.69806   0.00000  -0.69806   0.00000  -0.69286   0.00000  -0.69286
 -9.12281   0.00000  -0.69806   0.00000  -0.69806   0.00000  -0.69286   0.00000  -0.69286
 -9.07268   0.00000  -0.69806   0.00000  -0.69806   0.00000  -0.69286   0.00000  -0.69286
 -9.02256   0.00000  -0.69806   0.00000  -0.69806   0.00000  -0.69286   0.00000  -0.69286
 -8.97243   0.00000  -0.69806   0.00000  -0.69806   0.00000  -0.69286   0.00000  -0.69286
 -8.92231   0.00000  -0.69806   0.00000  -0.69806   0.00000  -0.69286   0.00000  -0.69286
 -8.87218   0.00000  -0.69806   0.00000  -0.69806   0.00000  -0.69286   0.00000  -0.69286
 -8.82206   0.00000  -0.69806   0.00000  -0.69806   0.00000  -0.69286   0.00000  -0.69286
 -8.77193   0.00000  -0.69806   0.00000  -0.69806   0.00000  -0.69286   0.00000  -0.69286
 -8.72180   0.00000  -0.69806   0.00000  -0.69806   0.00000  -0.69286   0.00000  -0.69286
 -8.67168   0.00000  -0.69806   0.00000  -0.69806   0.00000  -0.69286   0.00000  -0.69286
 -8.62155   0.00000  -0.69806   0.00000  -0.69806   0.00000  -0.69286   0.00000  -0.69286
 -8.57143   0.00000  -0.69806   0.00000  -0.69806   0.00000  -0.69286   0.00000  -0.69286
 -8.52130   0.00000  -0.69806   0.00000  -0.69806   0.00000  -0.69286   0.00000  -0.69286
 -8.47118   0.00000  -0.69806   0.00000  -0.69806   0.00000  -0.69286   0.00000  -0.69286
 -8.42105   0.00000  -0.69806   0.00000  -0.69806   0.00000  -0.69286   0.00000  -0.69286
 -8.37093   0.00000  -0.69806   0.00000  -0.69806   0.00000  -0.69286   0.00000  -0.69286
 -8.32080   0.00000  -0.69806   0.00000  -0.69806   0.00000  -0.69286   0.00000  -0.69286
 -8.27068   0.00000  -0.69806   0.00000  -0.69806   0.00000  -0.69286   0.00000  -0.69286
 -8.22055   0.00000  -0.69806   0.00000  -0.69806   0.00000  -0.69286   0.00000  -0.69286
 -8.17043   0.00000  -0.69806   0.00000  -0.69806   0.00000  -0.69286   0.00000  -0.69286
 -8.12030   0.00000  -0.69806   0.00000  -0.69806   0.00000  -0.69286   0.00000  -0.69286
 -8.07018   0.00000  -0.69806   0.00000  -0.69806   0.00000  -0.69286   0.00000  -0.69286
 -8.02005   0.00000  -0.69806   0.00000  -0.69806   0.00000  -0.69286   0.00000  -0.69286
 -7.96992   0.00000  -0.69806   0.00000  -0.69806   0.00000  -0.69286   0.00000  -0.69286
 -7.91980   0.00000  -0.69806   0.00000  -0.69806   0.00000  -0.69286   0.00000  -0.69286
 -7.86967   0.00000  -0.69806   0.00000  -0.69806   0.00000  -0.69286   0.00000  -0.69286
 -7.81955   0.00000  -0.69806   0.00000  -0.69806   0.00000  -0.69286   0.00000  -0.69286
 -7.76942   0.00000  -0.69806   0.00000  -0.69806   0.00000  -0.69286   0.00000  -0.69286
 -7.71930   0.00000  -0.69806   0.00000  -0.69806   0.00000  -0.69286   0.00000  -0.69286
 -7.66917   0.00000  -0.69806   0.00000  -0.69806   0.00000  -0.69286   0.00000  -0.69286
 -7.61905   0.00000  -0.69806   0.00000  -0.69806   0.00000  -0.69286   0.00000  -0.69286
 -7.56892   0.00000  -0.69806   0.00000  -0.69806   0.00000  -0.69286   0.00000  -0.69286
 -7.51880   0.00000  -0.69806   0.00000  -0.69806   0.00000  -0.69286   0.00000  -0.69286
 -7.46867   0.00000  -0.69806   0.00000  -0.69806   0.00000  -0.69286   0.00000  -0.69286
 -7.41855   0.00000  -0.69806   0.00000  -0.69806   0.00000  -0.69286   0.00000  -0.69286
 -7.36842   0.00000  -0.69806   0.00000  -0.69806   0.00000  -0.69286   0.00000  -0.69286
 -7.31830   0.00000  -0.69806   0.00000  -0.69806   0.00000  -0.69286   0.00000  -0.69286
 -7.26817   0.00000  -0.69806   0.00000  -0.69806   0.00000  -0.69286   0.00000  -0.69286
 -7.21805   0.00000  -0.69806   0.00000  -0.69806   0.00000  -0.69286   0.00000  -0.69286
 -7.16792   0.00000  -0.69806   0.00000  -0.69806   0.00000  -0.69286   0.00000  -0.69286
 -7.11779   0.00000  -0.69806   0.00000  -0.69806   0.00000  -0.69286   0.00000  -0.69286
 -7.06767  -0.01810  -0.69896  -0.01810  -0.69896   0.00000  -0.69286   0.00000  -0.69286
 -7.01754  -0.06242  -0.70209  -0.06242  -0.70209   0.00000  -0.69286   0.00000  -0.69286
 -6.96742  -0.12175  -0.70819  -0.12175  -0.70819   0.00000  -0.69286   0.00000  -0.69286
 -6.91729  -0.09894  -0.71315  -0.09894  -0.71315   0.00000  -0.69286   0.00000  -0.69286
 -6.86717  -0.31211  -0.72880  -0.31211  -0.72880   0.00000  -0.69286   0.00000  -0.69286
 -6.81704  -0.19995  -0.73882  -0.19995  -0.73882   0.00000  -0.69286   0.00000  -0.69286
 -6.76692  -0.17211  -0.74745  -0.17211  -0.74745   0.00000  -0.69286   0.00000  -0.69286
 -6.71679  -0.25446  -0.76020  -0.25446  -0.76020   0.00000  -0.69286   0.00000  -0.69286
 -6.66667  -0.29602  -0.77504  -0.29602  -0.77504   0.00000  -0.69286   0.00000  -0.69286
 -6.61654  -0.32132  -0.79115  -0.32132  -0.79115   0.00000  -0.69286   0.00000  -0.69286
 -6.56642  -0.35281  -0.80883  -0.35281  -0.80883   0.00000  -0.69286   0.00000  -0.69286
 -6.51629  -0.38962  -0.82836  -0.38962  -0.82836   0.00000  -0.69286   0.00000  -0.69286
 -6.46617  -0.32770  -0.84479  -0.32770  -0.84479   0.00000  -0.69286   0.00000  -0.69286
 -6.41604  -0.33481  -0.86157  -0.33481  -0.86157   0.00000  -0.69286   0.00000  -0.69286
 -6.36591  -0.29816  -0.87652  -0.29816  -0.87652   0.00000  -0.69286   0.00000  -0.69286
 -6.31579  -0.32496  -0.89280  -0.32496  -0.89280   0.00000  -0.69286   0.00000  -0.69286
 -6.26566  -0.24036  -0.90485  -0.24036  -0.90485   0.00000  -0.69286   0.00000  -0.69286
 -6.21554  -0.28577  -0.91918  -0.28577  -0.91918   0.00000  -0.69286   0.00000  -0.69286
 -6.16541  -0.32898  -0.93567  -0.32898  -0.93567   0.00000  -0.69286   0.00000  -0.69286
 -6.11529  -0.20540  -0.94596  -0.20540  -0.94596   0.00000  -0.69286   0.00000  -0.69286
 -6.06516  -0.22828  -0.95741  -0.22828  -0.95741   0.00000  -0.69286   0.00000  -0.69286
 -6.01504  -0.25990  -0.97043  -0.25990  -0.97043   0.00000  -0.69286   0.00000  -0.69286
 -5.96491  -0.28398  -0.98467  -0.28398  -0.98467   0.00000  -0.69286   0.00000  -0.69286
 -5.91479  -0.39951  -1.00469  -0.39951  -1.00469   0.00000  -0.69286   0.00000  -0.69286
 -5.86466  -0.33635  -1.02155  -0.33635  -1.02155   0.00000  -0.69286   0.00000  -0.69286
 -5.81454  -0.35378  -1.03929  -0.35378  -1.03929   0.00000  -0.69286   0.00000  -0.69286
 -5.76441  -0.35506  -1.05708  -0.35506  -1.05708   0.00000  -0.69286   0.00000  -0.69286
 -5.71429  -0.26506  -1.07037  -0.26506  -1.07037  -0.00102  -0.69291  -0.00102  -0.69291
 -5.66416  -0.26822  -1.08381  -0.26822  -1.08381  -0.02076  -0.69395  -0.02076  -0.69395
 -5.61404  -0.36773  -1.10225  -0.36773  -1.10225  -0.02283  -0.69509  -0.02283  -0.69509
 -5.56391  -0.24409  -1.11448  -0.24409  -1.11448  -0.05543  -0.69787  -0.05543  -0.69787
 -5.51378  -0.23809  -1.12642  -0.23809  -1.12642  -0.07642  -0.70170  -0.07642  -0.70170
 -5.46366  -0.21101  -1.13699  -0.21101  -1.13699  -0.17169  -0.71031  -0.17169  -0.71031
 -5.41353  -0.41323  -1.15771  -0.41323  -1.15771  -0.24999  -0.72284  -0.24999  -0.72284
 -5.36341  -0.40852  -1.17818  -0.40852  -1.17818  -0.26600  -0.73617  -0.26600  -0.73617
 -5.31328  -0.71922  -1.21423  -0.71922  -1.21423  -0.20300  -0.74635  -0.20300  -0.74635
 -5.26316  -0.62691  -1.24566  -0.62691  -1.24566  -0.12014  -0.75237  -0.12014  -0.75237
 -5.21303  -0.47902  -1.26967  -0.47902  -1.26967  -0.10880  -0.75782  -0.10880  -0.75782
 -5.16291  -0.36426  -1.28793  -0.36426  -1.28793  -0.09232  -0.76245  -0.09232  -0.76245
 -5.11278  -0.32404  -1.30417  -0.32404  -1.30417  -0.08017  -0.76647  -0.08017  -0.76647
 -5.06266  -0.33211  -1.32082  -0.33211  -1.32082  -0.13781  -0.77338  -0.13781  -0.77338
 -5.01253  -0.32697  -1.33721  -0.32697  -1.33721  -0.20561  -0.78368  -0.20561  -0.78368
 -4.96241  -0.28416  -1.35145  -0.28416  -1.35145  -0.31886  -0.79967  -0.31886  -0.79967
 -4.91228  -0.31886  -1.36743  -0.31886  -1.36743  -0.41093  -0.82027  -0.41093  -0.82027
 -4.86216  -0.26917  -1.38093  -0.26917  -1.38093  -0.46870  -0.84376  -0.46870  -0.84376
 -4.81203  -0.24247  -1.39308  -0.24247  -1.39308  -0.46028  -0.86683  -0.46028  -0.86683
 -4.76190  -0.25875  -1.40605  -0.25875  -1.40605  -0.35975  -0.88486  -0.35975  -0.88486
 -4.71178  -0.22863  -1.41751  -0.22863  -1.41751  -0.44627  -0.90723  -0.44627  -0.90723
 -4.66165  -0.19635  -1.42735  -0.19635  -1.42735  -0.35271  -0.92491  -0.35271  -0.92491
 -4.61153  -0.11380  -1.43306  -0.11380  -1.43306  -0.44135  -0.94703  -0.44135  -0.94703
 -4.56140  -0.11317  -1.43873  -0.11317  -1.43873  -0.30161  -0.96215  -0.30161  -0.96215
 -4.51128  -0.13509  -1.44550  -0.13509  -1.44550  -0.30428  -0.97741  -0.30428  -0.97741
 -4.46115  -0.09120  -1.45007  -0.09120  -1.45007  -0.29743  -0.99231  -0.29743  -0.99231
 -4.41103  -0.10454  -1.45531  -0.10454  -1.45531  -0.23025  -1.00386  -0.23025  -1.00386
 -4.36090  -0.10861  -1.46076  -0.10861  -1.46076  -0.26422  -1.01710  -0.26422  -1.01710
 -4.31078  -0.12200  -1.46687  -0.12200  -1.46687  -0.26897  -1.03058  -0.26897  -1.03058
 -4.26065  -0.17048  -1.47542  -0.17048  -1.47542  -0.24932  -1.04308  -0.24932  -1.04308
 -4.21053  -0.14295  -1.48258  -0.14295  -1.48258  -0.32145  -1.05919  -0.32145  -1.05919
 -4.16040  -0.07082  -1.48613  -0.07082  -1.48613  -0.28402  -1.07343  -0.28402  -1.07343
 -4.11028  -0.07733  -1.49001  -0.07733  -1.49001  -0.26819  -1.08687  -0.26819  -1.08687
 -4.06015  -0.03900  -1.49196  -0.03900  -1.49196  -0.36563  -1.10520  -0.36563  -1.10520
 -4.01003  -0.01247  -1.49259  -0.01247  -1.49259  -0.42745  -1.12663  -0.42745  -1.12663
 -3.95990  -0.04007  -1.49460  -0.04007  -1.49460  -0.56055  -1.15472  -0.56055  -1.15472
 -3.90977  -0.10790  -1.50001  -0.10790  -1.50001  -0.54688  -1.18214  -0.54688  -1.18214
 -3.85965  -0.10502  -1.50527  -0.10502  -1.50527  -0.42142  -1.20326  -0.42142  -1.20326
 -3.80952  -0.04974  -1.50776  -0.04974  -1.50776  -0.41516  -1.22407  -0.41516  -1.22407
 -3.75940  -0.03151  -1.50934  -0.03151  -1.50934  -0.39883  -1.24406  -0.39883  -1.24406
 -3.70927  -0.00744  -1.50972  -0.00744  -1.50972  -0.40032  -1.26413  -0.40032  -1.26413
 -3.65915  -0.00100  -1.50977  -0.00100  -1.50977  -0.37296  -1.28282  -0.37296  -1.28282
 -3.60902   0.00015  -1.50976   0.00015  -1.50976  -0.28486  -1.29710  -0.28486  -1.29710
 -3.55890  -0.01865  -1.51069  -0.01865  -1.51069  -0.20753  -1.30750  -0.20753  -1.30750
 -3.50877  -0.02184  -1.51179  -0.02184  -1.51179  -0.13822  -1.31443  -0.13822  -1.31443
 -3.45865   0.05322  -1.50912   0.05322  -1.50912  -0.08755  -1.31882  -0.08755  -1.31882
 -3.40852   0.05138  -1.50654   0.05138  -1.50654  -0.05876  -1.32176  -0.05876  -1.32176
 -3.35840   0.00438  -1.50632   0.00438  -1.50632  -0.08543  -1.32605  -0.08543  -1.32605
 -3.30827   0.00703  -1.50597   0.00703  -1.50597  -0.04884  -1.32850  -0.04884  -1.32850
 -3.25815   0.04030  -1.50395   0.04030  -1.50395  -0.07660  -1.33233  -0.07660  -1.33233
 -3.20802   0.06217  -1.50084   0.06217  -1.50084  -0.06797  -1.33574  -0.06797  -1.33574
 -3.15789   0.04318  -1.49867   0.04318  -1.49867  -0.08226  -1.33987  -0.08226  -1.33987
 -3.10777   0.07683  -1.49482   0.07683  -1.49482  -0.09473  -1.34461  -0.09473  -1.34461
 -3.05764   0.07580  -1.49102   0.07580  -1.49102  -0.09987  -1.34962  -0.09987  -1.34962
 -3.00752   0.06231  -1.48790   0.06231  -1.48790  -0.09554  -1.35441  -0.09554  -1.35441
 -2.95739   0.08025  -1.48388   0.08025  -1.48388  -0.10707  -1.35978  -0.10707  -1.35978
 -2.90727   0.11005  -1.47836   0.11005  -1.47836  -0.10779  -1.36518  -0.10779  -1.36518
 -2.85714   0.11468  -1.47261   0.11468  -1.47261  -0.13377  -1.37188  -0.13377  -1.37188
 -2.80702   0.09447  -1.46788   0.09447  -1.46788  -0.08070  -1.37593  -0.08070  -1.37593
 -2.75689   0.10247  -1.46274   0.10247  -1.46274  -0.10193  -1.38104  -0.10193  -1.38104
 -2.70677   0.09501  -1.45798   0.09501  -1.45798  -0.10229  -1.38617  -0.10229  -1.38617
 -2.65664   0.06749  -1.45459   0.06749  -1.45459  -0.10534  -1.39145  -0.10534  -1.39145
 -2.60652   0.07818  -1.45067   0.07818  -1.45067  -0.09547  -1.39623  -0.09547  -1.39623
 -2.55639   0.12157  -1.44458   0.12157  -1.44458  -0.10080  -1.40128  -0.10080  -1.40128
 -2.50627   0.09940  -1.43960   0.09940  -1.43960  -0.09953  -1.40627  -0.09953  -1.40627
 -2.45614   0.07965  -1.43561   0.07965  -1.43561  -0.09865  -1.41122  -0.09865  -1.41122
 -2.40602   0.10597  -1.43029   0.10597  -1.43029  -0.06411  -1.41443  -0.06411  -1.41443
 -2.35589   0.13287  -1.42363   0.13287  -1.42363  -0.04252  -1.41656  -0.04252  -1.41656
 -2.30576   0.17422  -1.41490   0.17422  -1.41490  -0.07412  -1.42028  -0.07412  -1.42028
 -2.25564   0.18243  -1.40576   0.18243  -1.40576  -0.08394  -1.42449  -0.08394  -1.42449
 -2.20551   0.17258  -1.39711   0.17258  -1.39711  -0.05914  -1.42745  -0.05914  -1.42745
 -2.15539   0.18354  -1.38791   0.18354  -1.38791  -0.04140  -1.42953  -0.04140  -1.42953
 -2.10526   0.17837  -1.37897   0.17837  -1.37897  -0.02532  -1.43079  -0.02532  -1.43079
 -2.05514   0.18541  -1.36967   0.18541  -1.36967  -0.02689  -1.43214  -0.02689  -1.43214
 -2.00501   0.22986  -1.35815   0.22986  -1.35815   0.00058  -1.43211   0.00058  -1.43211
 -1.95489   0.22193  -1.34703   0.22193  -1.34703  -0.03430  -1.43383  -0.03430  -1.43383
 -1.90476   0.16022  -1.33899   0.16022  -1.33899  -0.01857  -1.43476  -0.01857  -1.43476
 -1.85464   0.17218  -1.33036   0.17218  -1.33036  -0.02546  -1.43604  -0.02546  -1.43604
 -1.80451   0.17223  -1.32173   0.17223  -1.32173  -0.01491  -1.43679  -0.01491  -1.43679
 -1.75439   0.18586  -1.31241   0.18586  -1.31241  -0.02099  -1.43784  -0.02099  -1.43784
 -1.70426   0.20149  -1.30231   0.20149  -1.30231  -0.04611  -1.44015  -0.04611  -1.44015
 -1.65414   0.16901  -1.29384   0.16901  -1.29384  -0.05347  -1.44283  -0.05347  -1.44283
 -1.60401   0.13280  -1.28719   0.13280  -1.28719  -0.05213  -1.44544  -0.05213  -1.44544
 -1.55388   0.09329  -1.28251   0.09329  -1.28251  -0.06541  -1.44872  -0.06541  -1.44872
 -1.50376   0.16061  -1.27446   0.16061  -1.27446  -0.03917  -1.45069  -0.03917  -1.45069
 -1.45363   0.19130  -1.26487   0.19130  -1.26487  -0.02576  -1.45198  -0.02576  -1.45198
 -1.40351   0.19202  -1.25525   0.19202  -1.25525  -0.01474  -1.45272  -0.01474  -1.45272
 -1.35338   0.23828  -1.24330   0.23828  -1.24330   0.00279  -1.45258   0.00279  -1.45258
 -1.30326   0.27276  -1.22963   0.27276  -1.22963  -0.00477  -1.45281  -0.00477  -1.45281
 -1.25313   0.19374  -1.21992   0.19374  -1.21992  -0.01186  -1.45341  -0.01186  -1.45341
 -1.20301   0.14068  -1.21287   0.14068  -1.21287  -0.00820  -1.45382  -0.00820  -1.45382
 -1.15288   0.11704  -1.20700   0.11704  -1.20700  -0.00371  -1.45401  -0.00371  -1.45401
 -1.10276   0.13007  -1.20048   0.13007  -1.20048  -0.00163  -1.45409  -0.00163  -1.45409
 -1.05263   0.16384  -1.19227   0.16384  -1.19227  -0.00170  -1.45417  -0.00170  -1.45417
 -1.00251   0.17076  -1.18371   0.17076  -1.18371  -0.00042  -1.45419  -0.00042  -1.45419
 -0.95238   0.04996  -1.18120   0.04996  -1.18120  -0.00061  -1.45422  -0.00061  -1.45422
 -0.90226   0.03982  -1.17921   0.03982  -1.17921  -0.00172  -1.45431  -0.00172  -1.45431
 -0.85213   0.02933  -1.17774   0.02933  -1.17774   0.00160  -1.45423   0.00160  -1.45423
 -0.80201   0.03436  -1.17602   0.03436  -1.17602  -0.00178  -1.45432  -0.00178  -1.45432
 -0.75188   0.04609  -1.17370   0.04609  -1.17370  -0.00502  -1.45457  -0.00502  -1.45457
 -0.70175   0.02715  -1.17234   0.02715  -1.17234  -0.00136  -1.45464  -0.00136  -1.45464
 -0.65163   0.00592  -1.17205   0.00592  -1.17205   0.00052  -1.45461   0.00052  -1.45461
 -0.60150   0.00251  -1.17192   0.00251  -1.17192   0.00000  -1.45461   0.00000  -1.45461
 -0.55138   0.00225  -1.17181   0.00225  -1.17181   0.00000  -1.45461   0.00000  -1.45461
 -0.50125   0.00318  -1.17165   0.00318  -1.17165   0.00000  -1.45461   0.00000  -1.45461
 -0.45113   0.00204  -1.17155   0.00204  -1.17155   0.00000  -1.45461   0.00000  -1.45461
 -0.40100   0.00653  -1.17122   0.00653  -1.17122   0.00000  -1.45461   0.00000  -1.45461
 -0.35088   0.01884  -1.17028   0.01884  -1.17028   0.00000  -1.45461   0.00000  -1.45461
 -0.30075   0.00058  -1.17025   0.00058  -1.17025   0.00000  -1.45461   0.00000  -1.45461
 -0.25063   0.00041  -1.17023   0.00041  -1.17023   0.00000  -1.45461   0.00000  -1.45461
 -0.20050   0.00025  -1.17021   0.00025  -1.17021   0.00000  -1.45461   0.00000  -1.45461
 -0.15038   0.00003  -1.17021   0.00003  -1.17021   0.00000  -1.45461   0.00000  -1.45461
 -0.10025   0.00022  -1.17020   0.00022  -1.17020   0.00000  -1.45461   0.00000  -1.45461
 -0.05013   0.00042  -1.17018   0.00042  -1.17018   0.00000  -1.45461   0.00000  -1.45461
  0.00000   0.00048  -1.17016   0.00048  -1.17016   0.00000  -1.45461   0.00000  -1.45461
  0.05013   0.00000  -1.17016   0.00000  -1.17016   0.00000  -1.45461   0.00000  -1.45461
  0.10025   0.00000  -1.17016   0.00000  -1.17016   0.00000  -1.45461   0.00000  -1.45461
  0.15038   0.00000  -1.17016   0.00000  -1.17016   0.00000  -1.45461   0.00000  -1.45461
  0.20050   0.00000  -1.17016   0.00000  -1.17016   0.00000  -1.45461   0.00000  -1.45461
  0.25063   0.00000  -1.17016   0.00000  -1.17016   0.00000  -1.45461   0.00000  -1.45461
  0.30075   0.00000  -1.17016   0.00000  -1.17016   0.00000  -1.45461   0.00000  -1.45461
  0.35088   0.00000  -1.17016   0.00000  -1.17016   0.00000  -1.45461   0.00000  -1.45461
  0.40100   0.00000  -1.17016   0.00000  -1.17016   0.00000  -1.45461   0.00000  -1.45461
  0.45113   0.00000  -1.17016   0.00000  -1.17016   0.00000  -1.45461   0.00000  -1.45461
  0.50125   0.00000  -1.17016   0.00000  -1.17016   0.00000  -1.45461   0.00000  -1.45461
  0.55138   0.00000  -1.17016   0.00000  -1.17016   0.00000  -1.45461   0.00000  -1.45461
  0.60150   0.00000  -1.17016   0.00000  -1.17016   0.00000  -1.45461   0.00000  -1.45461
  0.65163   0.00000  -1.17016   0.00000  -1.17016   0.00000  -1.45461   0.00000  -1.45461
  0.70175   0.00000  -1.17016   0.00000  -1.17016   0.00000  -1.45461   0.00000  -1.45461
  0.75188   0.00000  -1.17016   0.00000  -1.17016   0.00000  -1.45461   0.00000  -1.45461
  0.80201   0.00000  -1.17016   0.00000  -1.17016   0.00000  -1.45461   0.00000  -1.45461
  0.85213   0.00000  -1.17016   0.00000  -1.17016   0.00000  -1.45461   0.00000  -1.45461
  0.90226   0.00000  -1.17016   0.00000  -1.17016   0.00000  -1.45461   0.00000  -1.45461
  0.95238   0.00000  -1.17016   0.00000  -1.17016   0.00000  -1.45461   0.00000  -1.45461
  1.00251   0.13374  -1.16345   0.13374  -1.16345   0.00000  -1.45461   0.00000  -1.45461
  1.05263   0.29542  -1.14864   0.29542  -1.14864   0.00000  -1.45461   0.00000  -1.45461
  1.10276   0.57511  -1.11982   0.57511  -1.11982   0.00000  -1.45461   0.00000  -1.45461
  1.15288   0.47664  -1.09592   0.47664  -1.09592   0.00000  -1.45461   0.00000  -1.45461
  1.20301   0.31271  -1.08025   0.31271  -1.08025   0.00000  -1.45461   0.00000  -1.45461
  1.25313   0.46197  -1.05709   0.46197  -1.05709   0.00000  -1.45461   0.00000  -1.45461
  1.30326   0.74491  -1.01975   0.74491  -1.01975   0.00000  -1.45461   0.00000  -1.45461
  1.35338   0.65828  -0.98676   0.65828  -0.98676   0.00000  -1.45461   0.00000  -1.45461
  1.40351   0.65261  -0.95405   0.65261  -0.95405   0.00000  -1.45461   0.00000  -1.45461
  1.45363   0.55475  -0.92624   0.55475  -0.92624   0.00000  -1.45461   0.00000  -1.45461
  1.50376   0.68432  -0.89194   0.68432  -0.89194   0.00000  -1.45461   0.00000  -1.45461
  1.55388   1.10537  -0.83653   1.10537  -0.83653   0.00000  -1.45461   0.00000  -1.45461
  1.60401   1.25312  -0.77372   1.25312  -0.77372   0.00000  -1.45461   0.00000  -1.45461
  1.65414   0.71986  -0.73763   0.71986  -0.73763   0.00000  -1.45461   0.00000  -1.45461
  1.70426   0.62461  -0.70633   0.62461  -0.70633   0.00000  -1.45461   0.00000  -1.45461
  1.75439   0.76546  -0.66796   0.76546  -0.66796   0.00000  -1.45461   0.00000  -1.45461
  1.80451   0.69526  -0.63311   0.69526  -0.63311   0.00000  -1.45461   0.00000  -1.45461
  1.85464   0.86984  -0.58951   0.86984  -0.58951   0.00000  -1.45461   0.00000  -1.45461
  1.90476   0.63376  -0.55774   0.63376  -0.55774   0.00000  -1.45461   0.00000  -1.45461
  1.95489   0.21654  -0.54688   0.21654  -0.54688   0.00000  -1.45461   0.00000  -1.45461
  2.00501   0.08666  -0.54254   0.08666  -0.54254   0.00000  -1.45461   0.00000  -1.45461
  2.05514   0.04723  -0.54017   0.04723  -0.54017   0.00000  -1.45461   0.00000  -1.45461
  2.10526   0.01791  -0.53927   0.01791  -0.53927   0.00000  -1.45461   0.00000  -1.45461
  2.15539   0.00224  -0.53916   0.00224  -0.53916   0.00000  -1.45461   0.00000  -1.45461
  2.20551   0.00025  -0.53915   0.00025  -0.53915   0.00000  -1.45461   0.00000  -1.45461
  2.25564   0.00000  -0.53915   0.00000  -0.53915   0.00000  -1.45461   0.00000  -1.45461
  2.30576   0.00000  -0.53915   0.00000  -0.53915   0.00000  -1.45461   0.00000  -1.45461
  2.35589   0.00000  -0.53915   0.00000  -0.53915   0.00000  -1.45461   0.00000  -1.45461
  2.40602   0.00000  -0.53915   0.00000  -0.53915   0.00000  -1.45461   0.00000  -1.45461
  2.45614   0.00000  -0.53915   0.00000  -0.53915   0.00000  -1.45461   0.00000  -1.45461
  2.50627   0.00000  -0.53915   0.00000  -0.53915   0.00000  -1.45461   0.00000  -1.45461
  2.55639   0.00000  -0.53915   0.00000  -0.53915   0.00000  -1.45461   0.00000  -1.45461
  2.60652   0.00000  -0.53915   0.00000  -0.53915   0.06625  -1.45129   0.06625  -1.45129
  2.65664   0.00000  -0.53915   0.00000  -0.53915   0.24156  -1.43918   0.24156  -1.43918
  2.70677   0.00000  -0.53915   0.00000  -0.53915   0.21513  -1.42840   0.21513  -1.42840
  2.75689   0.00000  -0.53915   0.00000  -0.53915   0.32941  -1.41189   0.32941  -1.41189
  2.80702   0.00000  -0.53915   0.00000  -0.53915   0.47649  -1.38800   0.47649  -1.38800
  2.85714   0.00000  -0.53915   0.00000  -0.53915   0.17924  -1.37902   0.17924  -1.37902
  2.90727   0.00000  -0.53915   0.00000  -0.53915   0.10617  -1.37370   0.10617  -1.37370
  2.95739   0.00000  -0.53915   0.00000  -0.53915   0.16226  -1.36556   0.16226  -1.36556
  3.00752   0.00000  -0.53915   0.00000  -0.53915   0.29519  -1.35077   0.29519  -1.35077
  3.05764   0.00000  -0.53915   0.00000  -0.53915   0.42505  -1.32946   0.42505  -1.32946
  3.10777   0.00000  -0.53915   0.00000  -0.53915   0.36098  -1.31137   0.36098  -1.31137
  3.15789   0.00000  -0.53915   0.00000  -0.53915   0.22968  -1.29985   0.22968  -1.29985
  3.20802   0.00000  -0.53915   0.00000  -0.53915   0.38257  -1.28068   0.38257  -1.28068
  3.25815   0.00000  -0.53915   0.00000  -0.53915   0.29925  -1.26568   0.29925  -1.26568
  3.30827   0.00000  -0.53915   0.00000  -0.53915   0.52293  -1.23947   0.52293  -1.23947
  3.35840   0.00000  -0.53915   0.00000  -0.53915   0.84308  -1.19721   0.84308  -1.19721
  3.40852   0.00000  -0.53915   0.00000  -0.53915   0.80050  -1.15708   0.80050  -1.15708
  3.45865   0.00000  -0.53915   0.00000  -0.53915   0.10580  -1.15178   0.10580  -1.15178
  3.50877   0.00000  -0.53915   0.00000  -0.53915   0.15001  -1.14426   0.15001  -1.14426
  3.55890   0.00000  -0.53915   0.00000  -0.53915   0.28388  -1.13003   0.28388  -1.13003
  3.60902   0.00000  -0.53915   0.00000  -0.53915   0.33561  -1.11321   0.33561  -1.11321
  3.65915   0.00000  -0.53915   0.00000  -0.53915   0.43793  -1.09126   0.43793  -1.09126
  3.70927   0.00000  -0.53915   0.00000  -0.53915   0.68966  -1.05669   0.68966  -1.05669
  3.75940   0.00000  -0.53915   0.00000  -0.53915   1.14876  -0.99910   1.14876  -0.99910
  3.80952   0.00000  -0.53915   0.00000  -0.53915   1.08081  -0.94493   1.08081  -0.94493
  3.85965   0.00000  -0.53915   0.00000  -0.53915   1.05118  -0.89224   1.05118  -0.89224
  3.90977   0.00000  -0.53915   0.00000  -0.53915   0.84789  -0.84974   0.84789  -0.84974
  3.95990   0.00000  -0.53915   0.00000  -0.53915   0.89982  -0.80463   0.89982  -0.80463
  4.01003   0.00000  -0.53915   0.00000  -0.53915   0.96201  -0.75641   0.96201  -0.75641
  4.06015   0.00000  -0.53915   0.00000  -0.53915   2.28150  -0.64205   2.28150  -0.64205
  4.11028   0.00000  -0.53915   0.00000  -0.53915   1.81063  -0.55129   1.81063  -0.55129
  4.16040   0.00000  -0.53915   0.00000  -0.53915   0.34801  -0.53385   0.34801  -0.53385
  4.21053   0.00000  -0.53915   0.00000  -0.53915   0.06940  -0.53037   0.06940  -0.53037
  4.26065   0.00000  -0.53915   0.00000  -0.53915   0.04238  -0.52825   0.04238  -0.52825
  4.31078   0.00000  -0.53915   0.00000  -0.53915   0.03148  -0.52667   0.03148  -0.52667
  4.36090   0.00000  -0.53915   0.00000  -0.53915   0.01172  -0.52608   0.01172  -0.52608
  4.41103   0.00000  -0.53915   0.00000  -0.53915   0.00306  -0.52593   0.00306  -0.52593
  4.46115   0.00000  -0.53915   0.00000  -0.53915   0.00206  -0.52582   0.00206  -0.52582
  4.51128   0.00000  -0.53915   0.00000  -0.53915   0.00000  -0.52582   0.00000  -0.52582
  4.56140   0.00000  -0.53915   0.00000  -0.53915   0.00000  -0.52582   0.00000  -0.52582
  4.61153   0.00000  -0.53915   0.00000  -0.53915   0.00000  -0.52582   0.00000  -0.52582
  4.66165   0.00000  -0.53915   0.00000  -0.53915   0.00000  -0.52582   0.00000  -0.52582
  4.71178   0.00000  -0.53915   0.00000  -0.53915   0.00000  -0.52582   0.00000  -0.52582
  4.76190   0.00000  -0.53915   0.00000  -0.53915   0.00000  -0.52582   0.00000  -0.52582
  4.81203   0.00000  -0.53915   0.00000  -0.53915   0.00000  -0.52582   0.00000  -0.52582
  4.86216   0.00000  -0.53915   0.00000  -0.53915   0.00000  -0.52582   0.00000  -0.52582
  4.91228   0.00000  -0.53915   0.00000  -0.53915   0.00000  -0.52582   0.00000  -0.52582
  4.96241   0.00000  -0.53915   0.00000  -0.53915   0.00000  -0.52582   0.00000  -0.52582
  5.01253   0.00000  -0.53915   0.00000  -0.53915   0.00000  -0.52582   0.00000  -0.52582
  5.06266   0.00000  -0.53915   0.00000  -0.53915   0.00000  -0.52582   0.00000  -0.52582
  5.11278   0.00000  -0.53915   0.00000  -0.53915   0.00000  -0.52582   0.00000  -0.52582
  5.16291   0.00000  -0.53915   0.00000  -0.53915   0.00000  -0.52582   0.00000  -0.52582
  5.21303   0.00000  -0.53915   0.00000  -0.53915   0.00000  -0.52582   0.00000  -0.52582
  5.26316   0.00000  -0.53915   0.00000  -0.53915   0.00000  -0.52582   0.00000  -0.52582
  5.31328   0.00000  -0.53915   0.00000  -0.53915   0.00000  -0.52582   0.00000  -0.52582
  5.36341   0.00000  -0.53915   0.00000  -0.53915   0.00000  -0.52582   0.00000  -0.52582
  5.41353   0.00000  -0.53915   0.00000  -0.53915   0.00000  -0.52582   0.00000  -0.52582
  5.46366   0.00000  -0.53915   0.00000  -0.53915   0.00000  -0.52582   0.00000  -0.52582
  5.51378   0.00000  -0.53915   0.00000  -0.53915   0.00000  -0.52582   0.00000  -0.52582
  5.56391   0.00000  -0.53915   0.00000  -0.53915   0.00000  -0.52582   0.00000  -0.52582
  5.61404   0.00000  -0.53915   0.00000  -0.53915   0.00000  -0.52582   0.00000  -0.52582
  5.66416   0.00000  -0.53915   0.00000  -0.53915   0.00000  -0.52582   0.00000  -0.52582
  5.71429   0.00000  -0.53915   0.00000  -0.53915   0.00000  -0.52582   0.00000  -0.52582
  5.76441   0.00000  -0.53915   0.00000  -0.53915   0.00000  -0.52582   0.00000  -0.52582
  5.81454   0.00000  -0.53915   0.00000  -0.53915   0.00000  -0.52582   0.00000  -0.52582
  5.86466   0.00000  -0.53915   0.00000  -0.53915   0.00000  -0.52582   0.00000  -0.52582
  5.91479   0.00000  -0.53915   0.00000  -0.53915   0.00000  -0.52582   0.00000  -0.52582
  5.96491   0.00004  -0.53915   0.00004  -0.53915   0.00000  -0.52582   0.00000  -0.52582
  6.01504   0.00057  -0.53912   0.00057  -0.53912   0.00000  -0.52582   0.00000  -0.52582
  6.06516   0.00155  -0.53904   0.00155  -0.53904   0.00000  -0.52582   0.00000  -0.52582
  6.11529   0.00251  -0.53892   0.00251  -0.53892   0.00000  -0.52582   0.00000  -0.52582
  6.16541   0.00267  -0.53878   0.00267  -0.53878   0.00000  -0.52582   0.00000  -0.52582
  6.21554   0.00239  -0.53866   0.00239  -0.53866   0.00008  -0.52582   0.00008  -0.52582
  6.26566   0.00252  -0.53854   0.00252  -0.53854   0.00072  -0.52578   0.00072  -0.52578
  6.31579   0.00358  -0.53836   0.00358  -0.53836   0.00166  -0.52570   0.00166  -0.52570
  6.36591   0.00545  -0.53808   0.00545  -0.53808   0.00246  -0.52558   0.00246  -0.52558
  6.41604   0.00868  -0.53765   0.00868  -0.53765   0.00237  -0.52546   0.00237  -0.52546
  6.46617   0.01305  -0.53699   0.01305  -0.53699   0.00217  -0.52535   0.00217  -0.52535
  6.51629   0.01175  -0.53640   0.01175  -0.53640   0.00270  -0.52521   0.00270  -0.52521
  6.56642   0.01009  -0.53590   0.01009  -0.53590   0.00411  -0.52501   0.00411  -0.52501
  6.61654   0.00905  -0.53545   0.00905  -0.53545   0.00640  -0.52469   0.00640  -0.52469
  6.66667   0.00841  -0.53502   0.00841  -0.53502   0.01107  -0.52413   0.01107  -0.52413
  6.71679   0.00852  -0.53460   0.00852  -0.53460   0.01172  -0.52355   0.01172  -0.52355
  6.76692   0.01033  -0.53408   0.01033  -0.53408   0.00972  -0.52306   0.00972  -0.52306
  6.81704   0.01676  -0.53324   0.01676  -0.53324   0.00868  -0.52262   0.00868  -0.52262
  6.86717   0.02009  -0.53223   0.02009  -0.53223   0.00785  -0.52223   0.00785  -0.52223
  6.91729   0.01877  -0.53129   0.01877  -0.53129   0.00767  -0.52185   0.00767  -0.52185
  6.96742   0.01700  -0.53044   0.01700  -0.53044   0.00861  -0.52141   0.00861  -0.52141
  7.01754   0.01580  -0.52965   0.01580  -0.52965   0.01377  -0.52072   0.01377  -0.52072
  7.06767   0.01514  -0.52889   0.01514  -0.52889   0.01821  -0.51981   0.01821  -0.51981
  7.11779   0.01431  -0.52817   0.01431  -0.52817   0.01730  -0.51894   0.01730  -0.51894
  7.16792   0.01476  -0.52743   0.01476  -0.52743   0.01482  -0.51820   0.01482  -0.51820
  7.21805   0.01735  -0.52656   0.01735  -0.52656   0.01405  -0.51750   0.01405  -0.51750
  7.26817   0.01926  -0.52560   0.01926  -0.52560   0.01440  -0.51678   0.01440  -0.51678
  7.31830   0.02376  -0.52440   0.02376  -0.52440   0.01393  -0.51608   0.01393  -0.51608
  7.36842   0.03986  -0.52241   0.03986  -0.52241   0.01378  -0.51539   0.01378  -0.51539
  7.41855   0.07217  -0.51879   0.07217  -0.51879   0.01426  -0.51467   0.01426  -0.51467
  7.46867   0.05141  -0.51621   0.05141  -0.51621   0.01602  -0.51387   0.01602  -0.51387
  7.51880   0.04513  -0.51395   0.04513  -0.51395   0.02767  -0.51248   0.02767  -0.51248
  7.56892   0.05248  -0.51132   0.05248  -0.51132   0.04942  -0.51000   0.04942  -0.51000
  7.61905   0.05896  -0.50836   0.05896  -0.50836   0.07560  -0.50621   0.07560  -0.50621
  7.66917   0.06147  -0.50528   0.06147  -0.50528   0.04517  -0.50395   0.04517  -0.50395
  7.71930   0.05585  -0.50248   0.05585  -0.50248   0.04525  -0.50168   0.04525  -0.50168
  7.76942   0.06069  -0.49944   0.06069  -0.49944   0.04887  -0.49923   0.04887  -0.49923
  7.81955   0.07751  -0.49556   0.07751  -0.49556   0.05717  -0.49637   0.05717  -0.49637
  7.86967   0.08346  -0.49137   0.08346  -0.49137   0.06796  -0.49296   0.06796  -0.49296
  7.91980   0.09258  -0.48673   0.09258  -0.48673   0.05354  -0.49028   0.05354  -0.49028
  7.96992   0.09015  -0.48221   0.09015  -0.48221   0.06023  -0.48726   0.06023  -0.48726
  8.02005   0.08862  -0.47777   0.08862  -0.47777   0.07516  -0.48349   0.07516  -0.48349
  8.07018   0.09358  -0.47308   0.09358  -0.47308   0.07818  -0.47957   0.07818  -0.47957
  8.12030   0.11508  -0.46731   0.11508  -0.46731   0.08087  -0.47552   0.08087  -0.47552
  8.17043   0.12289  -0.46115   0.12289  -0.46115   0.08557  -0.47123   0.08557  -0.47123
  8.22055   0.12632  -0.45482   0.12632  -0.45482   0.09524  -0.46645   0.09524  -0.46645
  8.27068   0.14103  -0.44775   0.14103  -0.44775   0.10711  -0.46109   0.10711  -0.46109
  8.32080   0.19022  -0.43822   0.19022  -0.43822   0.11481  -0.45533   0.11481  -0.45533
  8.37093   0.19063  -0.42866   0.19063  -0.42866   0.11912  -0.44936   0.11912  -0.44936
  8.42105   0.16813  -0.42023   0.16813  -0.42023   0.13168  -0.44276   0.13168  -0.44276
  8.47118   0.17208  -0.41161   0.17208  -0.41161   0.17878  -0.43380   0.17878  -0.43380
  8.52130   0.19256  -0.40196   0.19256  -0.40196   0.23776  -0.42188   0.23776  -0.42188
  8.57143   0.14458  -0.39471   0.14458  -0.39471   0.19170  -0.41227   0.19170  -0.41227
  8.62155   0.20051  -0.38466   0.20051  -0.38466   0.17502  -0.40350   0.17502  -0.40350
  8.67168   0.21718  -0.37377   0.21718  -0.37377   0.15667  -0.39564   0.15667  -0.39564
  8.72180   0.21388  -0.36305   0.21388  -0.36305   0.18892  -0.38618   0.18892  -0.38618
  8.77193   0.16032  -0.35502   0.16032  -0.35502   0.17242  -0.37753   0.17242  -0.37753
  8.82206   0.13827  -0.34808   0.13827  -0.34808   0.21448  -0.36678   0.21448  -0.36678
  8.87218   0.13310  -0.34141   0.13310  -0.34141   0.17546  -0.35799   0.17546  -0.35799
  8.92231   0.13191  -0.33480   0.13191  -0.33480   0.20334  -0.34779   0.20334  -0.34779
  8.97243   0.15365  -0.32710   0.15365  -0.32710   0.15614  -0.33997   0.15614  -0.33997
  9.02256   0.15468  -0.31935   0.15468  -0.31935   0.14995  -0.33245   0.14995  -0.33245
  9.07268   0.12067  -0.31330   0.12067  -0.31330   0.13673  -0.32560   0.13673  -0.32560
  9.12281   0.12905  -0.30683   0.12905  -0.30683   0.14581  -0.31829   0.14581  -0.31829
  9.17293   0.10261  -0.30169   0.10261  -0.30169   0.14996  -0.31077   0.14996  -0.31077
  9.22306   0.11537  -0.29590   0.11537  -0.29590   0.11199  -0.30516   0.11199  -0.30516
  9.27318   0.12607  -0.28958   0.12607  -0.28958   0.11094  -0.29960   0.11094  -0.29960
  9.32331   0.11620  -0.28376   0.11620  -0.28376   0.09396  -0.29489   0.09396  -0.29489
  9.37343   0.09687  -0.27890   0.09687  -0.27890   0.11908  -0.28892   0.11908  -0.28892
  9.42356   0.07940  -0.27492   0.07940  -0.27492   0.13780  -0.28201   0.13780  -0.28201
  9.47368   0.09399  -0.27021   0.09399  -0.27021   0.11431  -0.27628   0.11431  -0.27628
  9.52381   0.08779  -0.26581   0.08779  -0.26581   0.08124  -0.27221   0.08124  -0.27221
  9.57393   0.09881  -0.26086   0.09881  -0.26086   0.07085  -0.26866   0.07085  -0.26866
  9.62406   0.09298  -0.25620   0.09298  -0.25620   0.08816  -0.26424   0.08816  -0.26424
  9.67419   0.09841  -0.25127   0.09841  -0.25127   0.08091  -0.26018   0.08091  -0.26018
  9.72431   0.10323  -0.24609   0.10323  -0.24609   0.08538  -0.25590   0.08538  -0.25590
  9.77444   0.07786  -0.24219   0.07786  -0.24219   0.08285  -0.25175   0.08285  -0.25175
  9.82456   0.06807  -0.23878   0.06807  -0.23878   0.09526  -0.24698   0.09526  -0.24698
  9.87469   0.08138  -0.23470   0.08138  -0.23470   0.09303  -0.24231   0.09303  -0.24231
  9.92481   0.11215  -0.22908   0.11215  -0.22908   0.07885  -0.23836   0.07885  -0.23836
  9.97494   0.11434  -0.22334   0.11434  -0.22334   0.07119  -0.23479   0.07119  -0.23479
 10.02506   0.12015  -0.21732   0.12015  -0.21732   0.08669  -0.23045   0.08669  -0.23045