ESCALE ; pCOHP file generated by LOBSTER. Energy is shifted such that the Fermi level lies at 0 eV.
         2          2        401  -5.82964e+00   1.42205e+01   4.19543e+00 
Average
No.1:Mn44->O108(1.9357070536825183)
-10.02506   0.00000  -0.69567   0.00000  -0.69567   0.00000  -0.69077   0.00000  -0.69077
 -9.97494   0.00000  -0.69567   0.00000  -0.69567   0.00000  -0.69077   0.00000  -0.69077
 -9.92481   0.00000  -0.69567   0.00000  -0.69567   0.00000  -0.69077   0.00000  -0.69077
 -9.87469   0.00000  -0.69567   0.00000  -0.69567   0.00000  -0.69077   0.00000  -0.69077
 -9.82456   0.00000  -0.69567   0.00000  -0.69567   0.00000  -0.69077   0.00000  -0.69077
 -9.77444   0.00000  -0.69567   0.00000  -0.69567   0.00000  -0.69077   0.00000  -0.69077
 -9.72431   0.00000  -0.69567   0.00000  -0.69567   0.00000  -0.69077   0.00000  -0.69077
 -9.67419   0.00000  -0.69567   0.00000  -0.69567   0.00000  -0.69077   0.00000  -0.69077
 -9.62406   0.00000  -0.69567   0.00000  -0.69567   0.00000  -0.69077   0.00000  -0.69077
 -9.57393   0.00000  -0.69567   0.00000  -0.69567   0.00000  -0.69077   0.00000  -0.69077
 -9.52381   0.00000  -0.69567   0.00000  -0.69567   0.00000  -0.69077   0.00000  -0.69077
 -9.47368   0.00000  -0.69567   0.00000  -0.69567   0.00000  -0.69077   0.00000  -0.69077
 -9.42356   0.00000  -0.69567   0.00000  -0.69567   0.00000  -0.69077   0.00000  -0.69077
 -9.37343   0.00000  -0.69567   0.00000  -0.69567   0.00000  -0.69077   0.00000  -0.69077
 -9.32331   0.00000  -0.69567   0.00000  -0.69567   0.00000  -0.69077   0.00000  -0.69077
 -9.27318   0.00000  -0.69567   0.00000  -0.69567   0.00000  -0.69077   0.00000  -0.69077
 -9.22306   0.00000  -0.69567   0.00000  -0.69567   0.00000  -0.69077   0.00000  -0.69077
 -9.17293   0.00000  -0.69567   0.00000  -0.69567   0.00000  -0.69077   0.00000  -0.69077
 -9.12281   0.00000  -0.69567   0.00000  -0.69567   0.00000  -0.69077   0.00000  -0.69077
 -9.07268   0.00000  -0.69567   0.00000  -0.69567   0.00000  -0.69077   0.00000  -0.69077
 -9.02256   0.00000  -0.69567   0.00000  -0.69567   0.00000  -0.69077   0.00000  -0.69077
 -8.97243   0.00000  -0.69567   0.00000  -0.69567   0.00000  -0.69077   0.00000  -0.69077
 -8.92231   0.00000  -0.69567   0.00000  -0.69567   0.00000  -0.69077   0.00000  -0.69077
 -8.87218   0.00000  -0.69567   0.00000  -0.69567   0.00000  -0.69077   0.00000  -0.69077
 -8.82206   0.00000  -0.69567   0.00000  -0.69567   0.00000  -0.69077   0.00000  -0.69077
 -8.77193   0.00000  -0.69567   0.00000  -0.69567   0.00000  -0.69077   0.00000  -0.69077
 -8.72180   0.00000  -0.69567   0.00000  -0.69567   0.00000  -0.69077   0.00000  -0.69077
 -8.67168   0.00000  -0.69567   0.00000  -0.69567   0.00000  -0.69077   0.00000  -0.69077
 -8.62155   0.00000  -0.69567   0.00000  -0.69567   0.00000  -0.69077   0.00000  -0.69077
 -8.57143   0.00000  -0.69567   0.00000  -0.69567   0.00000  -0.69077   0.00000  -0.69077
 -8.52130   0.00000  -0.69567   0.00000  -0.69567   0.00000  -0.69077   0.00000  -0.69077
 -8.47118   0.00000  -0.69567   0.00000  -0.69567   0.00000  -0.69077   0.00000  -0.69077
 -8.42105   0.00000  -0.69567   0.00000  -0.69567   0.00000  -0.69077   0.00000  -0.69077
 -8.37093   0.00000  -0.69567   0.00000  -0.69567   0.00000  -0.69077   0.00000  -0.69077
 -8.32080   0.00000  -0.69567   0.00000  -0.69567   0.00000  -0.69077   0.00000  -0.69077
 -8.27068   0.00000  -0.69567   0.00000  -0.69567   0.00000  -0.69077   0.00000  -0.69077
 -8.22055   0.00000  -0.69567   0.00000  -0.69567   0.00000  -0.69077   0.00000  -0.69077
 -8.17043   0.00000  -0.69567   0.00000  -0.69567   0.00000  -0.69077   0.00000  -0.69077
 -8.12030   0.00000  -0.69567   0.00000  -0.69567   0.00000  -0.69077   0.00000  -0.69077
 -8.07018   0.00000  -0.69567   0.00000  -0.69567   0.00000  -0.69077   0.00000  -0.69077
 -8.02005   0.00000  -0.69567   0.00000  -0.69567   0.00000  -0.69077   0.00000  -0.69077
 -7.96992   0.00000  -0.69567   0.00000  -0.69567   0.00000  -0.69077   0.00000  -0.69077
 -7.91980   0.00000  -0.69567   0.00000  -0.69567   0.00000  -0.69077   0.00000  -0.69077
 -7.86967   0.00000  -0.69567   0.00000  -0.69567   0.00000  -0.69077   0.00000  -0.69077
 -7.81955   0.00000  -0.69567   0.00000  -0.69567   0.00000  -0.69077   0.00000  -0.69077
 -7.76942   0.00000  -0.69567   0.00000  -0.69567   0.00000  -0.69077   0.00000  -0.69077
 -7.71930   0.00000  -0.69567   0.00000  -0.69567   0.00000  -0.69077   0.00000  -0.69077
 -7.66917   0.00000  -0.69567   0.00000  -0.69567   0.00000  -0.69077   0.00000  -0.69077
 -7.61905   0.00000  -0.69567   0.00000  -0.69567   0.00000  -0.69077   0.00000  -0.69077
 -7.56892   0.00000  -0.69567   0.00000  -0.69567   0.00000  -0.69077   0.00000  -0.69077
 -7.51880   0.00000  -0.69567   0.00000  -0.69567   0.00000  -0.69077   0.00000  -0.69077
 -7.46867   0.00000  -0.69567   0.00000  -0.69567   0.00000  -0.69077   0.00000  -0.69077
 -7.41855   0.00000  -0.69567   0.00000  -0.69567   0.00000  -0.69077   0.00000  -0.69077
 -7.36842   0.00000  -0.69567   0.00000  -0.69567   0.00000  -0.69077   0.00000  -0.69077
 -7.31830   0.00000  -0.69567   0.00000  -0.69567   0.00000  -0.69077   0.00000  -0.69077
 -7.26817   0.00000  -0.69567   0.00000  -0.69567   0.00000  -0.69077   0.00000  -0.69077
 -7.21805   0.00000  -0.69567   0.00000  -0.69567   0.00000  -0.69077   0.00000  -0.69077
 -7.16792   0.00000  -0.69567   0.00000  -0.69567   0.00000  -0.69077   0.00000  -0.69077
 -7.11779   0.00000  -0.69567   0.00000  -0.69567   0.00000  -0.69077   0.00000  -0.69077
 -7.06767  -0.00108  -0.69572  -0.00108  -0.69572   0.00000  -0.69077   0.00000  -0.69077
 -7.01754  -0.03286  -0.69737  -0.03286  -0.69737   0.00000  -0.69077   0.00000  -0.69077
 -6.96742  -0.12212  -0.70349  -0.12212  -0.70349   0.00000  -0.69077   0.00000  -0.69077
 -6.91729  -0.33639  -0.72035  -0.33639  -0.72035   0.00000  -0.69077   0.00000  -0.69077
 -6.86717  -0.31864  -0.73633  -0.31864  -0.73633   0.00000  -0.69077   0.00000  -0.69077
 -6.81704  -0.25466  -0.74909  -0.25466  -0.74909   0.00000  -0.69077   0.00000  -0.69077
 -6.76692  -0.17954  -0.75809  -0.17954  -0.75809   0.00000  -0.69077   0.00000  -0.69077
 -6.71679  -0.23897  -0.77007  -0.23897  -0.77007   0.00000  -0.69077   0.00000  -0.69077
 -6.66667  -0.22952  -0.78157  -0.22952  -0.78157   0.00000  -0.69077   0.00000  -0.69077
 -6.61654  -0.32604  -0.79792  -0.32604  -0.79792   0.00000  -0.69077   0.00000  -0.69077
 -6.56642  -0.47329  -0.82164  -0.47329  -0.82164   0.00000  -0.69077   0.00000  -0.69077
 -6.51629  -0.47024  -0.84521  -0.47024  -0.84521   0.00000  -0.69077   0.00000  -0.69077
 -6.46617  -0.29663  -0.86008  -0.29663  -0.86008   0.00000  -0.69077   0.00000  -0.69077
 -6.41604  -0.23304  -0.87176  -0.23304  -0.87176   0.00000  -0.69077   0.00000  -0.69077
 -6.36591  -0.21010  -0.88229  -0.21010  -0.88229   0.00000  -0.69077   0.00000  -0.69077
 -6.31579  -0.20968  -0.89280  -0.20968  -0.89280   0.00000  -0.69077   0.00000  -0.69077
 -6.26566  -0.20554  -0.90311  -0.20554  -0.90311   0.00000  -0.69077   0.00000  -0.69077
 -6.21554  -0.24577  -0.91543  -0.24577  -0.91543   0.00000  -0.69077   0.00000  -0.69077
 -6.16541  -0.21363  -0.92613  -0.21363  -0.92613   0.00000  -0.69077   0.00000  -0.69077
 -6.11529  -0.17294  -0.93480  -0.17294  -0.93480   0.00000  -0.69077   0.00000  -0.69077
 -6.06516  -0.22167  -0.94591  -0.22167  -0.94591   0.00000  -0.69077   0.00000  -0.69077
 -6.01504  -0.23297  -0.95759  -0.23297  -0.95759   0.00000  -0.69077   0.00000  -0.69077
 -5.96491  -0.29861  -0.97256  -0.29861  -0.97256   0.00000  -0.69077   0.00000  -0.69077
 -5.91479  -0.47888  -0.99656  -0.47888  -0.99656   0.00000  -0.69077   0.00000  -0.69077
 -5.86466  -0.37617  -1.01542  -0.37617  -1.01542   0.00000  -0.69077   0.00000  -0.69077
 -5.81454  -0.30672  -1.03079  -0.30672  -1.03079   0.00000  -0.69077   0.00000  -0.69077
 -5.76441  -0.31190  -1.04643  -0.31190  -1.04643   0.00000  -0.69077   0.00000  -0.69077
 -5.71429  -0.28061  -1.06049  -0.28061  -1.06049  -0.00139  -0.69084  -0.00139  -0.69084
 -5.66416  -0.23601  -1.07232  -0.23601  -1.07232  -0.03136  -0.69241  -0.03136  -0.69241
 -5.61404  -0.27852  -1.08628  -0.27852  -1.08628  -0.03145  -0.69399  -0.03145  -0.69399
 -5.56391  -0.31469  -1.10206  -0.31469  -1.10206  -0.05806  -0.69690  -0.05806  -0.69690
 -5.51378  -0.22896  -1.11354  -0.22896  -1.11354  -0.11477  -0.70265  -0.11477  -0.70265
 -5.46366  -0.18351  -1.12273  -0.18351  -1.12273  -0.23392  -0.71437  -0.23392  -0.71437
 -5.41353  -0.21529  -1.13352  -0.21529  -1.13352  -0.21229  -0.72502  -0.21229  -0.72502
 -5.36341  -0.33671  -1.15040  -0.33671  -1.15040  -0.21602  -0.73584  -0.21602  -0.73584
 -5.31328  -0.76659  -1.18883  -0.76659  -1.18883  -0.10718  -0.74122  -0.10718  -0.74122
 -5.26316  -0.64271  -1.22104  -0.64271  -1.22104  -0.07594  -0.74502  -0.07594  -0.74502
 -5.21303  -0.48217  -1.24521  -0.48217  -1.24521  -0.08227  -0.74915  -0.08227  -0.74915
 -5.16291  -0.41523  -1.26603  -0.41523  -1.26603  -0.11049  -0.75468  -0.11049  -0.75468
 -5.11278  -0.60162  -1.29618  -0.60162  -1.29618  -0.14633  -0.76202  -0.14633  -0.76202
 -5.06266  -0.31051  -1.31175  -0.31051  -1.31175  -0.21701  -0.77290  -0.21701  -0.77290
 -5.01253  -0.39041  -1.33132  -0.39041  -1.33132  -0.28501  -0.78718  -0.28501  -0.78718
 -4.96241  -0.34539  -1.34863  -0.34539  -1.34863  -0.33289  -0.80387  -0.33289  -0.80387
 -4.91228  -0.30464  -1.36390  -0.30464  -1.36390  -0.39316  -0.82358  -0.39316  -0.82358
 -4.86216  -0.21716  -1.37479  -0.21716  -1.37479  -0.35116  -0.84118  -0.35116  -0.84118
 -4.81203  -0.32358  -1.39101  -0.32358  -1.39101  -0.34762  -0.85860  -0.34762  -0.85860
 -4.76190  -0.22547  -1.40231  -0.22547  -1.40231  -0.31582  -0.87443  -0.31582  -0.87443
 -4.71178  -0.16087  -1.41037  -0.16087  -1.41037  -0.37100  -0.89303  -0.37100  -0.89303
 -4.66165  -0.17226  -1.41901  -0.17226  -1.41901  -0.34607  -0.91038  -0.34607  -0.91038
 -4.61153  -0.12920  -1.42548  -0.12920  -1.42548  -0.37647  -0.92925  -0.37647  -0.92925
 -4.56140  -0.08897  -1.42994  -0.08897  -1.42994  -0.35449  -0.94702  -0.35449  -0.94702
 -4.51128  -0.10067  -1.43499  -0.10067  -1.43499  -0.35706  -0.96491  -0.35706  -0.96491
 -4.46115  -0.12253  -1.44113  -0.12253  -1.44113  -0.33847  -0.98188  -0.33847  -0.98188
 -4.41103  -0.12133  -1.44721  -0.12133  -1.44721  -0.27626  -0.99573  -0.27626  -0.99573
 -4.36090  -0.16476  -1.45547  -0.16476  -1.45547  -0.23344  -1.00743  -0.23344  -1.00743
 -4.31078  -0.12037  -1.46150  -0.12037  -1.46150  -0.15014  -1.01496  -0.15014  -1.01496
 -4.26065  -0.06595  -1.46481  -0.06595  -1.46481  -0.22922  -1.02645  -0.22922  -1.02645
 -4.21053  -0.11885  -1.47077  -0.11885  -1.47077  -0.24789  -1.03887  -0.24789  -1.03887
 -4.16040  -0.14298  -1.47793  -0.14298  -1.47793  -0.28381  -1.05310  -0.28381  -1.05310
 -4.11028  -0.21546  -1.48873  -0.21546  -1.48873  -0.31917  -1.06910  -0.31917  -1.06910
 -4.06015  -0.21793  -1.49966  -0.21793  -1.49966  -0.39306  -1.08880  -0.39306  -1.08880
 -4.01003  -0.08242  -1.50379  -0.08242  -1.50379  -0.49181  -1.11345  -0.49181  -1.11345
 -3.95990   0.00465  -1.50356   0.00465  -1.50356  -0.51955  -1.13949  -0.51955  -1.13949
 -3.90977   0.02631  -1.50224   0.02631  -1.50224  -0.49651  -1.16438  -0.49651  -1.16438
 -3.85965   0.01067  -1.50170   0.01067  -1.50170  -0.45062  -1.18697  -0.45062  -1.18697
 -3.80952   0.00811  -1.50129   0.00811  -1.50129  -0.52362  -1.21321  -0.52362  -1.21321
 -3.75940   0.00420  -1.50108   0.00420  -1.50108  -0.40100  -1.23331  -0.40100  -1.23331
 -3.70927  -0.07748  -1.50497  -0.07748  -1.50497  -0.36591  -1.25166  -0.36591  -1.25166
 -3.65915  -0.06444  -1.50820  -0.06444  -1.50820  -0.34912  -1.26916  -0.34912  -1.26916
 -3.60902  -0.02920  -1.50966  -0.02920  -1.50966  -0.28323  -1.28335  -0.28323  -1.28335
 -3.55890  -0.03906  -1.51162  -0.03906  -1.51162  -0.26445  -1.29661  -0.26445  -1.29661
 -3.50877  -0.07520  -1.51539  -0.07520  -1.51539  -0.17014  -1.30514  -0.17014  -1.30514
 -3.45865  -0.09101  -1.51995  -0.09101  -1.51995  -0.16521  -1.31342  -0.16521  -1.31342
 -3.40852  -0.00585  -1.52024  -0.00585  -1.52024  -0.15181  -1.32103  -0.15181  -1.32103
 -3.35840   0.05577  -1.51745   0.05577  -1.51745  -0.14683  -1.32839  -0.14683  -1.32839
 -3.30827   0.04079  -1.51540   0.04079  -1.51540  -0.08632  -1.33271  -0.08632  -1.33271
 -3.25815   0.02518  -1.51414   0.02518  -1.51414  -0.08987  -1.33722  -0.08987  -1.33722
 -3.20802   0.04971  -1.51165   0.04971  -1.51165  -0.11133  -1.34280  -0.11133  -1.34280
 -3.15789   0.10414  -1.50643   0.10414  -1.50643  -0.10877  -1.34825  -0.10877  -1.34825
 -3.10777   0.04615  -1.50412   0.04615  -1.50412  -0.13130  -1.35483  -0.13130  -1.35483
 -3.05764  -0.01065  -1.50465  -0.01065  -1.50465  -0.11221  -1.36046  -0.11221  -1.36046
 -3.00752   0.04499  -1.50240   0.04499  -1.50240  -0.07963  -1.36445  -0.07963  -1.36445
 -2.95739   0.03638  -1.50057   0.03638  -1.50057  -0.07247  -1.36808  -0.07247  -1.36808
 -2.90727   0.05715  -1.49771   0.05715  -1.49771  -0.06740  -1.37146  -0.06740  -1.37146
 -2.85714   0.06993  -1.49420   0.06993  -1.49420  -0.11797  -1.37737  -0.11797  -1.37737
 -2.80702   0.11021  -1.48868   0.11021  -1.48868  -0.13109  -1.38394  -0.13109  -1.38394
 -2.75689   0.11560  -1.48288   0.11560  -1.48288  -0.11159  -1.38954  -0.11159  -1.38954
 -2.70677   0.09963  -1.47789   0.09963  -1.47789  -0.07810  -1.39345  -0.07810  -1.39345
 -2.65664   0.08626  -1.47357   0.08626  -1.47357  -0.08006  -1.39747  -0.08006  -1.39747
 -2.60652   0.08526  -1.46929   0.08526  -1.46929  -0.07373  -1.40116  -0.07373  -1.40116
 -2.55639   0.11007  -1.46377   0.11007  -1.46377  -0.05242  -1.40379  -0.05242  -1.40379
 -2.50627   0.11213  -1.45815   0.11213  -1.45815  -0.07338  -1.40747  -0.07338  -1.40747
 -2.45614   0.09944  -1.45317   0.09944  -1.45317  -0.05998  -1.41047  -0.05998  -1.41047
 -2.40602   0.12809  -1.44675   0.12809  -1.44675  -0.07562  -1.41426  -0.07562  -1.41426
 -2.35589   0.17290  -1.43808   0.17290  -1.43808  -0.06087  -1.41731  -0.06087  -1.41731
 -2.30576   0.17440  -1.42934   0.17440  -1.42934  -0.09561  -1.42211  -0.09561  -1.42211
 -2.25564   0.24070  -1.41728   0.24070  -1.41728  -0.08745  -1.42649  -0.08745  -1.42649
 -2.20551   0.24357  -1.40507   0.24357  -1.40507  -0.09634  -1.43132  -0.09634  -1.43132
 -2.15539   0.21796  -1.39414   0.21796  -1.39414  -0.10744  -1.43670  -0.10744  -1.43670
 -2.10526   0.23431  -1.38240   0.23431  -1.38240  -0.07127  -1.44028  -0.07127  -1.44028
 -2.05514   0.28385  -1.36817   0.28385  -1.36817  -0.02463  -1.44151  -0.02463  -1.44151
 -2.00501   0.27389  -1.35444   0.27389  -1.35444   0.00505  -1.44126   0.00505  -1.44126
 -1.95489   0.22473  -1.34318   0.22473  -1.34318   0.00802  -1.44086   0.00802  -1.44086
 -1.90476   0.21633  -1.33233   0.21633  -1.33233   0.04285  -1.43871   0.04285  -1.43871
 -1.85464   0.21283  -1.32166   0.21283  -1.32166  -0.01762  -1.43959  -0.01762  -1.43959
 -1.80451   0.20579  -1.31135   0.20579  -1.31135  -0.02757  -1.44097  -0.02757  -1.44097
 -1.75439   0.22181  -1.30023   0.22181  -1.30023  -0.03754  -1.44286  -0.03754  -1.44286
 -1.70426   0.15720  -1.29235   0.15720  -1.29235  -0.08072  -1.44690  -0.08072  -1.44690
 -1.65414   0.11469  -1.28660   0.11469  -1.28660  -0.10041  -1.45194  -0.10041  -1.45194
 -1.60401   0.09305  -1.28194   0.09305  -1.28194  -0.09958  -1.45693  -0.09958  -1.45693
 -1.55388   0.09734  -1.27706   0.09734  -1.27706  -0.06345  -1.46011  -0.06345  -1.46011
 -1.50376   0.12452  -1.27082   0.12452  -1.27082  -0.08439  -1.46434  -0.08439  -1.46434
 -1.45363   0.22314  -1.25963   0.22314  -1.25963  -0.04997  -1.46684  -0.04997  -1.46684
 -1.40351   0.20712  -1.24925   0.20712  -1.24925  -0.01977  -1.46783  -0.01977  -1.46783
 -1.35338   0.21083  -1.23868   0.21083  -1.23868   0.00166  -1.46775   0.00166  -1.46775
 -1.30326   0.14421  -1.23145   0.14421  -1.23145   0.00204  -1.46765   0.00204  -1.46765
 -1.25313   0.13448  -1.22471   0.13448  -1.22471   0.00180  -1.46756   0.00180  -1.46756
 -1.20301   0.10332  -1.21953   0.10332  -1.21953   0.00915  -1.46710   0.00915  -1.46710
 -1.15288   0.16011  -1.21151   0.16011  -1.21151   0.01731  -1.46623   0.01731  -1.46623
 -1.10276   0.13708  -1.20464   0.13708  -1.20464   0.02002  -1.46523   0.02002  -1.46523
 -1.05263   0.15718  -1.19676   0.15718  -1.19676   0.01696  -1.46438   0.01696  -1.46438
 -1.00251   0.22183  -1.18564   0.22183  -1.18564   0.02544  -1.46310   0.02544  -1.46310
 -0.95238   0.10726  -1.18026   0.10726  -1.18026   0.01529  -1.46234   0.01529  -1.46234
 -0.90226   0.03405  -1.17855   0.03405  -1.17855   0.00187  -1.46224   0.00187  -1.46224
 -0.85213   0.02728  -1.17719   0.02728  -1.17719   0.00602  -1.46194   0.00602  -1.46194
 -0.80201   0.02451  -1.17596   0.02451  -1.17596   0.01212  -1.46133   0.01212  -1.46133
 -0.75188   0.02075  -1.17492   0.02075  -1.17492   0.00728  -1.46097   0.00728  -1.46097
 -0.70175   0.01204  -1.17431   0.01204  -1.17431   0.00614  -1.46066   0.00614  -1.46066
 -0.65163   0.01102  -1.17376   0.01102  -1.17376   0.00027  -1.46065   0.00027  -1.46065
 -0.60150   0.02475  -1.17252   0.02475  -1.17252   0.00000  -1.46065   0.00000  -1.46065
 -0.55138   0.00975  -1.17203   0.00975  -1.17203   0.00000  -1.46065   0.00000  -1.46065
 -0.50125   0.00812  -1.17163   0.00812  -1.17163   0.00000  -1.46065   0.00000  -1.46065
 -0.45113   0.03368  -1.16994   0.03368  -1.16994   0.00000  -1.46065   0.00000  -1.46065
 -0.40100   0.00506  -1.16968   0.00506  -1.16968   0.00000  -1.46065   0.00000  -1.46065
 -0.35088   0.00517  -1.16942   0.00517  -1.16942   0.00000  -1.46065   0.00000  -1.46065
 -0.30075   0.00402  -1.16922   0.00402  -1.16922   0.00000  -1.46065   0.00000  -1.46065
 -0.25063   0.00914  -1.16876   0.00914  -1.16876   0.00000  -1.46065   0.00000  -1.46065
 -0.20050   0.01237  -1.16814   0.01237  -1.16814   0.00000  -1.46065   0.00000  -1.46065
 -0.15038   0.00019  -1.16814   0.00019  -1.16814   0.00000  -1.46065   0.00000  -1.46065
 -0.10025   0.00377  -1.16795   0.00377  -1.16795   0.00000  -1.46065   0.00000  -1.46065
 -0.05013   0.00422  -1.16773   0.00422  -1.16773   0.00000  -1.46065   0.00000  -1.46065
  0.00000   0.00460  -1.16750   0.00460  -1.16750   0.00000  -1.46065   0.00000  -1.46065
  0.05013   0.00000  -1.16750   0.00000  -1.16750   0.00000  -1.46065   0.00000  -1.46065
  0.10025   0.00000  -1.16750   0.00000  -1.16750   0.00000  -1.46065   0.00000  -1.46065
  0.15038   0.00000  -1.16750   0.00000  -1.16750   0.00000  -1.46065   0.00000  -1.46065
  0.20050   0.00000  -1.16750   0.00000  -1.16750   0.00000  -1.46065   0.00000  -1.46065
  0.25063   0.00000  -1.16750   0.00000  -1.16750   0.00000  -1.46065   0.00000  -1.46065
  0.30075   0.00000  -1.16750   0.00000  -1.16750   0.00000  -1.46065   0.00000  -1.46065
  0.35088   0.00000  -1.16750   0.00000  -1.16750   0.00000  -1.46065   0.00000  -1.46065
  0.40100   0.00000  -1.16750   0.00000  -1.16750   0.00000  -1.46065   0.00000  -1.46065
  0.45113   0.00000  -1.16750   0.00000  -1.16750   0.00000  -1.46065   0.00000  -1.46065
  0.50125   0.00000  -1.16750   0.00000  -1.16750   0.00000  -1.46065   0.00000  -1.46065
  0.55138   0.00000  -1.16750   0.00000  -1.16750   0.00000  -1.46065   0.00000  -1.46065
  0.60150   0.00000  -1.16750   0.00000  -1.16750   0.00000  -1.46065   0.00000  -1.46065
  0.65163   0.00000  -1.16750   0.00000  -1.16750   0.00000  -1.46065   0.00000  -1.46065
  0.70175   0.00000  -1.16750   0.00000  -1.16750   0.00000  -1.46065   0.00000  -1.46065
  0.75188   0.00000  -1.16750   0.00000  -1.16750   0.00000  -1.46065   0.00000  -1.46065
  0.80201   0.00000  -1.16750   0.00000  -1.16750   0.00000  -1.46065   0.00000  -1.46065
  0.85213   0.00000  -1.16750   0.00000  -1.16750   0.00000  -1.46065   0.00000  -1.46065
  0.90226   0.00000  -1.16750   0.00000  -1.16750   0.00000  -1.46065   0.00000  -1.46065
  0.95238   0.00000  -1.16750   0.00000  -1.16750   0.00000  -1.46065   0.00000  -1.46065
  1.00251   0.06195  -1.16440   0.06195  -1.16440   0.00000  -1.46065   0.00000  -1.46065
  1.05263   0.18351  -1.15520   0.18351  -1.15520   0.00000  -1.46065   0.00000  -1.46065
  1.10276   0.42951  -1.13367   0.42951  -1.13367   0.00000  -1.46065   0.00000  -1.46065
  1.15288   0.71619  -1.09777   0.71619  -1.09777   0.00000  -1.46065   0.00000  -1.46065
  1.20301   0.48000  -1.07371   0.48000  -1.07371   0.00000  -1.46065   0.00000  -1.46065
  1.25313   0.53645  -1.04682   0.53645  -1.04682   0.00000  -1.46065   0.00000  -1.46065
  1.30326   0.87282  -1.00307   0.87282  -1.00307   0.00000  -1.46065   0.00000  -1.46065
  1.35338   0.94968  -0.95547   0.94968  -0.95547   0.00000  -1.46065   0.00000  -1.46065
  1.40351   1.08440  -0.90111   1.08440  -0.90111   0.00000  -1.46065   0.00000  -1.46065
  1.45363   1.12434  -0.84475   1.12434  -0.84475   0.00000  -1.46065   0.00000  -1.46065
  1.50376   1.17687  -0.78576   1.17687  -0.78576   0.00000  -1.46065   0.00000  -1.46065
  1.55388   0.56821  -0.75728   0.56821  -0.75728   0.00000  -1.46065   0.00000  -1.46065
  1.60401   0.36862  -0.73880   0.36862  -0.73880   0.00000  -1.46065   0.00000  -1.46065
  1.65414   0.53725  -0.71187   0.53725  -0.71187   0.00000  -1.46065   0.00000  -1.46065
  1.70426   0.38501  -0.69258   0.38501  -0.69258   0.00000  -1.46065   0.00000  -1.46065
  1.75439   0.24260  -0.68042   0.24260  -0.68042   0.00000  -1.46065   0.00000  -1.46065
  1.80451   0.32133  -0.66431   0.32133  -0.66431   0.00000  -1.46065   0.00000  -1.46065
  1.85464   0.57932  -0.63527   0.57932  -0.63527   0.00000  -1.46065   0.00000  -1.46065
  1.90476   0.78982  -0.59568   0.78982  -0.59568   0.00000  -1.46065   0.00000  -1.46065
  1.95489   0.67526  -0.56183   0.67526  -0.56183   0.00000  -1.46065   0.00000  -1.46065
  2.00501   0.20002  -0.55181   0.20002  -0.55181   0.00000  -1.46065   0.00000  -1.46065
  2.05514   0.07662  -0.54797   0.07662  -0.54797   0.00000  -1.46065   0.00000  -1.46065
  2.10526   0.04721  -0.54560   0.04721  -0.54560   0.00000  -1.46065   0.00000  -1.46065
  2.15539   0.01466  -0.54487   0.01466  -0.54487   0.00000  -1.46065   0.00000  -1.46065
  2.20551   0.00295  -0.54472   0.00295  -0.54472   0.00000  -1.46065   0.00000  -1.46065
  2.25564   0.00000  -0.54472   0.00000  -0.54472   0.00000  -1.46065   0.00000  -1.46065
  2.30576   0.00000  -0.54472   0.00000  -0.54472   0.00000  -1.46065   0.00000  -1.46065
  2.35589   0.00000  -0.54472   0.00000  -0.54472   0.00000  -1.46065   0.00000  -1.46065
  2.40602   0.00000  -0.54472   0.00000  -0.54472   0.00000  -1.46065   0.00000  -1.46065
  2.45614   0.00000  -0.54472   0.00000  -0.54472   0.00000  -1.46065   0.00000  -1.46065
  2.50627   0.00000  -0.54472   0.00000  -0.54472   0.00000  -1.46065   0.00000  -1.46065
  2.55639   0.00000  -0.54472   0.00000  -0.54472   0.00000  -1.46065   0.00000  -1.46065
  2.60652   0.00000  -0.54472   0.00000  -0.54472   0.08644  -1.45631   0.08644  -1.45631
  2.65664   0.00000  -0.54472   0.00000  -0.54472   0.19335  -1.44662   0.19335  -1.44662
  2.70677   0.00000  -0.54472   0.00000  -0.54472   0.34916  -1.42912   0.34916  -1.42912
  2.75689   0.00000  -0.54472   0.00000  -0.54472   0.34428  -1.41186   0.34428  -1.41186
  2.80702   0.00000  -0.54472   0.00000  -0.54472   0.31828  -1.39591   0.31828  -1.39591
  2.85714   0.00000  -0.54472   0.00000  -0.54472   0.35519  -1.37810   0.35519  -1.37810
  2.90727   0.00000  -0.54472   0.00000  -0.54472   0.39691  -1.35821   0.39691  -1.35821
  2.95739   0.00000  -0.54472   0.00000  -0.54472   0.26744  -1.34480   0.26744  -1.34480
  3.00752   0.00000  -0.54472   0.00000  -0.54472   0.46835  -1.32133   0.46835  -1.32133
  3.05764   0.00000  -0.54472   0.00000  -0.54472   0.49935  -1.29630   0.49935  -1.29630
  3.10777   0.00000  -0.54472   0.00000  -0.54472   0.32088  -1.28021   0.32088  -1.28021
  3.15789   0.00000  -0.54472   0.00000  -0.54472   0.27783  -1.26629   0.27783  -1.26629
  3.20802   0.00000  -0.54472   0.00000  -0.54472   0.19044  -1.25674   0.19044  -1.25674
  3.25815   0.00000  -0.54472   0.00000  -0.54472   0.29491  -1.24196   0.29491  -1.24196
  3.30827   0.00000  -0.54472   0.00000  -0.54472   0.68341  -1.20770   0.68341  -1.20770
  3.35840   0.00000  -0.54472   0.00000  -0.54472   0.61360  -1.17695   0.61360  -1.17695
  3.40852   0.00000  -0.54472   0.00000  -0.54472   0.64689  -1.14452   0.64689  -1.14452
  3.45865   0.00000  -0.54472   0.00000  -0.54472   0.11718  -1.13865   0.11718  -1.13865
  3.50877   0.00000  -0.54472   0.00000  -0.54472   0.03651  -1.13682   0.03651  -1.13682
  3.55890   0.00000  -0.54472   0.00000  -0.54472   0.25367  -1.12410   0.25367  -1.12410
  3.60902   0.00000  -0.54472   0.00000  -0.54472   0.47347  -1.10037   0.47347  -1.10037
  3.65915   0.00000  -0.54472   0.00000  -0.54472   0.52072  -1.07427   0.52072  -1.07427
  3.70927   0.00000  -0.54472   0.00000  -0.54472   0.71638  -1.03836   0.71638  -1.03836
  3.75940   0.00000  -0.54472   0.00000  -0.54472   0.97319  -0.98958   0.97319  -0.98958
  3.80952   0.00000  -0.54472   0.00000  -0.54472   0.90384  -0.94427   0.90384  -0.94427
  3.85965   0.00000  -0.54472   0.00000  -0.54472   1.85261  -0.85141   1.85261  -0.85141
  3.90977   0.00000  -0.54472   0.00000  -0.54472   1.67855  -0.76727   1.67855  -0.76727
  3.95990   0.00000  -0.54472   0.00000  -0.54472   1.21003  -0.70662   1.21003  -0.70662
  4.01003   0.00000  -0.54472   0.00000  -0.54472   0.75788  -0.66863   0.75788  -0.66863
  4.06015   0.00000  -0.54472   0.00000  -0.54472   0.73599  -0.63174   0.73599  -0.63174
  4.11028   0.00000  -0.54472   0.00000  -0.54472   0.96523  -0.58335   0.96523  -0.58335
  4.16040   0.00000  -0.54472   0.00000  -0.54472   0.72041  -0.54724   0.72041  -0.54724
  4.21053   0.00000  -0.54472   0.00000  -0.54472   0.10533  -0.54196   0.10533  -0.54196
  4.26065   0.00000  -0.54472   0.00000  -0.54472   0.06094  -0.53891   0.06094  -0.53891
  4.31078   0.00000  -0.54472   0.00000  -0.54472   0.05157  -0.53632   0.05157  -0.53632
  4.36090   0.00000  -0.54472   0.00000  -0.54472   0.05100  -0.53377   0.05100  -0.53377
  4.41103   0.00000  -0.54472   0.00000  -0.54472   0.03688  -0.53192   0.03688  -0.53192
  4.46115   0.00000  -0.54472   0.00000  -0.54472   0.02456  -0.53069   0.02456  -0.53069
  4.51128   0.00000  -0.54472   0.00000  -0.54472   0.00000  -0.53069   0.00000  -0.53069
  4.56140   0.00000  -0.54472   0.00000  -0.54472   0.00000  -0.53069   0.00000  -0.53069
  4.61153   0.00000  -0.54472   0.00000  -0.54472   0.00000  -0.53069   0.00000  -0.53069
  4.66165   0.00000  -0.54472   0.00000  -0.54472   0.00000  -0.53069   0.00000  -0.53069
  4.71178   0.00000  -0.54472   0.00000  -0.54472   0.00000  -0.53069   0.00000  -0.53069
  4.76190   0.00000  -0.54472   0.00000  -0.54472   0.00000  -0.53069   0.00000  -0.53069
  4.81203   0.00000  -0.54472   0.00000  -0.54472   0.00000  -0.53069   0.00000  -0.53069
  4.86216   0.00000  -0.54472   0.00000  -0.54472   0.00000  -0.53069   0.00000  -0.53069
  4.91228   0.00000  -0.54472   0.00000  -0.54472   0.00000  -0.53069   0.00000  -0.53069
  4.96241   0.00000  -0.54472   0.00000  -0.54472   0.00000  -0.53069   0.00000  -0.53069
  5.01253   0.00000  -0.54472   0.00000  -0.54472   0.00000  -0.53069   0.00000  -0.53069
  5.06266   0.00000  -0.54472   0.00000  -0.54472   0.00000  -0.53069   0.00000  -0.53069
  5.11278   0.00000  -0.54472   0.00000  -0.54472   0.00000  -0.53069   0.00000  -0.53069
  5.16291   0.00000  -0.54472   0.00000  -0.54472   0.00000  -0.53069   0.00000  -0.53069
  5.21303   0.00000  -0.54472   0.00000  -0.54472   0.00000  -0.53069   0.00000  -0.53069
  5.26316   0.00000  -0.54472   0.00000  -0.54472   0.00000  -0.53069   0.00000  -0.53069
  5.31328   0.00000  -0.54472   0.00000  -0.54472   0.00000  -0.53069   0.00000  -0.53069
  5.36341   0.00000  -0.54472   0.00000  -0.54472   0.00000  -0.53069   0.00000  -0.53069
  5.41353   0.00000  -0.54472   0.00000  -0.54472   0.00000  -0.53069   0.00000  -0.53069
  5.46366   0.00000  -0.54472   0.00000  -0.54472   0.00000  -0.53069   0.00000  -0.53069
  5.51378   0.00000  -0.54472   0.00000  -0.54472   0.00000  -0.53069   0.00000  -0.53069
  5.56391   0.00000  -0.54472   0.00000  -0.54472   0.00000  -0.53069   0.00000  -0.53069
  5.61404   0.00000  -0.54472   0.00000  -0.54472   0.00000  -0.53069   0.00000  -0.53069
  5.66416   0.00000  -0.54472   0.00000  -0.54472   0.00000  -0.53069   0.00000  -0.53069
  5.71429   0.00000  -0.54472   0.00000  -0.54472   0.00000  -0.53069   0.00000  -0.53069
  5.76441   0.00000  -0.54472   0.00000  -0.54472   0.00000  -0.53069   0.00000  -0.53069
  5.81454   0.00000  -0.54472   0.00000  -0.54472   0.00000  -0.53069   0.00000  -0.53069
  5.86466   0.00000  -0.54472   0.00000  -0.54472   0.00000  -0.53069   0.00000  -0.53069
  5.91479   0.00000  -0.54472   0.00000  -0.54472   0.00000  -0.53069   0.00000  -0.53069
  5.96491   0.00010  -0.54471   0.00010  -0.54471   0.00000  -0.53069   0.00000  -0.53069
  6.01504   0.00138  -0.54464   0.00138  -0.54464   0.00000  -0.53069   0.00000  -0.53069
  6.06516   0.00383  -0.54445   0.00383  -0.54445   0.00000  -0.53069   0.00000  -0.53069
  6.11529   0.00645  -0.54413   0.00645  -0.54413   0.00000  -0.53069   0.00000  -0.53069
  6.16541   0.00707  -0.54377   0.00707  -0.54377   0.00000  -0.53069   0.00000  -0.53069
  6.21554   0.00656  -0.54344   0.00656  -0.54344   0.00020  -0.53068   0.00020  -0.53068
  6.26566   0.00675  -0.54311   0.00675  -0.54311   0.00172  -0.53059   0.00172  -0.53059
  6.31579   0.00846  -0.54268   0.00846  -0.54268   0.00408  -0.53039   0.00408  -0.53039
  6.36591   0.01155  -0.54210   0.01155  -0.54210   0.00623  -0.53007   0.00623  -0.53007
  6.41604   0.01715  -0.54124   0.01715  -0.54124   0.00621  -0.52976   0.00621  -0.52976
  6.46617   0.02605  -0.53994   0.02605  -0.53994   0.00586  -0.52947   0.00586  -0.52947
  6.51629   0.02628  -0.53862   0.02628  -0.53862   0.00670  -0.52913   0.00670  -0.52913
  6.56642   0.02675  -0.53728   0.02675  -0.53728   0.00896  -0.52868   0.00896  -0.52868
  6.61654   0.02603  -0.53598   0.02603  -0.53598   0.01277  -0.52804   0.01277  -0.52804
  6.66667   0.02373  -0.53479   0.02373  -0.53479   0.02137  -0.52697   0.02137  -0.52697
  6.71679   0.02214  -0.53368   0.02214  -0.53368   0.02419  -0.52576   0.02419  -0.52576
  6.76692   0.02332  -0.53251   0.02332  -0.53251   0.02343  -0.52459   0.02343  -0.52459
  6.81704   0.03260  -0.53087   0.03260  -0.53087   0.02369  -0.52340   0.02369  -0.52340
  6.86717   0.03836  -0.52895   0.03836  -0.52895   0.02164  -0.52231   0.02164  -0.52231
  6.91729   0.03651  -0.52712   0.03651  -0.52712   0.02027  -0.52130   0.02027  -0.52130
  6.96742   0.03485  -0.52537   0.03485  -0.52537   0.02022  -0.52028   0.02022  -0.52028
  7.01754   0.03287  -0.52373   0.03287  -0.52373   0.02771  -0.51890   0.02771  -0.51890
  7.06767   0.03137  -0.52215   0.03137  -0.52215   0.03563  -0.51711   0.03563  -0.51711
  7.11779   0.02917  -0.52069   0.02917  -0.52069   0.03483  -0.51536   0.03483  -0.51536
  7.16792   0.02943  -0.51922   0.02943  -0.51922   0.03051  -0.51383   0.03051  -0.51383
  7.21805   0.03269  -0.51758   0.03269  -0.51758   0.02942  -0.51236   0.02942  -0.51236
  7.26817   0.03481  -0.51583   0.03481  -0.51583   0.03080  -0.51082   0.03080  -0.51082
  7.31830   0.03630  -0.51401   0.03630  -0.51401   0.02992  -0.50932   0.02992  -0.50932
  7.36842   0.04466  -0.51177   0.04466  -0.51177   0.02902  -0.50786   0.02902  -0.50786
  7.41855   0.06386  -0.50857   0.06386  -0.50857   0.02930  -0.50639   0.02930  -0.50639
  7.46867   0.05125  -0.50600   0.05125  -0.50600   0.03048  -0.50486   0.03048  -0.50486
  7.51880   0.04818  -0.50359   0.04818  -0.50359   0.03903  -0.50291   0.03903  -0.50291
  7.56892   0.06328  -0.50042   0.06328  -0.50042   0.05050  -0.50038   0.05050  -0.50038
  7.61905   0.07679  -0.49657   0.07679  -0.49657   0.06519  -0.49711   0.06519  -0.49711
  7.66917   0.07282  -0.49292   0.07282  -0.49292   0.04908  -0.49465   0.04908  -0.49465
  7.71930   0.06107  -0.48986   0.06107  -0.48986   0.04912  -0.49219   0.04912  -0.49219
  7.76942   0.06274  -0.48671   0.06274  -0.48671   0.05425  -0.48947   0.05425  -0.48947
  7.81955   0.07581  -0.48291   0.07581  -0.48291   0.06896  -0.48601   0.06896  -0.48601
  7.86967   0.08263  -0.47877   0.08263  -0.47877   0.07998  -0.48200   0.07998  -0.48200
  7.91980   0.08643  -0.47444   0.08643  -0.47444   0.05901  -0.47904   0.05901  -0.47904
  7.96992   0.07962  -0.47045   0.07962  -0.47045   0.06407  -0.47583   0.06407  -0.47583
  8.02005   0.08261  -0.46631   0.08261  -0.46631   0.08029  -0.47181   0.08029  -0.47181
  8.07018   0.09331  -0.46163   0.09331  -0.46163   0.09036  -0.46728   0.09036  -0.46728
  8.12030   0.09506  -0.45686   0.09506  -0.45686   0.08639  -0.46295   0.08639  -0.46295
  8.17043   0.09855  -0.45192   0.09855  -0.45192   0.08942  -0.45847   0.08942  -0.45847
  8.22055   0.08325  -0.44775   0.08325  -0.44775   0.08871  -0.45402   0.08871  -0.45402
  8.27068   0.15465  -0.44000   0.15465  -0.44000   0.08087  -0.44997   0.08087  -0.44997
  8.32080   0.16050  -0.43195   0.16050  -0.43195   0.08744  -0.44558   0.08744  -0.44558
  8.37093   0.13149  -0.42536   0.13149  -0.42536   0.07326  -0.44191   0.07326  -0.44191
  8.42105   0.11899  -0.41940   0.11899  -0.41940   0.11001  -0.43640   0.11001  -0.43640
  8.47118   0.11563  -0.41360   0.11563  -0.41360   0.14241  -0.42926   0.14241  -0.42926
  8.52130   0.12089  -0.40754   0.12089  -0.40754   0.13396  -0.42254   0.13396  -0.42254
  8.57143   0.10693  -0.40218   0.10693  -0.40218   0.09968  -0.41755   0.09968  -0.41755
  8.62155   0.13165  -0.39558   0.13165  -0.39558   0.11569  -0.41175   0.11569  -0.41175
  8.67168   0.15609  -0.38776   0.15609  -0.38776   0.08705  -0.40738   0.08705  -0.40738
  8.72180   0.14084  -0.38070   0.14084  -0.38070   0.09614  -0.40256   0.09614  -0.40256
  8.77193   0.12781  -0.37429   0.12781  -0.37429   0.11880  -0.39661   0.11880  -0.39661
  8.82206   0.14297  -0.36713   0.14297  -0.36713   0.13729  -0.38973   0.13729  -0.38973
  8.87218   0.13328  -0.36045   0.13328  -0.36045   0.12569  -0.38343   0.12569  -0.38343
  8.92231   0.09985  -0.35544   0.09985  -0.35544   0.13857  -0.37648   0.13857  -0.37648
  8.97243   0.10515  -0.35017   0.10515  -0.35017   0.13905  -0.36951   0.13905  -0.36951
  9.02256   0.14575  -0.34287   0.14575  -0.34287   0.13043  -0.36297   0.13043  -0.36297
  9.07268   0.11952  -0.33687   0.11952  -0.33687   0.12282  -0.35682   0.12282  -0.35682
  9.12281   0.14725  -0.32949   0.14725  -0.32949   0.11744  -0.35093   0.11744  -0.35093
  9.17293   0.08509  -0.32523   0.08509  -0.32523   0.12989  -0.34442   0.12989  -0.34442
  9.22306   0.09820  -0.32031   0.09820  -0.32031   0.11394  -0.33871   0.11394  -0.33871
  9.27318   0.12650  -0.31397   0.12650  -0.31397   0.12513  -0.33244   0.12513  -0.33244
  9.32331   0.12653  -0.30762   0.12653  -0.30762   0.08216  -0.32832   0.08216  -0.32832
  9.37343   0.11366  -0.30193   0.11366  -0.30193   0.11276  -0.32267   0.11276  -0.32267
  9.42356   0.09194  -0.29732   0.09194  -0.29732   0.12927  -0.31619   0.12927  -0.31619
  9.47368   0.08386  -0.29311   0.08386  -0.29311   0.12728  -0.30981   0.12728  -0.30981
  9.52381   0.08925  -0.28864   0.08925  -0.28864   0.12048  -0.30377   0.12048  -0.30377
  9.57393   0.09065  -0.28410   0.09065  -0.28410   0.09200  -0.29916   0.09200  -0.29916
  9.62406   0.11907  -0.27813   0.11907  -0.27813   0.10296  -0.29400   0.10296  -0.29400
  9.67419   0.09722  -0.27326   0.09722  -0.27326   0.09139  -0.28941   0.09139  -0.28941
  9.72431   0.08499  -0.26899   0.08499  -0.26899   0.08230  -0.28529   0.08230  -0.28529
  9.77444   0.09967  -0.26400   0.09967  -0.26400   0.12816  -0.27887   0.12816  -0.27887
  9.82456   0.10081  -0.25895   0.10081  -0.25895   0.10419  -0.27364   0.10419  -0.27364
  9.87469   0.11388  -0.25324   0.11388  -0.25324   0.08612  -0.26933   0.08612  -0.26933
  9.92481   0.12881  -0.24678   0.12881  -0.24678   0.10558  -0.26403   0.10558  -0.26403
  9.97494   0.10758  -0.24139   0.10758  -0.24139   0.10805  -0.25862   0.10805  -0.25862
 10.02506   0.11265  -0.23574   0.11265  -0.23574   0.12175  -0.25251   0.12175  -0.25251