ESCALE ; pCOHP file generated by LOBSTER. Energy is shifted such that the Fermi level lies at 0 eV.
         2          2        401  -5.82964e+00   1.42205e+01   4.19543e+00 
Average
No.1:Mn44->O87(1.9630424288563992)
-10.02506   0.00000  -0.66241   0.00000  -0.66241   0.00000  -0.65947   0.00000  -0.65947
 -9.97494   0.00000  -0.66241   0.00000  -0.66241   0.00000  -0.65947   0.00000  -0.65947
 -9.92481   0.00000  -0.66241   0.00000  -0.66241   0.00000  -0.65947   0.00000  -0.65947
 -9.87469   0.00000  -0.66241   0.00000  -0.66241   0.00000  -0.65947   0.00000  -0.65947
 -9.82456   0.00000  -0.66241   0.00000  -0.66241   0.00000  -0.65947   0.00000  -0.65947
 -9.77444   0.00000  -0.66241   0.00000  -0.66241   0.00000  -0.65947   0.00000  -0.65947
 -9.72431   0.00000  -0.66241   0.00000  -0.66241   0.00000  -0.65947   0.00000  -0.65947
 -9.67419   0.00000  -0.66241   0.00000  -0.66241   0.00000  -0.65947   0.00000  -0.65947
 -9.62406   0.00000  -0.66241   0.00000  -0.66241   0.00000  -0.65947   0.00000  -0.65947
 -9.57393   0.00000  -0.66241   0.00000  -0.66241   0.00000  -0.65947   0.00000  -0.65947
 -9.52381   0.00000  -0.66241   0.00000  -0.66241   0.00000  -0.65947   0.00000  -0.65947
 -9.47368   0.00000  -0.66241   0.00000  -0.66241   0.00000  -0.65947   0.00000  -0.65947
 -9.42356   0.00000  -0.66241   0.00000  -0.66241   0.00000  -0.65947   0.00000  -0.65947
 -9.37343   0.00000  -0.66241   0.00000  -0.66241   0.00000  -0.65947   0.00000  -0.65947
 -9.32331   0.00000  -0.66241   0.00000  -0.66241   0.00000  -0.65947   0.00000  -0.65947
 -9.27318   0.00000  -0.66241   0.00000  -0.66241   0.00000  -0.65947   0.00000  -0.65947
 -9.22306   0.00000  -0.66241   0.00000  -0.66241   0.00000  -0.65947   0.00000  -0.65947
 -9.17293   0.00000  -0.66241   0.00000  -0.66241   0.00000  -0.65947   0.00000  -0.65947
 -9.12281   0.00000  -0.66241   0.00000  -0.66241   0.00000  -0.65947   0.00000  -0.65947
 -9.07268   0.00000  -0.66241   0.00000  -0.66241   0.00000  -0.65947   0.00000  -0.65947
 -9.02256   0.00000  -0.66241   0.00000  -0.66241   0.00000  -0.65947   0.00000  -0.65947
 -8.97243   0.00000  -0.66241   0.00000  -0.66241   0.00000  -0.65947   0.00000  -0.65947
 -8.92231   0.00000  -0.66241   0.00000  -0.66241   0.00000  -0.65947   0.00000  -0.65947
 -8.87218   0.00000  -0.66241   0.00000  -0.66241   0.00000  -0.65947   0.00000  -0.65947
 -8.82206   0.00000  -0.66241   0.00000  -0.66241   0.00000  -0.65947   0.00000  -0.65947
 -8.77193   0.00000  -0.66241   0.00000  -0.66241   0.00000  -0.65947   0.00000  -0.65947
 -8.72180   0.00000  -0.66241   0.00000  -0.66241   0.00000  -0.65947   0.00000  -0.65947
 -8.67168   0.00000  -0.66241   0.00000  -0.66241   0.00000  -0.65947   0.00000  -0.65947
 -8.62155   0.00000  -0.66241   0.00000  -0.66241   0.00000  -0.65947   0.00000  -0.65947
 -8.57143   0.00000  -0.66241   0.00000  -0.66241   0.00000  -0.65947   0.00000  -0.65947
 -8.52130   0.00000  -0.66241   0.00000  -0.66241   0.00000  -0.65947   0.00000  -0.65947
 -8.47118   0.00000  -0.66241   0.00000  -0.66241   0.00000  -0.65947   0.00000  -0.65947
 -8.42105   0.00000  -0.66241   0.00000  -0.66241   0.00000  -0.65947   0.00000  -0.65947
 -8.37093   0.00000  -0.66241   0.00000  -0.66241   0.00000  -0.65947   0.00000  -0.65947
 -8.32080   0.00000  -0.66241   0.00000  -0.66241   0.00000  -0.65947   0.00000  -0.65947
 -8.27068   0.00000  -0.66241   0.00000  -0.66241   0.00000  -0.65947   0.00000  -0.65947
 -8.22055   0.00000  -0.66241   0.00000  -0.66241   0.00000  -0.65947   0.00000  -0.65947
 -8.17043   0.00000  -0.66241   0.00000  -0.66241   0.00000  -0.65947   0.00000  -0.65947
 -8.12030   0.00000  -0.66241   0.00000  -0.66241   0.00000  -0.65947   0.00000  -0.65947
 -8.07018   0.00000  -0.66241   0.00000  -0.66241   0.00000  -0.65947   0.00000  -0.65947
 -8.02005   0.00000  -0.66241   0.00000  -0.66241   0.00000  -0.65947   0.00000  -0.65947
 -7.96992   0.00000  -0.66241   0.00000  -0.66241   0.00000  -0.65947   0.00000  -0.65947
 -7.91980   0.00000  -0.66241   0.00000  -0.66241   0.00000  -0.65947   0.00000  -0.65947
 -7.86967   0.00000  -0.66241   0.00000  -0.66241   0.00000  -0.65947   0.00000  -0.65947
 -7.81955   0.00000  -0.66241   0.00000  -0.66241   0.00000  -0.65947   0.00000  -0.65947
 -7.76942   0.00000  -0.66241   0.00000  -0.66241   0.00000  -0.65947   0.00000  -0.65947
 -7.71930   0.00000  -0.66241   0.00000  -0.66241   0.00000  -0.65947   0.00000  -0.65947
 -7.66917   0.00000  -0.66241   0.00000  -0.66241   0.00000  -0.65947   0.00000  -0.65947
 -7.61905   0.00000  -0.66241   0.00000  -0.66241   0.00000  -0.65947   0.00000  -0.65947
 -7.56892   0.00000  -0.66241   0.00000  -0.66241   0.00000  -0.65947   0.00000  -0.65947
 -7.51880   0.00000  -0.66241   0.00000  -0.66241   0.00000  -0.65947   0.00000  -0.65947
 -7.46867   0.00000  -0.66241   0.00000  -0.66241   0.00000  -0.65947   0.00000  -0.65947
 -7.41855   0.00000  -0.66241   0.00000  -0.66241   0.00000  -0.65947   0.00000  -0.65947
 -7.36842   0.00000  -0.66241   0.00000  -0.66241   0.00000  -0.65947   0.00000  -0.65947
 -7.31830   0.00000  -0.66241   0.00000  -0.66241   0.00000  -0.65947   0.00000  -0.65947
 -7.26817   0.00000  -0.66241   0.00000  -0.66241   0.00000  -0.65947   0.00000  -0.65947
 -7.21805   0.00000  -0.66241   0.00000  -0.66241   0.00000  -0.65947   0.00000  -0.65947
 -7.16792   0.00000  -0.66241   0.00000  -0.66241   0.00000  -0.65947   0.00000  -0.65947
 -7.11779   0.00000  -0.66241   0.00000  -0.66241   0.00000  -0.65947   0.00000  -0.65947
 -7.06767  -0.00237  -0.66253  -0.00237  -0.66253   0.00000  -0.65947   0.00000  -0.65947
 -7.01754  -0.05737  -0.66540  -0.05737  -0.66540   0.00000  -0.65947   0.00000  -0.65947
 -6.96742  -0.17983  -0.67442  -0.17983  -0.67442   0.00000  -0.65947   0.00000  -0.65947
 -6.91729  -0.53363  -0.70117  -0.53363  -0.70117   0.00000  -0.65947   0.00000  -0.65947
 -6.86717  -0.47846  -0.72515  -0.47846  -0.72515   0.00000  -0.65947   0.00000  -0.65947
 -6.81704  -0.36254  -0.74332  -0.36254  -0.74332   0.00000  -0.65947   0.00000  -0.65947
 -6.76692  -0.17438  -0.75206  -0.17438  -0.75206   0.00000  -0.65947   0.00000  -0.65947
 -6.71679  -0.23157  -0.76367  -0.23157  -0.76367   0.00000  -0.65947   0.00000  -0.65947
 -6.66667  -0.30038  -0.77873  -0.30038  -0.77873   0.00000  -0.65947   0.00000  -0.65947
 -6.61654  -0.37091  -0.79732  -0.37091  -0.79732   0.00000  -0.65947   0.00000  -0.65947
 -6.56642  -0.56057  -0.82542  -0.56057  -0.82542   0.00000  -0.65947   0.00000  -0.65947
 -6.51629  -0.63285  -0.85714  -0.63285  -0.85714   0.00000  -0.65947   0.00000  -0.65947
 -6.46617  -0.41774  -0.87808  -0.41774  -0.87808   0.00000  -0.65947   0.00000  -0.65947
 -6.41604  -0.32240  -0.89424  -0.32240  -0.89424   0.00000  -0.65947   0.00000  -0.65947
 -6.36591  -0.46498  -0.91755  -0.46498  -0.91755   0.00000  -0.65947   0.00000  -0.65947
 -6.31579  -0.36356  -0.93577  -0.36356  -0.93577   0.00000  -0.65947   0.00000  -0.65947
 -6.26566  -0.15820  -0.94370  -0.15820  -0.94370   0.00000  -0.65947   0.00000  -0.65947
 -6.21554  -0.13030  -0.95023  -0.13030  -0.95023   0.00000  -0.65947   0.00000  -0.65947
 -6.16541  -0.11451  -0.95597  -0.11451  -0.95597   0.00000  -0.65947   0.00000  -0.65947
 -6.11529  -0.11738  -0.96185  -0.11738  -0.96185   0.00000  -0.65947   0.00000  -0.65947
 -6.06516  -0.19661  -0.97171  -0.19661  -0.97171   0.00000  -0.65947   0.00000  -0.65947
 -6.01504  -0.25712  -0.98460  -0.25712  -0.98460   0.00000  -0.65947   0.00000  -0.65947
 -5.96491  -0.40242  -1.00477  -0.40242  -1.00477   0.00000  -0.65947   0.00000  -0.65947
 -5.91479  -0.33266  -1.02144  -0.33266  -1.02144   0.00000  -0.65947   0.00000  -0.65947
 -5.86466  -0.28785  -1.03587  -0.28785  -1.03587   0.00000  -0.65947   0.00000  -0.65947
 -5.81454  -0.14121  -1.04295  -0.14121  -1.04295   0.00000  -0.65947   0.00000  -0.65947
 -5.76441  -0.20611  -1.05328  -0.20611  -1.05328   0.00000  -0.65947   0.00000  -0.65947
 -5.71429  -0.37696  -1.07218  -0.37696  -1.07218  -0.00234  -0.65958  -0.00234  -0.65958
 -5.66416  -0.28758  -1.08659  -0.28758  -1.08659  -0.04978  -0.66208  -0.04978  -0.66208
 -5.61404  -0.30313  -1.10179  -0.30313  -1.10179  -0.04801  -0.66448  -0.04801  -0.66448
 -5.56391  -0.29152  -1.11640  -0.29152  -1.11640  -0.09618  -0.66931  -0.09618  -0.66931
 -5.51378  -0.34508  -1.13370  -0.34508  -1.13370  -0.21535  -0.68010  -0.21535  -0.68010
 -5.46366  -0.43064  -1.15528  -0.43064  -1.15528  -0.50864  -0.70560  -0.50864  -0.70560
 -5.41353  -0.40003  -1.17534  -0.40003  -1.17534  -0.56049  -0.73369  -0.56049  -0.73369
 -5.36341  -0.32905  -1.19183  -0.32905  -1.19183  -0.61962  -0.76475  -0.61962  -0.76475
 -5.31328  -0.48415  -1.21610  -0.48415  -1.21610  -0.28625  -0.77910  -0.28625  -0.77910
 -5.26316  -0.34464  -1.23337  -0.34464  -1.23337  -0.21065  -0.78966  -0.21065  -0.78966
 -5.21303  -0.26305  -1.24656  -0.26305  -1.24656  -0.22361  -0.80086  -0.22361  -0.80086
 -5.16291  -0.30412  -1.26180  -0.30412  -1.26180  -0.22946  -0.81237  -0.22946  -0.81237
 -5.11278  -0.42506  -1.28311  -0.42506  -1.28311  -0.24117  -0.82446  -0.24117  -0.82446
 -5.06266  -0.19993  -1.29313  -0.19993  -1.29313  -0.29815  -0.83940  -0.29815  -0.83940
 -5.01253  -0.18825  -1.30257  -0.18825  -1.30257  -0.39975  -0.85944  -0.39975  -0.85944
 -4.96241  -0.15042  -1.31011  -0.15042  -1.31011  -0.33043  -0.87600  -0.33043  -0.87600
 -4.91228  -0.15204  -1.31773  -0.15204  -1.31773  -0.38244  -0.89517  -0.38244  -0.89517
 -4.86216  -0.22091  -1.32880  -0.22091  -1.32880  -0.36602  -0.91352  -0.36602  -0.91352
 -4.81203  -0.15374  -1.33651  -0.15374  -1.33651  -0.26310  -0.92671  -0.26310  -0.92671
 -4.76190  -0.15469  -1.34426  -0.15469  -1.34426  -0.23129  -0.93830  -0.23129  -0.93830
 -4.71178  -0.09582  -1.34906  -0.09582  -1.34906  -0.20768  -0.94871  -0.20768  -0.94871
 -4.66165  -0.07617  -1.35288  -0.07617  -1.35288  -0.28624  -0.96306  -0.28624  -0.96306
 -4.61153  -0.02951  -1.35436  -0.02951  -1.35436  -0.27705  -0.97694  -0.27705  -0.97694
 -4.56140  -0.03236  -1.35598  -0.03236  -1.35598  -0.23347  -0.98865  -0.23347  -0.98865
 -4.51128  -0.05175  -1.35858  -0.05175  -1.35858  -0.23853  -1.00060  -0.23853  -1.00060
 -4.46115  -0.01338  -1.35925  -0.01338  -1.35925  -0.22968  -1.01212  -0.22968  -1.01212
 -4.41103  -0.09293  -1.36391  -0.09293  -1.36391  -0.15386  -1.01983  -0.15386  -1.01983
 -4.36090  -0.06005  -1.36692  -0.06005  -1.36692  -0.12909  -1.02630  -0.12909  -1.02630
 -4.31078  -0.04329  -1.36909  -0.04329  -1.36909  -0.15831  -1.03423  -0.15831  -1.03423
 -4.26065  -0.03408  -1.37079  -0.03408  -1.37079  -0.11665  -1.04008  -0.11665  -1.04008
 -4.21053  -0.11554  -1.37659  -0.11554  -1.37659  -0.19522  -1.04987  -0.19522  -1.04987
 -4.16040  -0.14806  -1.38401  -0.14806  -1.38401  -0.14652  -1.05721  -0.14652  -1.05721
 -4.11028  -0.09923  -1.38898  -0.09923  -1.38898  -0.23538  -1.06901  -0.23538  -1.06901
 -4.06015  -0.05975  -1.39198  -0.05975  -1.39198  -0.25280  -1.08168  -0.25280  -1.08168
 -4.01003  -0.03333  -1.39365  -0.03333  -1.39365  -0.26138  -1.09478  -0.26138  -1.09478
 -3.95990  -0.05258  -1.39628  -0.05258  -1.39628  -0.29321  -1.10948  -0.29321  -1.10948
 -3.90977  -0.08938  -1.40076  -0.08938  -1.40076  -0.33423  -1.12623  -0.33423  -1.12623
 -3.85965  -0.10279  -1.40591  -0.10279  -1.40591  -0.47413  -1.15000  -0.47413  -1.15000
 -3.80952  -0.10519  -1.41119  -0.10519  -1.41119  -0.45146  -1.17263  -0.45146  -1.17263
 -3.75940  -0.07996  -1.41520  -0.07996  -1.41520  -0.35041  -1.19019  -0.35041  -1.19019
 -3.70927   0.00427  -1.41498   0.00427  -1.41498  -0.27746  -1.20410  -0.27746  -1.20410
 -3.65915   0.03306  -1.41332   0.03306  -1.41332  -0.22462  -1.21536  -0.22462  -1.21536
 -3.60902   0.02738  -1.41195   0.02738  -1.41195  -0.20623  -1.22570  -0.20623  -1.22570
 -3.55890   0.04005  -1.40994   0.04005  -1.40994  -0.22080  -1.23676  -0.22080  -1.23676
 -3.50877  -0.03985  -1.41194  -0.03985  -1.41194  -0.17332  -1.24545  -0.17332  -1.24545
 -3.45865  -0.02104  -1.41300  -0.02104  -1.41300  -0.20686  -1.25582  -0.20686  -1.25582
 -3.40852   0.07793  -1.40909   0.07793  -1.40909  -0.16218  -1.26395  -0.16218  -1.26395
 -3.35840   0.02188  -1.40799   0.02188  -1.40799  -0.11713  -1.26982  -0.11713  -1.26982
 -3.30827   0.06293  -1.40484   0.06293  -1.40484  -0.02555  -1.27110  -0.02555  -1.27110
 -3.25815   0.04121  -1.40277   0.04121  -1.40277  -0.04161  -1.27319  -0.04161  -1.27319
 -3.20802   0.02781  -1.40138   0.02781  -1.40138  -0.06970  -1.27668  -0.06970  -1.27668
 -3.15789   0.06842  -1.39795   0.06842  -1.39795  -0.08481  -1.28093  -0.08481  -1.28093
 -3.10777   0.06220  -1.39483   0.06220  -1.39483  -0.05293  -1.28359  -0.05293  -1.28359
 -3.05764   0.09113  -1.39026   0.09113  -1.39026  -0.06588  -1.28689  -0.06588  -1.28689
 -3.00752   0.09888  -1.38531   0.09888  -1.38531  -0.06881  -1.29034  -0.06881  -1.29034
 -2.95739   0.08805  -1.38089   0.08805  -1.38089  -0.08461  -1.29458  -0.08461  -1.29458
 -2.90727   0.14954  -1.37340   0.14954  -1.37340  -0.06421  -1.29780  -0.06421  -1.29780
 -2.85714   0.17624  -1.36456   0.17624  -1.36456  -0.07667  -1.30164  -0.07667  -1.30164
 -2.80702   0.14621  -1.35723   0.14621  -1.35723  -0.08964  -1.30613  -0.08964  -1.30613
 -2.75689   0.18281  -1.34807   0.18281  -1.34807  -0.09495  -1.31089  -0.09495  -1.31089
 -2.70677   0.17186  -1.33946   0.17186  -1.33946  -0.10368  -1.31609  -0.10368  -1.31609
 -2.65664   0.16023  -1.33143   0.16023  -1.33143  -0.13546  -1.32288  -0.13546  -1.32288
 -2.60652   0.15762  -1.32353   0.15762  -1.32353  -0.05678  -1.32573  -0.05678  -1.32573
 -2.55639   0.11796  -1.31761   0.11796  -1.31761  -0.03837  -1.32765  -0.03837  -1.32765
 -2.50627   0.09404  -1.31290   0.09404  -1.31290  -0.03153  -1.32923  -0.03153  -1.32923
 -2.45614   0.08335  -1.30872   0.08335  -1.30872  -0.05115  -1.33179  -0.05115  -1.33179
 -2.40602   0.11203  -1.30311   0.11203  -1.30311  -0.06702  -1.33515  -0.06702  -1.33515
 -2.35589   0.14929  -1.29562   0.14929  -1.29562  -0.06676  -1.33850  -0.06676  -1.33850
 -2.30576   0.16814  -1.28719   0.16814  -1.28719  -0.05255  -1.34113  -0.05255  -1.34113
 -2.25564   0.22611  -1.27586   0.22611  -1.27586  -0.01592  -1.34193  -0.01592  -1.34193
 -2.20551   0.23798  -1.26393   0.23798  -1.26393  -0.01969  -1.34292  -0.01969  -1.34292
 -2.15539   0.20873  -1.25347   0.20873  -1.25347   0.01394  -1.34222   0.01394  -1.34222
 -2.10526   0.16084  -1.24541   0.16084  -1.24541  -0.01084  -1.34276  -0.01084  -1.34276
 -2.05514   0.20659  -1.23505   0.20659  -1.23505  -0.01446  -1.34349  -0.01446  -1.34349
 -2.00501   0.16716  -1.22667   0.16716  -1.22667   0.00156  -1.34341   0.00156  -1.34341
 -1.95489   0.14631  -1.21934   0.14631  -1.21934   0.00746  -1.34304   0.00746  -1.34304
 -1.90476   0.11802  -1.21342   0.11802  -1.21342  -0.01831  -1.34395  -0.01831  -1.34395
 -1.85464   0.11140  -1.20784   0.11140  -1.20784  -0.02148  -1.34503  -0.02148  -1.34503
 -1.80451   0.14575  -1.20053   0.14575  -1.20053  -0.02875  -1.34647  -0.02875  -1.34647
 -1.75439   0.11934  -1.19455   0.11934  -1.19455  -0.02702  -1.34783  -0.02702  -1.34783
 -1.70426   0.13156  -1.18796   0.13156  -1.18796  -0.02609  -1.34913  -0.02609  -1.34913
 -1.65414   0.10770  -1.18256   0.10770  -1.18256  -0.02460  -1.35037  -0.02460  -1.35037
 -1.60401   0.10991  -1.17705   0.10991  -1.17705  -0.00825  -1.35078  -0.00825  -1.35078
 -1.55388   0.10692  -1.17169   0.10692  -1.17169   0.00183  -1.35069   0.00183  -1.35069
 -1.50376   0.12017  -1.16567   0.12017  -1.16567  -0.01261  -1.35132  -0.01261  -1.35132
 -1.45363   0.09871  -1.16072   0.09871  -1.16072  -0.03262  -1.35296  -0.03262  -1.35296
 -1.40351   0.08871  -1.15627   0.08871  -1.15627  -0.03046  -1.35448  -0.03046  -1.35448
 -1.35338   0.09373  -1.15157   0.09373  -1.15157  -0.02695  -1.35583  -0.02695  -1.35583
 -1.30326   0.06884  -1.14812   0.06884  -1.14812  -0.01058  -1.35636  -0.01058  -1.35636
 -1.25313   0.07940  -1.14414   0.07940  -1.14414   0.01950  -1.35539   0.01950  -1.35539
 -1.20301   0.09374  -1.13944   0.09374  -1.13944   0.00720  -1.35503   0.00720  -1.35503
 -1.15288   0.15337  -1.13176   0.15337  -1.13176   0.00046  -1.35500   0.00046  -1.35500
 -1.10276   0.14512  -1.12448   0.14512  -1.12448  -0.00109  -1.35506  -0.00109  -1.35506
 -1.05263   0.07011  -1.12097   0.07011  -1.12097  -0.00443  -1.35528  -0.00443  -1.35528
 -1.00251   0.04560  -1.11868   0.04560  -1.11868  -0.00016  -1.35529  -0.00016  -1.35529
 -0.95238   0.04919  -1.11622   0.04919  -1.11622  -0.00736  -1.35566  -0.00736  -1.35566
 -0.90226   0.03338  -1.11454   0.03338  -1.11454   0.00320  -1.35550   0.00320  -1.35550
 -0.85213   0.01300  -1.11389   0.01300  -1.11389   0.01005  -1.35499   0.01005  -1.35499
 -0.80201  -0.00058  -1.11392  -0.00058  -1.11392   0.01555  -1.35421   0.01555  -1.35421
 -0.75188  -0.00453  -1.11415  -0.00453  -1.11415   0.01407  -1.35351   0.01407  -1.35351
 -0.70175   0.00069  -1.11411   0.00069  -1.11411   0.02956  -1.35202   0.02956  -1.35202
 -0.65163   0.00238  -1.11399   0.00238  -1.11399   0.00441  -1.35180   0.00441  -1.35180
 -0.60150  -0.00504  -1.11425  -0.00504  -1.11425   0.00000  -1.35180   0.00000  -1.35180
 -0.55138   0.00607  -1.11394   0.00607  -1.11394   0.00000  -1.35180   0.00000  -1.35180
 -0.50125   0.02691  -1.11259   0.02691  -1.11259   0.00000  -1.35180   0.00000  -1.35180
 -0.45113   0.08965  -1.10810   0.08965  -1.10810   0.00000  -1.35180   0.00000  -1.35180
 -0.40100   0.03711  -1.10624   0.03711  -1.10624   0.00000  -1.35180   0.00000  -1.35180
 -0.35088   0.01895  -1.10529   0.01895  -1.10529   0.00000  -1.35180   0.00000  -1.35180
 -0.30075   0.01013  -1.10478   0.01013  -1.10478   0.00000  -1.35180   0.00000  -1.35180
 -0.25063   0.01283  -1.10414   0.01283  -1.10414   0.00000  -1.35180   0.00000  -1.35180
 -0.20050   0.02981  -1.10264   0.02981  -1.10264   0.00000  -1.35180   0.00000  -1.35180
 -0.15038   0.00013  -1.10264   0.00013  -1.10264   0.00000  -1.35180   0.00000  -1.35180
 -0.10025   0.01265  -1.10200   0.01265  -1.10200   0.00000  -1.35180   0.00000  -1.35180
 -0.05013   0.01580  -1.10121   0.01580  -1.10121   0.00000  -1.35180   0.00000  -1.35180
  0.00000   0.02335  -1.10004   0.02335  -1.10004   0.00000  -1.35180   0.00000  -1.35180
  0.05013   0.00000  -1.10004   0.00000  -1.10004   0.00000  -1.35180   0.00000  -1.35180
  0.10025   0.00000  -1.10004   0.00000  -1.10004   0.00000  -1.35180   0.00000  -1.35180
  0.15038   0.00000  -1.10004   0.00000  -1.10004   0.00000  -1.35180   0.00000  -1.35180
  0.20050   0.00000  -1.10004   0.00000  -1.10004   0.00000  -1.35180   0.00000  -1.35180
  0.25063   0.00000  -1.10004   0.00000  -1.10004   0.00000  -1.35180   0.00000  -1.35180
  0.30075   0.00000  -1.10004   0.00000  -1.10004   0.00000  -1.35180   0.00000  -1.35180
  0.35088   0.00000  -1.10004   0.00000  -1.10004   0.00000  -1.35180   0.00000  -1.35180
  0.40100   0.00000  -1.10004   0.00000  -1.10004   0.00000  -1.35180   0.00000  -1.35180
  0.45113   0.00000  -1.10004   0.00000  -1.10004   0.00000  -1.35180   0.00000  -1.35180
  0.50125   0.00000  -1.10004   0.00000  -1.10004   0.00000  -1.35180   0.00000  -1.35180
  0.55138   0.00000  -1.10004   0.00000  -1.10004   0.00000  -1.35180   0.00000  -1.35180
  0.60150   0.00000  -1.10004   0.00000  -1.10004   0.00000  -1.35180   0.00000  -1.35180
  0.65163   0.00000  -1.10004   0.00000  -1.10004   0.00000  -1.35180   0.00000  -1.35180
  0.70175   0.00000  -1.10004   0.00000  -1.10004   0.00000  -1.35180   0.00000  -1.35180
  0.75188   0.00000  -1.10004   0.00000  -1.10004   0.00000  -1.35180   0.00000  -1.35180
  0.80201   0.00000  -1.10004   0.00000  -1.10004   0.00000  -1.35180   0.00000  -1.35180
  0.85213   0.00000  -1.10004   0.00000  -1.10004   0.00000  -1.35180   0.00000  -1.35180
  0.90226   0.00000  -1.10004   0.00000  -1.10004   0.00000  -1.35180   0.00000  -1.35180
  0.95238   0.00000  -1.10004   0.00000  -1.10004   0.00000  -1.35180   0.00000  -1.35180
  1.00251   0.05032  -1.09752   0.05032  -1.09752   0.00000  -1.35180   0.00000  -1.35180
  1.05263   0.20097  -1.08744   0.20097  -1.08744   0.00000  -1.35180   0.00000  -1.35180
  1.10276   0.45928  -1.06442   0.45928  -1.06442   0.00000  -1.35180   0.00000  -1.35180
  1.15288   0.60046  -1.03432   0.60046  -1.03432   0.00000  -1.35180   0.00000  -1.35180
  1.20301   0.66561  -1.00096   0.66561  -1.00096   0.00000  -1.35180   0.00000  -1.35180
  1.25313   0.65285  -0.96824   0.65285  -0.96824   0.00000  -1.35180   0.00000  -1.35180
  1.30326   0.64835  -0.93574   0.64835  -0.93574   0.00000  -1.35180   0.00000  -1.35180
  1.35338   0.66304  -0.90250   0.66304  -0.90250   0.00000  -1.35180   0.00000  -1.35180
  1.40351   0.67747  -0.86854   0.67747  -0.86854   0.00000  -1.35180   0.00000  -1.35180
  1.45363   0.65463  -0.83573   0.65463  -0.83573   0.00000  -1.35180   0.00000  -1.35180
  1.50376   0.93521  -0.78885   0.93521  -0.78885   0.00000  -1.35180   0.00000  -1.35180
  1.55388   0.50842  -0.76337   0.50842  -0.76337   0.00000  -1.35180   0.00000  -1.35180
  1.60401   0.53192  -0.73671   0.53192  -0.73671   0.00000  -1.35180   0.00000  -1.35180
  1.65414   0.47142  -0.71308   0.47142  -0.71308   0.00000  -1.35180   0.00000  -1.35180
  1.70426   0.38213  -0.69392   0.38213  -0.69392   0.00000  -1.35180   0.00000  -1.35180
  1.75439   0.35453  -0.67615   0.35453  -0.67615   0.00000  -1.35180   0.00000  -1.35180
  1.80451   0.60709  -0.64572   0.60709  -0.64572   0.00000  -1.35180   0.00000  -1.35180
  1.85464   0.69486  -0.61089   0.69486  -0.61089   0.00000  -1.35180   0.00000  -1.35180
  1.90476   0.49595  -0.58603   0.49595  -0.58603   0.00000  -1.35180   0.00000  -1.35180
  1.95489   0.37393  -0.56729   0.37393  -0.56729   0.00000  -1.35180   0.00000  -1.35180
  2.00501   0.24730  -0.55489   0.24730  -0.55489   0.00000  -1.35180   0.00000  -1.35180
  2.05514   0.20613  -0.54456   0.20613  -0.54456   0.00000  -1.35180   0.00000  -1.35180
  2.10526   0.07147  -0.54098   0.07147  -0.54098   0.00000  -1.35180   0.00000  -1.35180
  2.15539   0.02937  -0.53950   0.02937  -0.53950   0.00000  -1.35180   0.00000  -1.35180
  2.20551   0.00327  -0.53934   0.00327  -0.53934   0.00000  -1.35180   0.00000  -1.35180
  2.25564   0.00000  -0.53934   0.00000  -0.53934   0.00000  -1.35180   0.00000  -1.35180
  2.30576   0.00000  -0.53934   0.00000  -0.53934   0.00000  -1.35180   0.00000  -1.35180
  2.35589   0.00000  -0.53934   0.00000  -0.53934   0.00000  -1.35180   0.00000  -1.35180
  2.40602   0.00000  -0.53934   0.00000  -0.53934   0.00000  -1.35180   0.00000  -1.35180
  2.45614   0.00000  -0.53934   0.00000  -0.53934   0.00000  -1.35180   0.00000  -1.35180
  2.50627   0.00000  -0.53934   0.00000  -0.53934   0.00000  -1.35180   0.00000  -1.35180
  2.55639   0.00000  -0.53934   0.00000  -0.53934   0.00000  -1.35180   0.00000  -1.35180
  2.60652   0.00000  -0.53934   0.00000  -0.53934   0.04484  -1.34956   0.04484  -1.34956
  2.65664   0.00000  -0.53934   0.00000  -0.53934   0.14623  -1.34223   0.14623  -1.34223
  2.70677   0.00000  -0.53934   0.00000  -0.53934   0.13674  -1.33537   0.13674  -1.33537
  2.75689   0.00000  -0.53934   0.00000  -0.53934   0.22367  -1.32416   0.22367  -1.32416
  2.80702   0.00000  -0.53934   0.00000  -0.53934   0.30871  -1.30869   0.30871  -1.30869
  2.85714   0.00000  -0.53934   0.00000  -0.53934   0.26469  -1.29542   0.26469  -1.29542
  2.90727   0.00000  -0.53934   0.00000  -0.53934   0.37574  -1.27658   0.37574  -1.27658
  2.95739   0.00000  -0.53934   0.00000  -0.53934   0.31622  -1.26073   0.31622  -1.26073
  3.00752   0.00000  -0.53934   0.00000  -0.53934   0.46065  -1.23764   0.46065  -1.23764
  3.05764   0.00000  -0.53934   0.00000  -0.53934   0.33923  -1.22064   0.33923  -1.22064
  3.10777   0.00000  -0.53934   0.00000  -0.53934   0.23577  -1.20882   0.23577  -1.20882
  3.15789   0.00000  -0.53934   0.00000  -0.53934   0.24837  -1.19637   0.24837  -1.19637
  3.20802   0.00000  -0.53934   0.00000  -0.53934   0.33202  -1.17973   0.33202  -1.17973
  3.25815   0.00000  -0.53934   0.00000  -0.53934   0.32202  -1.16359   0.32202  -1.16359
  3.30827   0.00000  -0.53934   0.00000  -0.53934   0.60739  -1.13314   0.60739  -1.13314
  3.35840   0.00000  -0.53934   0.00000  -0.53934   0.53088  -1.10653   0.53088  -1.10653
  3.40852   0.00000  -0.53934   0.00000  -0.53934   0.43709  -1.08462   0.43709  -1.08462
  3.45865   0.00000  -0.53934   0.00000  -0.53934   0.15923  -1.07664   0.15923  -1.07664
  3.50877   0.00000  -0.53934   0.00000  -0.53934   0.03968  -1.07465   0.03968  -1.07465
  3.55890   0.00000  -0.53934   0.00000  -0.53934   0.15173  -1.06705   0.15173  -1.06705
  3.60902   0.00000  -0.53934   0.00000  -0.53934   0.22977  -1.05553   0.22977  -1.05553
  3.65915   0.00000  -0.53934   0.00000  -0.53934   0.31489  -1.03974   0.31489  -1.03974
  3.70927   0.00000  -0.53934   0.00000  -0.53934   0.75368  -1.00197   0.75368  -1.00197
  3.75940   0.00000  -0.53934   0.00000  -0.53934   1.06993  -0.94834   1.06993  -0.94834
  3.80952   0.00000  -0.53934   0.00000  -0.53934   1.03622  -0.89640   1.03622  -0.89640
  3.85965   0.00000  -0.53934   0.00000  -0.53934   1.21904  -0.83529   1.21904  -0.83529
  3.90977   0.00000  -0.53934   0.00000  -0.53934   1.27150  -0.77156   1.27150  -0.77156
  3.95990   0.00000  -0.53934   0.00000  -0.53934   0.98303  -0.72228   0.98303  -0.72228
  4.01003   0.00000  -0.53934   0.00000  -0.53934   0.81910  -0.68122   0.81910  -0.68122
  4.06015   0.00000  -0.53934   0.00000  -0.53934   0.72183  -0.64504   0.72183  -0.64504
  4.11028   0.00000  -0.53934   0.00000  -0.53934   1.41593  -0.57407   1.41593  -0.57407
  4.16040   0.00000  -0.53934   0.00000  -0.53934   0.39442  -0.55430   0.39442  -0.55430
  4.21053   0.00000  -0.53934   0.00000  -0.53934   0.27352  -0.54059   0.27352  -0.54059
  4.26065   0.00000  -0.53934   0.00000  -0.53934   0.08158  -0.53650   0.08158  -0.53650
  4.31078   0.00000  -0.53934   0.00000  -0.53934   0.06016  -0.53348   0.06016  -0.53348
  4.36090   0.00000  -0.53934   0.00000  -0.53934   0.06501  -0.53022   0.06501  -0.53022
  4.41103   0.00000  -0.53934   0.00000  -0.53934   0.13055  -0.52368   0.13055  -0.52368
  4.46115   0.00000  -0.53934   0.00000  -0.53934   0.03449  -0.52195   0.03449  -0.52195
  4.51128   0.00000  -0.53934   0.00000  -0.53934   0.00000  -0.52195   0.00000  -0.52195
  4.56140   0.00000  -0.53934   0.00000  -0.53934   0.00000  -0.52195   0.00000  -0.52195
  4.61153   0.00000  -0.53934   0.00000  -0.53934   0.00000  -0.52195   0.00000  -0.52195
  4.66165   0.00000  -0.53934   0.00000  -0.53934   0.00000  -0.52195   0.00000  -0.52195
  4.71178   0.00000  -0.53934   0.00000  -0.53934   0.00000  -0.52195   0.00000  -0.52195
  4.76190   0.00000  -0.53934   0.00000  -0.53934   0.00000  -0.52195   0.00000  -0.52195
  4.81203   0.00000  -0.53934   0.00000  -0.53934   0.00000  -0.52195   0.00000  -0.52195
  4.86216   0.00000  -0.53934   0.00000  -0.53934   0.00000  -0.52195   0.00000  -0.52195
  4.91228   0.00000  -0.53934   0.00000  -0.53934   0.00000  -0.52195   0.00000  -0.52195
  4.96241   0.00000  -0.53934   0.00000  -0.53934   0.00000  -0.52195   0.00000  -0.52195
  5.01253   0.00000  -0.53934   0.00000  -0.53934   0.00000  -0.52195   0.00000  -0.52195
  5.06266   0.00000  -0.53934   0.00000  -0.53934   0.00000  -0.52195   0.00000  -0.52195
  5.11278   0.00000  -0.53934   0.00000  -0.53934   0.00000  -0.52195   0.00000  -0.52195
  5.16291   0.00000  -0.53934   0.00000  -0.53934   0.00000  -0.52195   0.00000  -0.52195
  5.21303   0.00000  -0.53934   0.00000  -0.53934   0.00000  -0.52195   0.00000  -0.52195
  5.26316   0.00000  -0.53934   0.00000  -0.53934   0.00000  -0.52195   0.00000  -0.52195
  5.31328   0.00000  -0.53934   0.00000  -0.53934   0.00000  -0.52195   0.00000  -0.52195
  5.36341   0.00000  -0.53934   0.00000  -0.53934   0.00000  -0.52195   0.00000  -0.52195
  5.41353   0.00000  -0.53934   0.00000  -0.53934   0.00000  -0.52195   0.00000  -0.52195
  5.46366   0.00000  -0.53934   0.00000  -0.53934   0.00000  -0.52195   0.00000  -0.52195
  5.51378   0.00000  -0.53934   0.00000  -0.53934   0.00000  -0.52195   0.00000  -0.52195
  5.56391   0.00000  -0.53934   0.00000  -0.53934   0.00000  -0.52195   0.00000  -0.52195
  5.61404   0.00000  -0.53934   0.00000  -0.53934   0.00000  -0.52195   0.00000  -0.52195
  5.66416   0.00000  -0.53934   0.00000  -0.53934   0.00000  -0.52195   0.00000  -0.52195
  5.71429   0.00000  -0.53934   0.00000  -0.53934   0.00000  -0.52195   0.00000  -0.52195
  5.76441   0.00000  -0.53934   0.00000  -0.53934   0.00000  -0.52195   0.00000  -0.52195
  5.81454   0.00000  -0.53934   0.00000  -0.53934   0.00000  -0.52195   0.00000  -0.52195
  5.86466   0.00000  -0.53934   0.00000  -0.53934   0.00000  -0.52195   0.00000  -0.52195
  5.91479   0.00000  -0.53934   0.00000  -0.53934   0.00000  -0.52195   0.00000  -0.52195
  5.96491   0.00016  -0.53933   0.00016  -0.53933   0.00000  -0.52195   0.00000  -0.52195
  6.01504   0.00215  -0.53922   0.00215  -0.53922   0.00000  -0.52195   0.00000  -0.52195
  6.06516   0.00600  -0.53892   0.00600  -0.53892   0.00000  -0.52195   0.00000  -0.52195
  6.11529   0.01017  -0.53841   0.01017  -0.53841   0.00000  -0.52195   0.00000  -0.52195
  6.16541   0.01128  -0.53785   0.01128  -0.53785   0.00000  -0.52195   0.00000  -0.52195
  6.21554   0.01058  -0.53732   0.01058  -0.53732   0.00034  -0.52193   0.00034  -0.52193
  6.26566   0.01088  -0.53677   0.01088  -0.53677   0.00298  -0.52178   0.00298  -0.52178
  6.31579   0.01336  -0.53610   0.01336  -0.53610   0.00710  -0.52143   0.00710  -0.52143
  6.36591   0.01785  -0.53521   0.01785  -0.53521   0.01091  -0.52088   0.01091  -0.52088
  6.41604   0.02622  -0.53389   0.02622  -0.53389   0.01097  -0.52033   0.01097  -0.52033
  6.46617   0.04042  -0.53187   0.04042  -0.53187   0.01037  -0.51981   0.01037  -0.51981
  6.51629   0.04262  -0.52973   0.04262  -0.52973   0.01157  -0.51923   0.01157  -0.51923
  6.56642   0.04582  -0.52744   0.04582  -0.52744   0.01490  -0.51848   0.01490  -0.51848
  6.61654   0.04578  -0.52514   0.04578  -0.52514   0.02065  -0.51745   0.02065  -0.51745
  6.66667   0.04184  -0.52304   0.04184  -0.52304   0.03444  -0.51572   0.03444  -0.51572
  6.71679   0.03830  -0.52112   0.03830  -0.52112   0.04032  -0.51370   0.04032  -0.51370
  6.76692   0.03888  -0.51918   0.03888  -0.51918   0.04161  -0.51162   0.04161  -0.51162
  6.81704   0.05356  -0.51649   0.05356  -0.51649   0.04398  -0.50941   0.04398  -0.50941
  6.86717   0.06326  -0.51332   0.06326  -0.51332   0.04040  -0.50739   0.04040  -0.50739
  6.91729   0.06080  -0.51027   0.06080  -0.51027   0.03713  -0.50553   0.03713  -0.50553
  6.96742   0.05890  -0.50732   0.05890  -0.50732   0.03510  -0.50377   0.03510  -0.50377
  7.01754   0.05625  -0.50450   0.05625  -0.50450   0.04644  -0.50144   0.04644  -0.50144
  7.06767   0.05435  -0.50178   0.05435  -0.50178   0.05940  -0.49846   0.05940  -0.49846
  7.11779   0.05133  -0.49920   0.05133  -0.49920   0.05841  -0.49553   0.05841  -0.49553
  7.16792   0.05175  -0.49661   0.05175  -0.49661   0.05205  -0.49292   0.05205  -0.49292
  7.21805   0.05729  -0.49374   0.05729  -0.49374   0.05098  -0.49037   0.05098  -0.49037
  7.26817   0.06175  -0.49064   0.06175  -0.49064   0.05392  -0.48767   0.05392  -0.48767
  7.31830   0.06128  -0.48757   0.06128  -0.48757   0.05308  -0.48501   0.05308  -0.48501
  7.36842   0.06337  -0.48439   0.06337  -0.48439   0.05157  -0.48242   0.05157  -0.48242
  7.41855   0.07033  -0.48087   0.07033  -0.48087   0.05171  -0.47983   0.05171  -0.47983
  7.46867   0.05579  -0.47807   0.05579  -0.47807   0.05367  -0.47714   0.05367  -0.47714
  7.51880   0.04638  -0.47575   0.04638  -0.47575   0.06290  -0.47399   0.06290  -0.47399
  7.56892   0.06735  -0.47237   0.06735  -0.47237   0.06696  -0.47063   0.06696  -0.47063
  7.61905   0.08753  -0.46798   0.08753  -0.46798   0.07134  -0.46705   0.07134  -0.46705
  7.66917   0.06666  -0.46464   0.06666  -0.46464   0.06121  -0.46398   0.06121  -0.46398
  7.71930   0.04982  -0.46214   0.04982  -0.46214   0.05325  -0.46132   0.05325  -0.46132
  7.76942   0.05584  -0.45935   0.05584  -0.45935   0.05150  -0.45873   0.05150  -0.45873
  7.81955   0.07102  -0.45579   0.07102  -0.45579   0.07256  -0.45510   0.07256  -0.45510
  7.86967   0.07953  -0.45180   0.07953  -0.45180   0.08450  -0.45086   0.08450  -0.45086
  7.91980   0.08503  -0.44754   0.08503  -0.44754   0.05355  -0.44818   0.05355  -0.44818
  7.96992   0.08043  -0.44351   0.08043  -0.44351   0.05481  -0.44543   0.05481  -0.44543
  8.02005   0.09228  -0.43888   0.09228  -0.43888   0.07147  -0.44185   0.07147  -0.44185
  8.07018   0.09907  -0.43391   0.09907  -0.43391   0.08481  -0.43760   0.08481  -0.43760
  8.12030   0.09585  -0.42911   0.09585  -0.42911   0.07826  -0.43367   0.07826  -0.43367
  8.17043   0.10519  -0.42384   0.10519  -0.42384   0.08888  -0.42922   0.08888  -0.42922
  8.22055   0.10467  -0.41859   0.10467  -0.41859   0.09369  -0.42452   0.09369  -0.42452
  8.27068   0.13400  -0.41187   0.13400  -0.41187   0.08890  -0.42007   0.08890  -0.42007
  8.32080   0.12289  -0.40571   0.12289  -0.40571   0.10057  -0.41502   0.10057  -0.41502
  8.37093   0.10560  -0.40042   0.10560  -0.40042   0.09530  -0.41025   0.09530  -0.41025
  8.42105   0.09462  -0.39568   0.09462  -0.39568   0.11202  -0.40463   0.11202  -0.40463
  8.47118   0.10166  -0.39058   0.10166  -0.39058   0.11206  -0.39902   0.11206  -0.39902
  8.52130   0.13488  -0.38382   0.13488  -0.38382   0.11161  -0.39342   0.11161  -0.39342
  8.57143   0.09838  -0.37889   0.09838  -0.37889   0.08617  -0.38910   0.08617  -0.38910
  8.62155   0.12864  -0.37244   0.12864  -0.37244   0.11455  -0.38336   0.11455  -0.38336
  8.67168   0.15606  -0.36462   0.15606  -0.36462   0.09136  -0.37878   0.09136  -0.37878
  8.72180   0.14619  -0.35729   0.14619  -0.35729   0.09968  -0.37378   0.09968  -0.37378
  8.77193   0.11911  -0.35132   0.11911  -0.35132   0.13276  -0.36713   0.13276  -0.36713
  8.82206   0.13906  -0.34435   0.13906  -0.34435   0.15159  -0.35953   0.15159  -0.35953
  8.87218   0.13096  -0.33779   0.13096  -0.33779   0.13465  -0.35278   0.13465  -0.35278
  8.92231   0.11255  -0.33215   0.11255  -0.33215   0.13739  -0.34590   0.13739  -0.34590
  8.97243   0.11385  -0.32644   0.11385  -0.32644   0.13002  -0.33938   0.13002  -0.33938
  9.02256   0.12928  -0.31996   0.12928  -0.31996   0.12093  -0.33332   0.12093  -0.33332
  9.07268   0.12092  -0.31390   0.12092  -0.31390   0.12604  -0.32700   0.12604  -0.32700
  9.12281   0.14963  -0.30640   0.14963  -0.30640   0.12721  -0.32062   0.12721  -0.32062
  9.17293   0.08797  -0.30199   0.08797  -0.30199   0.12529  -0.31434   0.12529  -0.31434
  9.22306   0.09598  -0.29718   0.09598  -0.29718   0.12018  -0.30832   0.12018  -0.30832
  9.27318   0.11491  -0.29142   0.11491  -0.29142   0.12811  -0.30190   0.12811  -0.30190
  9.32331   0.12104  -0.28535   0.12104  -0.28535   0.07856  -0.29796   0.07856  -0.29796
  9.37343   0.11508  -0.27958   0.11508  -0.27958   0.09893  -0.29300   0.09893  -0.29300
  9.42356   0.09560  -0.27479   0.09560  -0.27479   0.11787  -0.28709   0.11787  -0.28709
  9.47368   0.08689  -0.27043   0.08689  -0.27043   0.12592  -0.28078   0.12592  -0.28078
  9.52381   0.09258  -0.26579   0.09258  -0.26579   0.12124  -0.27470   0.12124  -0.27470
  9.57393   0.09933  -0.26081   0.09933  -0.26081   0.08829  -0.27028   0.08829  -0.27028
  9.62406   0.12347  -0.25462   0.12347  -0.25462   0.09557  -0.26549   0.09557  -0.26549
  9.67419   0.11944  -0.24864   0.11944  -0.24864   0.10257  -0.26034   0.10257  -0.26034
  9.72431   0.10060  -0.24360   0.10060  -0.24360   0.10193  -0.25524   0.10193  -0.25524
  9.77444   0.09922  -0.23862   0.09922  -0.23862   0.12402  -0.24902   0.12402  -0.24902
  9.82456   0.08886  -0.23417   0.08886  -0.23417   0.11165  -0.24342   0.11165  -0.24342
  9.87469   0.08732  -0.22979   0.08732  -0.22979   0.09108  -0.23886   0.09108  -0.23886
  9.92481   0.10013  -0.22477   0.10013  -0.22477   0.09387  -0.23415   0.09387  -0.23415
  9.97494   0.08757  -0.22038   0.08757  -0.22038   0.08875  -0.22970   0.08875  -0.22970
 10.02506   0.09724  -0.21551   0.09724  -0.21551   0.09615  -0.22488   0.09615  -0.22488