ESCALE ; pCOHP file generated by LOBSTER. Energy is shifted such that the Fermi level lies at 0 eV.
         2          2        401  -5.82964e+00   1.42205e+01   4.19543e+00 
Average
No.1:Mn45->O73(1.9212820133602491)
-10.02506   0.00000  -0.72154   0.00000  -0.72154   0.00000  -0.71610   0.00000  -0.71610
 -9.97494   0.00000  -0.72154   0.00000  -0.72154   0.00000  -0.71610   0.00000  -0.71610
 -9.92481   0.00000  -0.72154   0.00000  -0.72154   0.00000  -0.71610   0.00000  -0.71610
 -9.87469   0.00000  -0.72154   0.00000  -0.72154   0.00000  -0.71610   0.00000  -0.71610
 -9.82456   0.00000  -0.72154   0.00000  -0.72154   0.00000  -0.71610   0.00000  -0.71610
 -9.77444   0.00000  -0.72154   0.00000  -0.72154   0.00000  -0.71610   0.00000  -0.71610
 -9.72431   0.00000  -0.72154   0.00000  -0.72154   0.00000  -0.71610   0.00000  -0.71610
 -9.67419   0.00000  -0.72154   0.00000  -0.72154   0.00000  -0.71610   0.00000  -0.71610
 -9.62406   0.00000  -0.72154   0.00000  -0.72154   0.00000  -0.71610   0.00000  -0.71610
 -9.57393   0.00000  -0.72154   0.00000  -0.72154   0.00000  -0.71610   0.00000  -0.71610
 -9.52381   0.00000  -0.72154   0.00000  -0.72154   0.00000  -0.71610   0.00000  -0.71610
 -9.47368   0.00000  -0.72154   0.00000  -0.72154   0.00000  -0.71610   0.00000  -0.71610
 -9.42356   0.00000  -0.72154   0.00000  -0.72154   0.00000  -0.71610   0.00000  -0.71610
 -9.37343   0.00000  -0.72154   0.00000  -0.72154   0.00000  -0.71610   0.00000  -0.71610
 -9.32331   0.00000  -0.72154   0.00000  -0.72154   0.00000  -0.71610   0.00000  -0.71610
 -9.27318   0.00000  -0.72154   0.00000  -0.72154   0.00000  -0.71610   0.00000  -0.71610
 -9.22306   0.00000  -0.72154   0.00000  -0.72154   0.00000  -0.71610   0.00000  -0.71610
 -9.17293   0.00000  -0.72154   0.00000  -0.72154   0.00000  -0.71610   0.00000  -0.71610
 -9.12281   0.00000  -0.72154   0.00000  -0.72154   0.00000  -0.71610   0.00000  -0.71610
 -9.07268   0.00000  -0.72154   0.00000  -0.72154   0.00000  -0.71610   0.00000  -0.71610
 -9.02256   0.00000  -0.72154   0.00000  -0.72154   0.00000  -0.71610   0.00000  -0.71610
 -8.97243   0.00000  -0.72154   0.00000  -0.72154   0.00000  -0.71610   0.00000  -0.71610
 -8.92231   0.00000  -0.72154   0.00000  -0.72154   0.00000  -0.71610   0.00000  -0.71610
 -8.87218   0.00000  -0.72154   0.00000  -0.72154   0.00000  -0.71610   0.00000  -0.71610
 -8.82206   0.00000  -0.72154   0.00000  -0.72154   0.00000  -0.71610   0.00000  -0.71610
 -8.77193   0.00000  -0.72154   0.00000  -0.72154   0.00000  -0.71610   0.00000  -0.71610
 -8.72180   0.00000  -0.72154   0.00000  -0.72154   0.00000  -0.71610   0.00000  -0.71610
 -8.67168   0.00000  -0.72154   0.00000  -0.72154   0.00000  -0.71610   0.00000  -0.71610
 -8.62155   0.00000  -0.72154   0.00000  -0.72154   0.00000  -0.71610   0.00000  -0.71610
 -8.57143   0.00000  -0.72154   0.00000  -0.72154   0.00000  -0.71610   0.00000  -0.71610
 -8.52130   0.00000  -0.72154   0.00000  -0.72154   0.00000  -0.71610   0.00000  -0.71610
 -8.47118   0.00000  -0.72154   0.00000  -0.72154   0.00000  -0.71610   0.00000  -0.71610
 -8.42105   0.00000  -0.72154   0.00000  -0.72154   0.00000  -0.71610   0.00000  -0.71610
 -8.37093   0.00000  -0.72154   0.00000  -0.72154   0.00000  -0.71610   0.00000  -0.71610
 -8.32080   0.00000  -0.72154   0.00000  -0.72154   0.00000  -0.71610   0.00000  -0.71610
 -8.27068   0.00000  -0.72154   0.00000  -0.72154   0.00000  -0.71610   0.00000  -0.71610
 -8.22055   0.00000  -0.72154   0.00000  -0.72154   0.00000  -0.71610   0.00000  -0.71610
 -8.17043   0.00000  -0.72154   0.00000  -0.72154   0.00000  -0.71610   0.00000  -0.71610
 -8.12030   0.00000  -0.72154   0.00000  -0.72154   0.00000  -0.71610   0.00000  -0.71610
 -8.07018   0.00000  -0.72154   0.00000  -0.72154   0.00000  -0.71610   0.00000  -0.71610
 -8.02005   0.00000  -0.72154   0.00000  -0.72154   0.00000  -0.71610   0.00000  -0.71610
 -7.96992   0.00000  -0.72154   0.00000  -0.72154   0.00000  -0.71610   0.00000  -0.71610
 -7.91980   0.00000  -0.72154   0.00000  -0.72154   0.00000  -0.71610   0.00000  -0.71610
 -7.86967   0.00000  -0.72154   0.00000  -0.72154   0.00000  -0.71610   0.00000  -0.71610
 -7.81955   0.00000  -0.72154   0.00000  -0.72154   0.00000  -0.71610   0.00000  -0.71610
 -7.76942   0.00000  -0.72154   0.00000  -0.72154   0.00000  -0.71610   0.00000  -0.71610
 -7.71930   0.00000  -0.72154   0.00000  -0.72154   0.00000  -0.71610   0.00000  -0.71610
 -7.66917   0.00000  -0.72154   0.00000  -0.72154   0.00000  -0.71610   0.00000  -0.71610
 -7.61905   0.00000  -0.72154   0.00000  -0.72154   0.00000  -0.71610   0.00000  -0.71610
 -7.56892   0.00000  -0.72154   0.00000  -0.72154   0.00000  -0.71610   0.00000  -0.71610
 -7.51880   0.00000  -0.72154   0.00000  -0.72154   0.00000  -0.71610   0.00000  -0.71610
 -7.46867   0.00000  -0.72154   0.00000  -0.72154   0.00000  -0.71610   0.00000  -0.71610
 -7.41855   0.00000  -0.72154   0.00000  -0.72154   0.00000  -0.71610   0.00000  -0.71610
 -7.36842   0.00000  -0.72154   0.00000  -0.72154   0.00000  -0.71610   0.00000  -0.71610
 -7.31830   0.00000  -0.72154   0.00000  -0.72154   0.00000  -0.71610   0.00000  -0.71610
 -7.26817   0.00000  -0.72154   0.00000  -0.72154   0.00000  -0.71610   0.00000  -0.71610
 -7.21805   0.00000  -0.72154   0.00000  -0.72154   0.00000  -0.71610   0.00000  -0.71610
 -7.16792   0.00000  -0.72154   0.00000  -0.72154   0.00000  -0.71610   0.00000  -0.71610
 -7.11779   0.00000  -0.72154   0.00000  -0.72154   0.00000  -0.71610   0.00000  -0.71610
 -7.06767  -0.00503  -0.72179  -0.00503  -0.72179   0.00000  -0.71610   0.00000  -0.71610
 -7.01754  -0.02790  -0.72319  -0.02790  -0.72319   0.00000  -0.71610   0.00000  -0.71610
 -6.96742  -0.03570  -0.72498  -0.03570  -0.72498   0.00000  -0.71610   0.00000  -0.71610
 -6.91729  -0.04602  -0.72728  -0.04602  -0.72728   0.00000  -0.71610   0.00000  -0.71610
 -6.86717  -0.25743  -0.74019  -0.25743  -0.74019   0.00000  -0.71610   0.00000  -0.71610
 -6.81704  -0.19868  -0.75015  -0.19868  -0.75015   0.00000  -0.71610   0.00000  -0.71610
 -6.76692  -0.10072  -0.75520  -0.10072  -0.75520   0.00000  -0.71610   0.00000  -0.71610
 -6.71679  -0.19275  -0.76486  -0.19275  -0.76486   0.00000  -0.71610   0.00000  -0.71610
 -6.66667  -0.37527  -0.78367  -0.37527  -0.78367   0.00000  -0.71610   0.00000  -0.71610
 -6.61654  -0.36034  -0.80173  -0.36034  -0.80173   0.00000  -0.71610   0.00000  -0.71610
 -6.56642  -0.37971  -0.82076  -0.37971  -0.82076   0.00000  -0.71610   0.00000  -0.71610
 -6.51629  -0.38358  -0.83999  -0.38358  -0.83999   0.00000  -0.71610   0.00000  -0.71610
 -6.46617  -0.30876  -0.85547  -0.30876  -0.85547   0.00000  -0.71610   0.00000  -0.71610
 -6.41604  -0.30062  -0.87054  -0.30062  -0.87054   0.00000  -0.71610   0.00000  -0.71610
 -6.36591  -0.34042  -0.88760  -0.34042  -0.88760   0.00000  -0.71610   0.00000  -0.71610
 -6.31579  -0.23142  -0.89920  -0.23142  -0.89920   0.00000  -0.71610   0.00000  -0.71610
 -6.26566  -0.15489  -0.90696  -0.15489  -0.90696   0.00000  -0.71610   0.00000  -0.71610
 -6.21554  -0.16788  -0.91538  -0.16788  -0.91538   0.00000  -0.71610   0.00000  -0.71610
 -6.16541  -0.16179  -0.92349  -0.16179  -0.92349   0.00000  -0.71610   0.00000  -0.71610
 -6.11529  -0.18941  -0.93298  -0.18941  -0.93298   0.00000  -0.71610   0.00000  -0.71610
 -6.06516  -0.39628  -0.95285  -0.39628  -0.95285   0.00000  -0.71610   0.00000  -0.71610
 -6.01504  -0.45333  -0.97557  -0.45333  -0.97557   0.00000  -0.71610   0.00000  -0.71610
 -5.96491  -0.37199  -0.99422  -0.37199  -0.99422   0.00000  -0.71610   0.00000  -0.71610
 -5.91479  -0.64268  -1.02643  -0.64268  -1.02643   0.00000  -0.71610   0.00000  -0.71610
 -5.86466  -0.39987  -1.04647  -0.39987  -1.04647   0.00000  -0.71610   0.00000  -0.71610
 -5.81454  -0.36143  -1.06459  -0.36143  -1.06459   0.00000  -0.71610   0.00000  -0.71610
 -5.76441  -0.30709  -1.07998  -0.30709  -1.07998   0.00000  -0.71610   0.00000  -0.71610
 -5.71429  -0.31343  -1.09569  -0.31343  -1.09569  -0.00136  -0.71616  -0.00136  -0.71616
 -5.66416  -0.29657  -1.11056  -0.29657  -1.11056  -0.03512  -0.71792  -0.03512  -0.71792
 -5.61404  -0.31177  -1.12619  -0.31177  -1.12619  -0.06158  -0.72101  -0.06158  -0.72101
 -5.56391  -0.20604  -1.13652  -0.20604  -1.13652  -0.10955  -0.72650  -0.10955  -0.72650
 -5.51378  -0.14771  -1.14392  -0.14771  -1.14392  -0.07804  -0.73041  -0.07804  -0.73041
 -5.46366  -0.16335  -1.15211  -0.16335  -1.15211  -0.08875  -0.73486  -0.08875  -0.73486
 -5.41353  -0.36997  -1.17065  -0.36997  -1.17065  -0.13230  -0.74149  -0.13230  -0.74149
 -5.36341  -0.53719  -1.19758  -0.53719  -1.19758  -0.11819  -0.74742  -0.11819  -0.74742
 -5.31328  -0.62868  -1.22909  -0.62868  -1.22909  -0.09229  -0.75204  -0.09229  -0.75204
 -5.26316  -0.36065  -1.24717  -0.36065  -1.24717  -0.08417  -0.75626  -0.08417  -0.75626
 -5.21303  -0.38547  -1.26649  -0.38547  -1.26649  -0.09482  -0.76102  -0.09482  -0.76102
 -5.16291  -0.30767  -1.28191  -0.30767  -1.28191  -0.11628  -0.76684  -0.11628  -0.76684
 -5.11278  -0.25708  -1.29480  -0.25708  -1.29480  -0.13710  -0.77372  -0.13710  -0.77372
 -5.06266  -0.26848  -1.30826  -0.26848  -1.30826  -0.14320  -0.78089  -0.14320  -0.78089
 -5.01253  -0.39410  -1.32801  -0.39410  -1.32801  -0.11188  -0.78650  -0.11188  -0.78650
 -4.96241  -0.28854  -1.34248  -0.28854  -1.34248  -0.17585  -0.79532  -0.17585  -0.79532
 -4.91228  -0.31144  -1.35809  -0.31144  -1.35809  -0.19091  -0.80489  -0.19091  -0.80489
 -4.86216  -0.28642  -1.37244  -0.28642  -1.37244  -0.16725  -0.81327  -0.16725  -0.81327
 -4.81203  -0.29705  -1.38733  -0.29705  -1.38733  -0.25536  -0.82607  -0.25536  -0.82607
 -4.76190  -0.21121  -1.39792  -0.21121  -1.39792  -0.30870  -0.84154  -0.30870  -0.84154
 -4.71178  -0.19231  -1.40756  -0.19231  -1.40756  -0.39122  -0.86115  -0.39122  -0.86115
 -4.66165  -0.23526  -1.41935  -0.23526  -1.41935  -0.34535  -0.87846  -0.34535  -0.87846
 -4.61153  -0.37577  -1.43819  -0.37577  -1.43819  -0.46383  -0.90171  -0.46383  -0.90171
 -4.56140  -0.40766  -1.45862  -0.40766  -1.45862  -0.38312  -0.92092  -0.38312  -0.92092
 -4.51128  -0.43999  -1.48068  -0.43999  -1.48068  -0.40269  -0.94110  -0.40269  -0.94110
 -4.46115  -0.42427  -1.50194  -0.42427  -1.50194  -0.36870  -0.95958  -0.36870  -0.95958
 -4.41103  -0.33633  -1.51880  -0.33633  -1.51880  -0.28502  -0.97387  -0.28502  -0.97387
 -4.36090  -0.24716  -1.53119  -0.24716  -1.53119  -0.34206  -0.99102  -0.34206  -0.99102
 -4.31078  -0.13878  -1.53815  -0.13878  -1.53815  -0.33903  -1.00801  -0.33903  -1.00801
 -4.26065  -0.08789  -1.54255  -0.08789  -1.54255  -0.25550  -1.02082  -0.25550  -1.02082
 -4.21053  -0.08540  -1.54683  -0.08540  -1.54683  -0.24999  -1.03335  -0.24999  -1.03335
 -4.16040   0.01365  -1.54615   0.01365  -1.54615  -0.35756  -1.05127  -0.35756  -1.05127
 -4.11028  -0.02199  -1.54725  -0.02199  -1.54725  -0.30448  -1.06653  -0.30448  -1.06653
 -4.06015   0.01358  -1.54657   0.01358  -1.54657  -0.37864  -1.08551  -0.37864  -1.08551
 -4.01003   0.05046  -1.54404   0.05046  -1.54404  -0.37215  -1.10417  -0.37215  -1.10417
 -3.95990  -0.00575  -1.54433  -0.00575  -1.54433  -0.46870  -1.12766  -0.46870  -1.12766
 -3.90977   0.00421  -1.54412   0.00421  -1.54412  -0.51790  -1.15362  -0.51790  -1.15362
 -3.85965  -0.10682  -1.54947  -0.10682  -1.54947  -0.61219  -1.18431  -0.61219  -1.18431
 -3.80952  -0.03655  -1.55131  -0.03655  -1.55131  -0.54559  -1.21166  -0.54559  -1.21166
 -3.75940   0.00546  -1.55103   0.00546  -1.55103  -0.47228  -1.23533  -0.47228  -1.23533
 -3.70927  -0.00024  -1.55104  -0.00024  -1.55104  -0.42539  -1.25665  -0.42539  -1.25665
 -3.65915  -0.02073  -1.55208  -0.02073  -1.55208  -0.34415  -1.27390  -0.34415  -1.27390
 -3.60902  -0.03031  -1.55360  -0.03031  -1.55360  -0.29040  -1.28846  -0.29040  -1.28846
 -3.55890  -0.05130  -1.55617  -0.05130  -1.55617  -0.22719  -1.29985  -0.22719  -1.29985
 -3.50877  -0.00937  -1.55664  -0.00937  -1.55664  -0.20944  -1.31034  -0.20944  -1.31034
 -3.45865   0.02306  -1.55549   0.02306  -1.55549  -0.16252  -1.31849  -0.16252  -1.31849
 -3.40852   0.02436  -1.55427   0.02436  -1.55427  -0.20080  -1.32856  -0.20080  -1.32856
 -3.35840   0.04896  -1.55181   0.04896  -1.55181  -0.29141  -1.34316  -0.29141  -1.34316
 -3.30827   0.01841  -1.55089   0.01841  -1.55089  -0.25434  -1.35591  -0.25434  -1.35591
 -3.25815   0.03426  -1.54917   0.03426  -1.54917  -0.18436  -1.36515  -0.18436  -1.36515
 -3.20802   0.18924  -1.53969   0.18924  -1.53969  -0.14271  -1.37231  -0.14271  -1.37231
 -3.15789   0.12285  -1.53353   0.12285  -1.53353  -0.14981  -1.37981  -0.14981  -1.37981
 -3.10777   0.03236  -1.53191   0.03236  -1.53191  -0.18225  -1.38895  -0.18225  -1.38895
 -3.05764   0.02745  -1.53053   0.02745  -1.53053  -0.16524  -1.39723  -0.16524  -1.39723
 -3.00752   0.03553  -1.52875   0.03553  -1.52875  -0.13416  -1.40396  -0.13416  -1.40396
 -2.95739   0.05532  -1.52598   0.05532  -1.52598  -0.13733  -1.41084  -0.13733  -1.41084
 -2.90727   0.07687  -1.52212   0.07687  -1.52212  -0.15964  -1.41884  -0.15964  -1.41884
 -2.85714   0.07748  -1.51824   0.07748  -1.51824  -0.21877  -1.42981  -0.21877  -1.42981
 -2.80702   0.04570  -1.51595   0.04570  -1.51595  -0.20746  -1.44021  -0.20746  -1.44021
 -2.75689   0.05000  -1.51344   0.05000  -1.51344  -0.17067  -1.44876  -0.17067  -1.44876
 -2.70677   0.07012  -1.50993   0.07012  -1.50993  -0.13825  -1.45569  -0.13825  -1.45569
 -2.65664   0.08231  -1.50580   0.08231  -1.50580  -0.06892  -1.45915  -0.06892  -1.45915
 -2.60652   0.07637  -1.50198   0.07637  -1.50198  -0.06478  -1.46239  -0.06478  -1.46239
 -2.55639   0.10265  -1.49683   0.10265  -1.49683  -0.06868  -1.46584  -0.06868  -1.46584
 -2.50627   0.08517  -1.49256   0.08517  -1.49256  -0.05488  -1.46859  -0.05488  -1.46859
 -2.45614   0.06977  -1.48906   0.06977  -1.48906  -0.08306  -1.47275  -0.08306  -1.47275
 -2.40602   0.07682  -1.48521   0.07682  -1.48521  -0.05011  -1.47526  -0.05011  -1.47526
 -2.35589   0.10426  -1.47999   0.10426  -1.47999  -0.11133  -1.48084  -0.11133  -1.48084
 -2.30576   0.10800  -1.47457   0.10800  -1.47457  -0.08468  -1.48509  -0.08468  -1.48509
 -2.25564   0.20080  -1.46451   0.20080  -1.46451  -0.07402  -1.48880  -0.07402  -1.48880
 -2.20551   0.21791  -1.45358   0.21791  -1.45358  -0.01337  -1.48947  -0.01337  -1.48947
 -2.15539   0.22397  -1.44236   0.22397  -1.44236  -0.01531  -1.49024  -0.01531  -1.49024
 -2.10526   0.21487  -1.43159   0.21487  -1.43159  -0.00006  -1.49024  -0.00006  -1.49024
 -2.05514   0.19112  -1.42201   0.19112  -1.42201  -0.01685  -1.49108  -0.01685  -1.49108
 -2.00501   0.24148  -1.40990   0.24148  -1.40990  -0.03584  -1.49288  -0.03584  -1.49288
 -1.95489   0.21842  -1.39895   0.21842  -1.39895  -0.00724  -1.49324  -0.00724  -1.49324
 -1.90476   0.19168  -1.38935   0.19168  -1.38935  -0.00851  -1.49367  -0.00851  -1.49367
 -1.85464   0.24122  -1.37726   0.24122  -1.37726  -0.00319  -1.49383  -0.00319  -1.49383
 -1.80451   0.19435  -1.36751   0.19435  -1.36751  -0.00346  -1.49400  -0.00346  -1.49400
 -1.75439   0.22789  -1.35609   0.22789  -1.35609   0.05834  -1.49108   0.05834  -1.49108
 -1.70426   0.21026  -1.34555   0.21026  -1.34555   0.07138  -1.48750   0.07138  -1.48750
 -1.65414   0.14688  -1.33819   0.14688  -1.33819   0.08120  -1.48343   0.08120  -1.48343
 -1.60401   0.13594  -1.33138   0.13594  -1.33138   0.07093  -1.47987   0.07093  -1.47987
 -1.55388   0.12280  -1.32522   0.12280  -1.32522   0.07000  -1.47637   0.07000  -1.47637
 -1.50376   0.10881  -1.31977   0.10881  -1.31977   0.05210  -1.47375   0.05210  -1.47375
 -1.45363   0.10627  -1.31444   0.10627  -1.31444   0.04527  -1.47149   0.04527  -1.47149
 -1.40351   0.12329  -1.30826   0.12329  -1.30826   0.03373  -1.46979   0.03373  -1.46979
 -1.35338   0.13575  -1.30145   0.13575  -1.30145   0.00603  -1.46949   0.00603  -1.46949
 -1.30326   0.09366  -1.29676   0.09366  -1.29676  -0.02402  -1.47070  -0.02402  -1.47070
 -1.25313   0.12387  -1.29055   0.12387  -1.29055  -0.04937  -1.47317  -0.04937  -1.47317
 -1.20301   0.14199  -1.28343   0.14199  -1.28343  -0.04355  -1.47535  -0.04355  -1.47535
 -1.15288   0.18003  -1.27441   0.18003  -1.27441  -0.04808  -1.47776  -0.04808  -1.47776
 -1.10276   0.17471  -1.26565   0.17471  -1.26565  -0.03731  -1.47963  -0.03731  -1.47963
 -1.05263   0.19652  -1.25580   0.19652  -1.25580  -0.03983  -1.48163  -0.03983  -1.48163
 -1.00251   0.14422  -1.24857   0.14422  -1.24857  -0.06029  -1.48465  -0.06029  -1.48465
 -0.95238   0.12406  -1.24235   0.12406  -1.24235  -0.09129  -1.48923  -0.09129  -1.48923
 -0.90226   0.15349  -1.23466   0.15349  -1.23466  -0.05754  -1.49211  -0.05754  -1.49211
 -0.85213   0.17464  -1.22590   0.17464  -1.22590  -0.08476  -1.49636  -0.08476  -1.49636
 -0.80201   0.10830  -1.22048   0.10830  -1.22048  -0.04707  -1.49872  -0.04707  -1.49872
 -0.75188   0.11058  -1.21493   0.11058  -1.21493  -0.12014  -1.50474  -0.12014  -1.50474
 -0.70175   0.12251  -1.20879   0.12251  -1.20879  -0.19261  -1.51440  -0.19261  -1.51440
 -0.65163   0.04753  -1.20641   0.04753  -1.20641  -0.09854  -1.51934  -0.09854  -1.51934
 -0.60150   0.03246  -1.20478   0.03246  -1.20478   0.00000  -1.51934   0.00000  -1.51934
 -0.55138   0.03354  -1.20310   0.03354  -1.20310   0.00000  -1.51934   0.00000  -1.51934
 -0.50125   0.01699  -1.20225   0.01699  -1.20225   0.00000  -1.51934   0.00000  -1.51934
 -0.45113   0.01155  -1.20167   0.01155  -1.20167   0.00000  -1.51934   0.00000  -1.51934
 -0.40100   0.01269  -1.20103   0.01269  -1.20103   0.00000  -1.51934   0.00000  -1.51934
 -0.35088   0.01969  -1.20005   0.01969  -1.20005   0.00000  -1.51934   0.00000  -1.51934
 -0.30075   0.00489  -1.19980   0.00489  -1.19980   0.00000  -1.51934   0.00000  -1.51934
 -0.25063   0.00067  -1.19977   0.00067  -1.19977   0.00000  -1.51934   0.00000  -1.51934
 -0.20050   0.00072  -1.19973   0.00072  -1.19973   0.00000  -1.51934   0.00000  -1.51934
 -0.15038   0.00009  -1.19973   0.00009  -1.19973   0.00000  -1.51934   0.00000  -1.51934
 -0.10025   0.00020  -1.19972   0.00020  -1.19972   0.00000  -1.51934   0.00000  -1.51934
 -0.05013   0.00037  -1.19970   0.00037  -1.19970   0.00000  -1.51934   0.00000  -1.51934
  0.00000   0.00082  -1.19966   0.00082  -1.19966   0.00000  -1.51934   0.00000  -1.51934
  0.05013   0.00000  -1.19966   0.00000  -1.19966   0.00000  -1.51934   0.00000  -1.51934
  0.10025   0.00000  -1.19966   0.00000  -1.19966   0.00000  -1.51934   0.00000  -1.51934
  0.15038   0.00000  -1.19966   0.00000  -1.19966   0.00000  -1.51934   0.00000  -1.51934
  0.20050   0.00000  -1.19966   0.00000  -1.19966   0.00000  -1.51934   0.00000  -1.51934
  0.25063   0.00000  -1.19966   0.00000  -1.19966   0.00000  -1.51934   0.00000  -1.51934
  0.30075   0.00000  -1.19966   0.00000  -1.19966   0.00000  -1.51934   0.00000  -1.51934
  0.35088   0.00000  -1.19966   0.00000  -1.19966   0.00000  -1.51934   0.00000  -1.51934
  0.40100   0.00000  -1.19966   0.00000  -1.19966   0.00000  -1.51934   0.00000  -1.51934
  0.45113   0.00000  -1.19966   0.00000  -1.19966   0.00000  -1.51934   0.00000  -1.51934
  0.50125   0.00000  -1.19966   0.00000  -1.19966   0.00000  -1.51934   0.00000  -1.51934
  0.55138   0.00000  -1.19966   0.00000  -1.19966   0.00000  -1.51934   0.00000  -1.51934
  0.60150   0.00000  -1.19966   0.00000  -1.19966   0.00000  -1.51934   0.00000  -1.51934
  0.65163   0.00000  -1.19966   0.00000  -1.19966   0.00000  -1.51934   0.00000  -1.51934
  0.70175   0.00000  -1.19966   0.00000  -1.19966   0.00000  -1.51934   0.00000  -1.51934
  0.75188   0.00000  -1.19966   0.00000  -1.19966   0.00000  -1.51934   0.00000  -1.51934
  0.80201   0.00000  -1.19966   0.00000  -1.19966   0.00000  -1.51934   0.00000  -1.51934
  0.85213   0.00000  -1.19966   0.00000  -1.19966   0.00000  -1.51934   0.00000  -1.51934
  0.90226   0.00000  -1.19966   0.00000  -1.19966   0.00000  -1.51934   0.00000  -1.51934
  0.95238   0.00000  -1.19966   0.00000  -1.19966   0.00000  -1.51934   0.00000  -1.51934
  1.00251   0.11815  -1.19374   0.11815  -1.19374   0.00000  -1.51934   0.00000  -1.51934
  1.05263   0.24887  -1.18126   0.24887  -1.18126   0.00000  -1.51934   0.00000  -1.51934
  1.10276   0.50076  -1.15616   0.50076  -1.15616   0.00000  -1.51934   0.00000  -1.51934
  1.15288   0.59398  -1.12639   0.59398  -1.12639   0.00000  -1.51934   0.00000  -1.51934
  1.20301   0.71209  -1.09069   0.71209  -1.09069   0.00000  -1.51934   0.00000  -1.51934
  1.25313   0.56438  -1.06240   0.56438  -1.06240   0.00000  -1.51934   0.00000  -1.51934
  1.30326   0.65060  -1.02979   0.65060  -1.02979   0.00000  -1.51934   0.00000  -1.51934
  1.35338   0.90117  -0.98462   0.90117  -0.98462   0.00000  -1.51934   0.00000  -1.51934
  1.40351   1.15055  -0.92695   1.15055  -0.92695   0.00000  -1.51934   0.00000  -1.51934
  1.45363   1.02028  -0.87581   1.02028  -0.87581   0.00000  -1.51934   0.00000  -1.51934
  1.50376   0.75455  -0.83799   0.75455  -0.83799   0.00000  -1.51934   0.00000  -1.51934
  1.55388   0.57471  -0.80918   0.57471  -0.80918   0.00000  -1.51934   0.00000  -1.51934
  1.60401   0.53955  -0.78213   0.53955  -0.78213   0.00000  -1.51934   0.00000  -1.51934
  1.65414   0.39584  -0.76229   0.39584  -0.76229   0.00000  -1.51934   0.00000  -1.51934
  1.70426   0.35242  -0.74463   0.35242  -0.74463   0.00000  -1.51934   0.00000  -1.51934
  1.75439   0.24784  -0.73220   0.24784  -0.73220   0.00000  -1.51934   0.00000  -1.51934
  1.80451   0.42339  -0.71098   0.42339  -0.71098   0.00000  -1.51934   0.00000  -1.51934
  1.85464   0.87660  -0.66704   0.87660  -0.66704   0.00000  -1.51934   0.00000  -1.51934
  1.90476   1.07866  -0.61297   1.07866  -0.61297   0.00000  -1.51934   0.00000  -1.51934
  1.95489   0.58892  -0.58345   0.58892  -0.58345   0.00000  -1.51934   0.00000  -1.51934
  2.00501   0.30774  -0.56803   0.30774  -0.56803   0.00000  -1.51934   0.00000  -1.51934
  2.05514   0.24448  -0.55577   0.24448  -0.55577   0.00000  -1.51934   0.00000  -1.51934
  2.10526   0.07275  -0.55213   0.07275  -0.55213   0.00000  -1.51934   0.00000  -1.51934
  2.15539   0.00372  -0.55194   0.00372  -0.55194   0.00000  -1.51934   0.00000  -1.51934
  2.20551   0.00019  -0.55193   0.00019  -0.55193   0.00000  -1.51934   0.00000  -1.51934
  2.25564   0.00000  -0.55193   0.00000  -0.55193   0.00000  -1.51934   0.00000  -1.51934
  2.30576   0.00000  -0.55193   0.00000  -0.55193   0.00000  -1.51934   0.00000  -1.51934
  2.35589   0.00000  -0.55193   0.00000  -0.55193   0.00000  -1.51934   0.00000  -1.51934
  2.40602   0.00000  -0.55193   0.00000  -0.55193   0.00000  -1.51934   0.00000  -1.51934
  2.45614   0.00000  -0.55193   0.00000  -0.55193   0.00000  -1.51934   0.00000  -1.51934
  2.50627   0.00000  -0.55193   0.00000  -0.55193   0.00000  -1.51934   0.00000  -1.51934
  2.55639   0.00000  -0.55193   0.00000  -0.55193   0.00000  -1.51934   0.00000  -1.51934
  2.60652   0.00000  -0.55193   0.00000  -0.55193   0.13195  -1.51272   0.13195  -1.51272
  2.65664   0.00000  -0.55193   0.00000  -0.55193   0.31802  -1.49678   0.31802  -1.49678
  2.70677   0.00000  -0.55193   0.00000  -0.55193   0.29008  -1.48224   0.29008  -1.48224
  2.75689   0.00000  -0.55193   0.00000  -0.55193   0.39740  -1.46232   0.39740  -1.46232
  2.80702   0.00000  -0.55193   0.00000  -0.55193   0.35372  -1.44459   0.35372  -1.44459
  2.85714   0.00000  -0.55193   0.00000  -0.55193   0.26698  -1.43121   0.26698  -1.43121
  2.90727   0.00000  -0.55193   0.00000  -0.55193   0.36591  -1.41287   0.36591  -1.41287
  2.95739   0.00000  -0.55193   0.00000  -0.55193   0.22025  -1.40183   0.22025  -1.40183
  3.00752   0.00000  -0.55193   0.00000  -0.55193   0.92657  -1.35538   0.92657  -1.35538
  3.05764   0.00000  -0.55193   0.00000  -0.55193   0.61599  -1.32451   0.61599  -1.32451
  3.10777   0.00000  -0.55193   0.00000  -0.55193   0.48773  -1.30006   0.48773  -1.30006
  3.15789   0.00000  -0.55193   0.00000  -0.55193   0.37344  -1.28134   0.37344  -1.28134
  3.20802   0.00000  -0.55193   0.00000  -0.55193   0.29048  -1.26678   0.29048  -1.26678
  3.25815   0.00000  -0.55193   0.00000  -0.55193   0.30544  -1.25147   0.30544  -1.25147
  3.30827   0.00000  -0.55193   0.00000  -0.55193   0.51699  -1.22555   0.51699  -1.22555
  3.35840   0.00000  -0.55193   0.00000  -0.55193   0.45277  -1.20286   0.45277  -1.20286
  3.40852   0.00000  -0.55193   0.00000  -0.55193   0.26067  -1.18979   0.26067  -1.18979
  3.45865   0.00000  -0.55193   0.00000  -0.55193   0.12963  -1.18330   0.12963  -1.18330
  3.50877   0.00000  -0.55193   0.00000  -0.55193   0.65211  -1.15061   0.65211  -1.15061
  3.55890   0.00000  -0.55193   0.00000  -0.55193   0.17074  -1.14205   0.17074  -1.14205
  3.60902   0.00000  -0.55193   0.00000  -0.55193   0.35892  -1.12406   0.35892  -1.12406
  3.65915   0.00000  -0.55193   0.00000  -0.55193   0.37078  -1.10547   0.37078  -1.10547
  3.70927   0.00000  -0.55193   0.00000  -0.55193   0.54688  -1.07806   0.54688  -1.07806
  3.75940   0.00000  -0.55193   0.00000  -0.55193   1.00354  -1.02776   1.00354  -1.02776
  3.80952   0.00000  -0.55193   0.00000  -0.55193   0.92471  -0.98141   0.92471  -0.98141
  3.85965   0.00000  -0.55193   0.00000  -0.55193   1.11049  -0.92574   1.11049  -0.92574
  3.90977   0.00000  -0.55193   0.00000  -0.55193   1.42041  -0.85454   1.42041  -0.85454
  3.95990   0.00000  -0.55193   0.00000  -0.55193   1.23788  -0.79250   1.23788  -0.79250
  4.01003   0.00000  -0.55193   0.00000  -0.55193   0.73161  -0.75582   0.73161  -0.75582
  4.06015   0.00000  -0.55193   0.00000  -0.55193   0.84245  -0.71360   0.84245  -0.71360
  4.11028   0.00000  -0.55193   0.00000  -0.55193   1.57360  -0.63472   1.57360  -0.63472
  4.16040   0.00000  -0.55193   0.00000  -0.55193   0.76891  -0.59618   0.76891  -0.59618
  4.21053   0.00000  -0.55193   0.00000  -0.55193   0.33860  -0.57920   0.33860  -0.57920
  4.26065   0.00000  -0.55193   0.00000  -0.55193   0.38420  -0.55995   0.38420  -0.55995
  4.31078   0.00000  -0.55193   0.00000  -0.55193   0.29063  -0.54538   0.29063  -0.54538
  4.36090   0.00000  -0.55193   0.00000  -0.55193   0.10185  -0.54027   0.10185  -0.54027
  4.41103   0.00000  -0.55193   0.00000  -0.55193   0.00505  -0.54002   0.00505  -0.54002
  4.46115   0.00000  -0.55193   0.00000  -0.55193   0.00445  -0.53980   0.00445  -0.53980
  4.51128   0.00000  -0.55193   0.00000  -0.55193   0.00000  -0.53980   0.00000  -0.53980
  4.56140   0.00000  -0.55193   0.00000  -0.55193   0.00000  -0.53980   0.00000  -0.53980
  4.61153   0.00000  -0.55193   0.00000  -0.55193   0.00000  -0.53980   0.00000  -0.53980
  4.66165   0.00000  -0.55193   0.00000  -0.55193   0.00000  -0.53980   0.00000  -0.53980
  4.71178   0.00000  -0.55193   0.00000  -0.55193   0.00000  -0.53980   0.00000  -0.53980
  4.76190   0.00000  -0.55193   0.00000  -0.55193   0.00000  -0.53980   0.00000  -0.53980
  4.81203   0.00000  -0.55193   0.00000  -0.55193   0.00000  -0.53980   0.00000  -0.53980
  4.86216   0.00000  -0.55193   0.00000  -0.55193   0.00000  -0.53980   0.00000  -0.53980
  4.91228   0.00000  -0.55193   0.00000  -0.55193   0.00000  -0.53980   0.00000  -0.53980
  4.96241   0.00000  -0.55193   0.00000  -0.55193   0.00000  -0.53980   0.00000  -0.53980
  5.01253   0.00000  -0.55193   0.00000  -0.55193   0.00000  -0.53980   0.00000  -0.53980
  5.06266   0.00000  -0.55193   0.00000  -0.55193   0.00000  -0.53980   0.00000  -0.53980
  5.11278   0.00000  -0.55193   0.00000  -0.55193   0.00000  -0.53980   0.00000  -0.53980
  5.16291   0.00000  -0.55193   0.00000  -0.55193   0.00000  -0.53980   0.00000  -0.53980
  5.21303   0.00000  -0.55193   0.00000  -0.55193   0.00000  -0.53980   0.00000  -0.53980
  5.26316   0.00000  -0.55193   0.00000  -0.55193   0.00000  -0.53980   0.00000  -0.53980
  5.31328   0.00000  -0.55193   0.00000  -0.55193   0.00000  -0.53980   0.00000  -0.53980
  5.36341   0.00000  -0.55193   0.00000  -0.55193   0.00000  -0.53980   0.00000  -0.53980
  5.41353   0.00000  -0.55193   0.00000  -0.55193   0.00000  -0.53980   0.00000  -0.53980
  5.46366   0.00000  -0.55193   0.00000  -0.55193   0.00000  -0.53980   0.00000  -0.53980
  5.51378   0.00000  -0.55193   0.00000  -0.55193   0.00000  -0.53980   0.00000  -0.53980
  5.56391   0.00000  -0.55193   0.00000  -0.55193   0.00000  -0.53980   0.00000  -0.53980
  5.61404   0.00000  -0.55193   0.00000  -0.55193   0.00000  -0.53980   0.00000  -0.53980
  5.66416   0.00000  -0.55193   0.00000  -0.55193   0.00000  -0.53980   0.00000  -0.53980
  5.71429   0.00000  -0.55193   0.00000  -0.55193   0.00000  -0.53980   0.00000  -0.53980
  5.76441   0.00000  -0.55193   0.00000  -0.55193   0.00000  -0.53980   0.00000  -0.53980
  5.81454   0.00000  -0.55193   0.00000  -0.55193   0.00000  -0.53980   0.00000  -0.53980
  5.86466   0.00000  -0.55193   0.00000  -0.55193   0.00000  -0.53980   0.00000  -0.53980
  5.91479   0.00000  -0.55193   0.00000  -0.55193   0.00000  -0.53980   0.00000  -0.53980
  5.96491   0.00010  -0.55193   0.00010  -0.55193   0.00000  -0.53980   0.00000  -0.53980
  6.01504   0.00129  -0.55186   0.00129  -0.55186   0.00000  -0.53980   0.00000  -0.53980
  6.06516   0.00359  -0.55168   0.00359  -0.55168   0.00000  -0.53980   0.00000  -0.53980
  6.11529   0.00606  -0.55138   0.00606  -0.55138   0.00000  -0.53980   0.00000  -0.53980
  6.16541   0.00652  -0.55105   0.00652  -0.55105   0.00000  -0.53980   0.00000  -0.53980
  6.21554   0.00586  -0.55076   0.00586  -0.55076   0.00021  -0.53979   0.00021  -0.53979
  6.26566   0.00609  -0.55045   0.00609  -0.55045   0.00178  -0.53970   0.00178  -0.53970
  6.31579   0.00840  -0.55003   0.00840  -0.55003   0.00426  -0.53948   0.00426  -0.53948
  6.36591   0.01251  -0.54940   0.01251  -0.54940   0.00652  -0.53916   0.00652  -0.53916
  6.41604   0.02016  -0.54839   0.02016  -0.54839   0.00635  -0.53884   0.00635  -0.53884
  6.46617   0.03236  -0.54677   0.03236  -0.54677   0.00586  -0.53854   0.00586  -0.53854
  6.51629   0.03070  -0.54523   0.03070  -0.54523   0.00710  -0.53819   0.00710  -0.53819
  6.56642   0.02853  -0.54380   0.02853  -0.54380   0.01047  -0.53766   0.01047  -0.53766
  6.61654   0.02647  -0.54248   0.02647  -0.54248   0.01602  -0.53686   0.01602  -0.53686
  6.66667   0.02438  -0.54125   0.02438  -0.54125   0.02918  -0.53540   0.02918  -0.53540
  6.71679   0.02372  -0.54006   0.02372  -0.54006   0.03208  -0.53379   0.03208  -0.53379
  6.76692   0.03136  -0.53849   0.03136  -0.53849   0.02861  -0.53236   0.02861  -0.53236
  6.81704   0.06641  -0.53516   0.06641  -0.53516   0.02685  -0.53101   0.02685  -0.53101
  6.86717   0.08023  -0.53114   0.08023  -0.53114   0.02437  -0.52979   0.02437  -0.52979
  6.91729   0.06954  -0.52766   0.06954  -0.52766   0.02331  -0.52862   0.02331  -0.52862
  6.96742   0.05732  -0.52478   0.05732  -0.52478   0.02644  -0.52730   0.02644  -0.52730
  7.01754   0.05283  -0.52214   0.05283  -0.52214   0.05671  -0.52445   0.05671  -0.52445
  7.06767   0.05165  -0.51955   0.05165  -0.51955   0.07884  -0.52050   0.07884  -0.52050
  7.11779   0.05074  -0.51700   0.05074  -0.51700   0.07149  -0.51692   0.07149  -0.51692
  7.16792   0.05224  -0.51439   0.05224  -0.51439   0.05490  -0.51417   0.05490  -0.51417
  7.21805   0.05901  -0.51143   0.05901  -0.51143   0.04966  -0.51168   0.04966  -0.51168
  7.26817   0.06355  -0.50824   0.06355  -0.50824   0.05087  -0.50913   0.05087  -0.50913
  7.31830   0.06250  -0.50511   0.06250  -0.50511   0.05122  -0.50656   0.05122  -0.50656
  7.36842   0.06107  -0.50205   0.06107  -0.50205   0.05167  -0.50397   0.05167  -0.50397
  7.41855   0.06411  -0.49883   0.06411  -0.49883   0.05358  -0.50128   0.05358  -0.50128
  7.46867   0.04992  -0.49633   0.04992  -0.49633   0.05597  -0.49848   0.05597  -0.49848
  7.51880   0.04298  -0.49418   0.04298  -0.49418   0.06581  -0.49518   0.06581  -0.49518
  7.56892   0.05596  -0.49137   0.05596  -0.49137   0.06860  -0.49174   0.06860  -0.49174
  7.61905   0.07747  -0.48749   0.07747  -0.48749   0.06936  -0.48826   0.06936  -0.48826
  7.66917   0.04904  -0.48503   0.04904  -0.48503   0.05528  -0.48549   0.05528  -0.48549
  7.71930   0.02789  -0.48363   0.02789  -0.48363   0.04728  -0.48312   0.04728  -0.48312
  7.76942   0.03454  -0.48190   0.03454  -0.48190   0.04539  -0.48085   0.04539  -0.48085
  7.81955   0.04656  -0.47957   0.04656  -0.47957   0.06192  -0.47774   0.06192  -0.47774
  7.86967   0.05231  -0.47695   0.05231  -0.47695   0.08317  -0.47358   0.08317  -0.47358
  7.91980   0.06193  -0.47384   0.06193  -0.47384   0.03995  -0.47157   0.03995  -0.47157
  7.96992   0.05448  -0.47111   0.05448  -0.47111   0.03543  -0.46980   0.03543  -0.46980
  8.02005   0.06387  -0.46791   0.06387  -0.46791   0.05058  -0.46726   0.05058  -0.46726
  8.07018   0.08030  -0.46388   0.08030  -0.46388   0.06183  -0.46416   0.06183  -0.46416
  8.12030   0.07839  -0.45995   0.07839  -0.45995   0.05610  -0.46135   0.05610  -0.46135
  8.17043   0.08704  -0.45559   0.08704  -0.45559   0.06908  -0.45789   0.06908  -0.45789
  8.22055   0.12256  -0.44945   0.12256  -0.44945   0.07536  -0.45411   0.07536  -0.45411
  8.27068   0.16847  -0.44100   0.16847  -0.44100   0.07008  -0.45060   0.07008  -0.45060
  8.32080   0.19023  -0.43147   0.19023  -0.43147   0.07639  -0.44677   0.07639  -0.44677
  8.37093   0.16958  -0.42297   0.16958  -0.42297   0.10563  -0.44147   0.10563  -0.44147
  8.42105   0.13689  -0.41611   0.13689  -0.41611   0.14228  -0.43434   0.14228  -0.43434
  8.47118   0.16200  -0.40799   0.16200  -0.40799   0.18886  -0.42488   0.18886  -0.42488
  8.52130   0.16123  -0.39990   0.16123  -0.39990   0.19610  -0.41505   0.19610  -0.41505
  8.57143   0.12036  -0.39387   0.12036  -0.39387   0.14670  -0.40769   0.14670  -0.40769
  8.62155   0.15091  -0.38631   0.15091  -0.38631   0.16265  -0.39954   0.16265  -0.39954
  8.67168   0.19470  -0.37655   0.19470  -0.37655   0.14001  -0.39252   0.14001  -0.39252
  8.72180   0.14291  -0.36938   0.14291  -0.36938   0.15480  -0.38476   0.15480  -0.38476
  8.77193   0.10373  -0.36418   0.10373  -0.36418   0.15310  -0.37709   0.15310  -0.37709
  8.82206   0.13410  -0.35746   0.13410  -0.35746   0.20667  -0.36673   0.20667  -0.36673
  8.87218   0.14637  -0.35013   0.14637  -0.35013   0.10752  -0.36134   0.10752  -0.36134
  8.92231   0.13334  -0.34344   0.13334  -0.34344   0.10479  -0.35609   0.10479  -0.35609
  8.97243   0.15007  -0.33592   0.15007  -0.33592   0.11925  -0.35011   0.11925  -0.35011
  9.02256   0.14096  -0.32885   0.14096  -0.32885   0.12588  -0.34380   0.12588  -0.34380
  9.07268   0.16011  -0.32083   0.16011  -0.32083   0.11994  -0.33779   0.11994  -0.33779
  9.12281   0.16860  -0.31238   0.16860  -0.31238   0.15076  -0.33023   0.15076  -0.33023
  9.17293   0.14303  -0.30521   0.14303  -0.30521   0.13701  -0.32336   0.13701  -0.32336
  9.22306   0.13728  -0.29833   0.13728  -0.29833   0.13406  -0.31664   0.13406  -0.31664
  9.27318   0.10268  -0.29318   0.10268  -0.29318   0.14365  -0.30944   0.14365  -0.30944
  9.32331   0.09083  -0.28863   0.09083  -0.28863   0.12639  -0.30311   0.12639  -0.30311
  9.37343   0.10358  -0.28343   0.10358  -0.28343   0.12557  -0.29681   0.12557  -0.29681
  9.42356   0.10721  -0.27806   0.10721  -0.27806   0.09490  -0.29206   0.09490  -0.29206
  9.47368   0.09227  -0.27344   0.09227  -0.27344   0.09183  -0.28745   0.09183  -0.28745
  9.52381   0.11369  -0.26774   0.11369  -0.26774   0.10230  -0.28233   0.10230  -0.28233
  9.57393   0.13035  -0.26120   0.13035  -0.26120   0.10996  -0.27681   0.10996  -0.27681
  9.62406   0.14056  -0.25416   0.14056  -0.25416   0.10922  -0.27134   0.10922  -0.27134
  9.67419   0.13587  -0.24735   0.13587  -0.24735   0.12608  -0.26502   0.12608  -0.26502
  9.72431   0.15554  -0.23955   0.15554  -0.23955   0.12286  -0.25886   0.12286  -0.25886
  9.77444   0.13037  -0.23301   0.13037  -0.23301   0.13988  -0.25185   0.13988  -0.25185
  9.82456   0.11848  -0.22708   0.11848  -0.22708   0.13699  -0.24498   0.13699  -0.24498
  9.87469   0.13584  -0.22027   0.13584  -0.22027   0.12537  -0.23870   0.12537  -0.23870
  9.92481   0.17383  -0.21155   0.17383  -0.21155   0.12720  -0.23232   0.12720  -0.23232
  9.97494   0.15288  -0.20389   0.15288  -0.20389   0.12734  -0.22594   0.12734  -0.22594
 10.02506   0.13935  -0.19691   0.13935  -0.19691   0.13097  -0.21937   0.13097  -0.21937