ESCALE ; pCOHP file generated by LOBSTER. Energy is shifted such that the Fermi level lies at 0 eV.
         2          2        401  -5.82964e+00   1.42205e+01   4.19543e+00 
Average
No.1:Mn46->O106(1.9202436192765502)
-10.02506   0.00000  -0.72479   0.00000  -0.72479   0.00000  -0.72020   0.00000  -0.72020
 -9.97494   0.00000  -0.72479   0.00000  -0.72479   0.00000  -0.72020   0.00000  -0.72020
 -9.92481   0.00000  -0.72479   0.00000  -0.72479   0.00000  -0.72020   0.00000  -0.72020
 -9.87469   0.00000  -0.72479   0.00000  -0.72479   0.00000  -0.72020   0.00000  -0.72020
 -9.82456   0.00000  -0.72479   0.00000  -0.72479   0.00000  -0.72020   0.00000  -0.72020
 -9.77444   0.00000  -0.72479   0.00000  -0.72479   0.00000  -0.72020   0.00000  -0.72020
 -9.72431   0.00000  -0.72479   0.00000  -0.72479   0.00000  -0.72020   0.00000  -0.72020
 -9.67419   0.00000  -0.72479   0.00000  -0.72479   0.00000  -0.72020   0.00000  -0.72020
 -9.62406   0.00000  -0.72479   0.00000  -0.72479   0.00000  -0.72020   0.00000  -0.72020
 -9.57393   0.00000  -0.72479   0.00000  -0.72479   0.00000  -0.72020   0.00000  -0.72020
 -9.52381   0.00000  -0.72479   0.00000  -0.72479   0.00000  -0.72020   0.00000  -0.72020
 -9.47368   0.00000  -0.72479   0.00000  -0.72479   0.00000  -0.72020   0.00000  -0.72020
 -9.42356   0.00000  -0.72479   0.00000  -0.72479   0.00000  -0.72020   0.00000  -0.72020
 -9.37343   0.00000  -0.72479   0.00000  -0.72479   0.00000  -0.72020   0.00000  -0.72020
 -9.32331   0.00000  -0.72479   0.00000  -0.72479   0.00000  -0.72020   0.00000  -0.72020
 -9.27318   0.00000  -0.72479   0.00000  -0.72479   0.00000  -0.72020   0.00000  -0.72020
 -9.22306   0.00000  -0.72479   0.00000  -0.72479   0.00000  -0.72020   0.00000  -0.72020
 -9.17293   0.00000  -0.72479   0.00000  -0.72479   0.00000  -0.72020   0.00000  -0.72020
 -9.12281   0.00000  -0.72479   0.00000  -0.72479   0.00000  -0.72020   0.00000  -0.72020
 -9.07268   0.00000  -0.72479   0.00000  -0.72479   0.00000  -0.72020   0.00000  -0.72020
 -9.02256   0.00000  -0.72479   0.00000  -0.72479   0.00000  -0.72020   0.00000  -0.72020
 -8.97243   0.00000  -0.72479   0.00000  -0.72479   0.00000  -0.72020   0.00000  -0.72020
 -8.92231   0.00000  -0.72479   0.00000  -0.72479   0.00000  -0.72020   0.00000  -0.72020
 -8.87218   0.00000  -0.72479   0.00000  -0.72479   0.00000  -0.72020   0.00000  -0.72020
 -8.82206   0.00000  -0.72479   0.00000  -0.72479   0.00000  -0.72020   0.00000  -0.72020
 -8.77193   0.00000  -0.72479   0.00000  -0.72479   0.00000  -0.72020   0.00000  -0.72020
 -8.72180   0.00000  -0.72479   0.00000  -0.72479   0.00000  -0.72020   0.00000  -0.72020
 -8.67168   0.00000  -0.72479   0.00000  -0.72479   0.00000  -0.72020   0.00000  -0.72020
 -8.62155   0.00000  -0.72479   0.00000  -0.72479   0.00000  -0.72020   0.00000  -0.72020
 -8.57143   0.00000  -0.72479   0.00000  -0.72479   0.00000  -0.72020   0.00000  -0.72020
 -8.52130   0.00000  -0.72479   0.00000  -0.72479   0.00000  -0.72020   0.00000  -0.72020
 -8.47118   0.00000  -0.72479   0.00000  -0.72479   0.00000  -0.72020   0.00000  -0.72020
 -8.42105   0.00000  -0.72479   0.00000  -0.72479   0.00000  -0.72020   0.00000  -0.72020
 -8.37093   0.00000  -0.72479   0.00000  -0.72479   0.00000  -0.72020   0.00000  -0.72020
 -8.32080   0.00000  -0.72479   0.00000  -0.72479   0.00000  -0.72020   0.00000  -0.72020
 -8.27068   0.00000  -0.72479   0.00000  -0.72479   0.00000  -0.72020   0.00000  -0.72020
 -8.22055   0.00000  -0.72479   0.00000  -0.72479   0.00000  -0.72020   0.00000  -0.72020
 -8.17043   0.00000  -0.72479   0.00000  -0.72479   0.00000  -0.72020   0.00000  -0.72020
 -8.12030   0.00000  -0.72479   0.00000  -0.72479   0.00000  -0.72020   0.00000  -0.72020
 -8.07018   0.00000  -0.72479   0.00000  -0.72479   0.00000  -0.72020   0.00000  -0.72020
 -8.02005   0.00000  -0.72479   0.00000  -0.72479   0.00000  -0.72020   0.00000  -0.72020
 -7.96992   0.00000  -0.72479   0.00000  -0.72479   0.00000  -0.72020   0.00000  -0.72020
 -7.91980   0.00000  -0.72479   0.00000  -0.72479   0.00000  -0.72020   0.00000  -0.72020
 -7.86967   0.00000  -0.72479   0.00000  -0.72479   0.00000  -0.72020   0.00000  -0.72020
 -7.81955   0.00000  -0.72479   0.00000  -0.72479   0.00000  -0.72020   0.00000  -0.72020
 -7.76942   0.00000  -0.72479   0.00000  -0.72479   0.00000  -0.72020   0.00000  -0.72020
 -7.71930   0.00000  -0.72479   0.00000  -0.72479   0.00000  -0.72020   0.00000  -0.72020
 -7.66917   0.00000  -0.72479   0.00000  -0.72479   0.00000  -0.72020   0.00000  -0.72020
 -7.61905   0.00000  -0.72479   0.00000  -0.72479   0.00000  -0.72020   0.00000  -0.72020
 -7.56892   0.00000  -0.72479   0.00000  -0.72479   0.00000  -0.72020   0.00000  -0.72020
 -7.51880   0.00000  -0.72479   0.00000  -0.72479   0.00000  -0.72020   0.00000  -0.72020
 -7.46867   0.00000  -0.72479   0.00000  -0.72479   0.00000  -0.72020   0.00000  -0.72020
 -7.41855   0.00000  -0.72479   0.00000  -0.72479   0.00000  -0.72020   0.00000  -0.72020
 -7.36842   0.00000  -0.72479   0.00000  -0.72479   0.00000  -0.72020   0.00000  -0.72020
 -7.31830   0.00000  -0.72479   0.00000  -0.72479   0.00000  -0.72020   0.00000  -0.72020
 -7.26817   0.00000  -0.72479   0.00000  -0.72479   0.00000  -0.72020   0.00000  -0.72020
 -7.21805   0.00000  -0.72479   0.00000  -0.72479   0.00000  -0.72020   0.00000  -0.72020
 -7.16792   0.00000  -0.72479   0.00000  -0.72479   0.00000  -0.72020   0.00000  -0.72020
 -7.11779   0.00000  -0.72479   0.00000  -0.72479   0.00000  -0.72020   0.00000  -0.72020
 -7.06767  -0.03608  -0.72660  -0.03608  -0.72660   0.00000  -0.72020   0.00000  -0.72020
 -7.01754  -0.13828  -0.73353  -0.13828  -0.73353   0.00000  -0.72020   0.00000  -0.72020
 -6.96742  -0.16044  -0.74157  -0.16044  -0.74157   0.00000  -0.72020   0.00000  -0.72020
 -6.91729  -0.11537  -0.74736  -0.11537  -0.74736   0.00000  -0.72020   0.00000  -0.72020
 -6.86717  -0.38876  -0.76684  -0.38876  -0.76684   0.00000  -0.72020   0.00000  -0.72020
 -6.81704  -0.25915  -0.77983  -0.25915  -0.77983   0.00000  -0.72020   0.00000  -0.72020
 -6.76692  -0.15798  -0.78775  -0.15798  -0.78775   0.00000  -0.72020   0.00000  -0.72020
 -6.71679  -0.26281  -0.80093  -0.26281  -0.80093   0.00000  -0.72020   0.00000  -0.72020
 -6.66667  -0.37024  -0.81948  -0.37024  -0.81948   0.00000  -0.72020   0.00000  -0.72020
 -6.61654  -0.42864  -0.84097  -0.42864  -0.84097   0.00000  -0.72020   0.00000  -0.72020
 -6.56642  -0.44588  -0.86332  -0.44588  -0.86332   0.00000  -0.72020   0.00000  -0.72020
 -6.51629  -0.58726  -0.89276  -0.58726  -0.89276   0.00000  -0.72020   0.00000  -0.72020
 -6.46617  -0.31382  -0.90849  -0.31382  -0.90849   0.00000  -0.72020   0.00000  -0.72020
 -6.41604  -0.22600  -0.91981  -0.22600  -0.91981   0.00000  -0.72020   0.00000  -0.72020
 -6.36591  -0.25369  -0.93253  -0.25369  -0.93253   0.00000  -0.72020   0.00000  -0.72020
 -6.31579  -0.19394  -0.94225  -0.19394  -0.94225   0.00000  -0.72020   0.00000  -0.72020
 -6.26566  -0.12709  -0.94862  -0.12709  -0.94862   0.00000  -0.72020   0.00000  -0.72020
 -6.21554  -0.16106  -0.95670  -0.16106  -0.95670   0.00000  -0.72020   0.00000  -0.72020
 -6.16541  -0.16970  -0.96520  -0.16970  -0.96520   0.00000  -0.72020   0.00000  -0.72020
 -6.11529  -0.16134  -0.97329  -0.16134  -0.97329   0.00000  -0.72020   0.00000  -0.72020
 -6.06516  -0.26172  -0.98641  -0.26172  -0.98641   0.00000  -0.72020   0.00000  -0.72020
 -6.01504  -0.29145  -1.00102  -0.29145  -1.00102   0.00000  -0.72020   0.00000  -0.72020
 -5.96491  -0.31444  -1.01678  -0.31444  -1.01678   0.00000  -0.72020   0.00000  -0.72020
 -5.91479  -0.46837  -1.04026  -0.46837  -1.04026   0.00000  -0.72020   0.00000  -0.72020
 -5.86466  -0.48078  -1.06436  -0.48078  -1.06436   0.00000  -0.72020   0.00000  -0.72020
 -5.81454  -0.30421  -1.07960  -0.30421  -1.07960   0.00000  -0.72020   0.00000  -0.72020
 -5.76441  -0.26280  -1.09278  -0.26280  -1.09278   0.00000  -0.72020   0.00000  -0.72020
 -5.71429  -0.24644  -1.10513  -0.24644  -1.10513  -0.00151  -0.72028  -0.00151  -0.72028
 -5.66416  -0.30901  -1.12062  -0.30901  -1.12062  -0.02340  -0.72145  -0.02340  -0.72145
 -5.61404  -0.39716  -1.14053  -0.39716  -1.14053  -0.02989  -0.72295  -0.02989  -0.72295
 -5.56391  -0.30848  -1.15599  -0.30848  -1.15599  -0.08979  -0.72745  -0.08979  -0.72745
 -5.51378  -0.26092  -1.16907  -0.26092  -1.16907  -0.08508  -0.73171  -0.08508  -0.73171
 -5.46366  -0.26879  -1.18254  -0.26879  -1.18254  -0.17873  -0.74067  -0.17873  -0.74067
 -5.41353  -0.40572  -1.20288  -0.40572  -1.20288  -0.28849  -0.75513  -0.28849  -0.75513
 -5.36341  -0.32263  -1.21905  -0.32263  -1.21905  -0.27144  -0.76874  -0.27144  -0.76874
 -5.31328  -0.42255  -1.24023  -0.42255  -1.24023  -0.18716  -0.77812  -0.18716  -0.77812
 -5.26316  -0.56432  -1.26852  -0.56432  -1.26852  -0.14201  -0.78524  -0.14201  -0.78524
 -5.21303  -0.62547  -1.29987  -0.62547  -1.29987  -0.14051  -0.79228  -0.14051  -0.79228
 -5.16291  -0.54856  -1.32737  -0.54856  -1.32737  -0.11001  -0.79780  -0.11001  -0.79780
 -5.11278  -0.58760  -1.35682  -0.58760  -1.35682  -0.13331  -0.80448  -0.13331  -0.80448
 -5.06266  -0.37953  -1.37584  -0.37953  -1.37584  -0.17955  -0.81348  -0.17955  -0.81348
 -5.01253  -0.28950  -1.39035  -0.28950  -1.39035  -0.18497  -0.82275  -0.18497  -0.82275
 -4.96241  -0.27494  -1.40414  -0.27494  -1.40414  -0.19375  -0.83246  -0.19375  -0.83246
 -4.91228  -0.22424  -1.41538  -0.22424  -1.41538  -0.16308  -0.84064  -0.16308  -0.84064
 -4.86216  -0.17416  -1.42411  -0.17416  -1.42411  -0.26740  -0.85404  -0.26740  -0.85404
 -4.81203  -0.30425  -1.43936  -0.30425  -1.43936  -0.23612  -0.86587  -0.23612  -0.86587
 -4.76190  -0.18727  -1.44874  -0.18727  -1.44874  -0.28972  -0.88040  -0.28972  -0.88040
 -4.71178  -0.18948  -1.45824  -0.18948  -1.45824  -0.42810  -0.90186  -0.42810  -0.90186
 -4.66165  -0.17097  -1.46681  -0.17097  -1.46681  -0.35252  -0.91953  -0.35252  -0.91953
 -4.61153  -0.11435  -1.47254  -0.11435  -1.47254  -0.48247  -0.94371  -0.48247  -0.94371
 -4.56140  -0.11771  -1.47844  -0.11771  -1.47844  -0.45894  -0.96671  -0.45894  -0.96671
 -4.51128  -0.20350  -1.48864  -0.20350  -1.48864  -0.38112  -0.98582  -0.38112  -0.98582
 -4.46115  -0.23192  -1.50027  -0.23192  -1.50027  -0.37451  -1.00459  -0.37451  -1.00459
 -4.41103  -0.15857  -1.50822  -0.15857  -1.50822  -0.31077  -1.02017  -0.31077  -1.02017
 -4.36090  -0.13189  -1.51483  -0.13189  -1.51483  -0.33018  -1.03672  -0.33018  -1.03672
 -4.31078  -0.09817  -1.51975  -0.09817  -1.51975  -0.35786  -1.05466  -0.35786  -1.05466
 -4.26065  -0.10056  -1.52479  -0.10056  -1.52479  -0.36252  -1.07283  -0.36252  -1.07283
 -4.21053  -0.08583  -1.52909  -0.08583  -1.52909  -0.44054  -1.09491  -0.44054  -1.09491
 -4.16040  -0.04060  -1.53113  -0.04060  -1.53113  -0.39081  -1.11450  -0.39081  -1.11450
 -4.11028  -0.03610  -1.53294  -0.03610  -1.53294  -0.38234  -1.13366  -0.38234  -1.13366
 -4.06015  -0.04824  -1.53535  -0.04824  -1.53535  -0.40430  -1.15393  -0.40430  -1.15393
 -4.01003   0.00708  -1.53500   0.00708  -1.53500  -0.39159  -1.17356  -0.39159  -1.17356
 -3.95990  -0.03619  -1.53681  -0.03619  -1.53681  -0.48435  -1.19784  -0.48435  -1.19784
 -3.90977  -0.13489  -1.54358  -0.13489  -1.54358  -0.37099  -1.21643  -0.37099  -1.21643
 -3.85965   0.00601  -1.54327   0.00601  -1.54327  -0.44542  -1.23876  -0.44542  -1.23876
 -3.80952  -0.04928  -1.54574  -0.04928  -1.54574  -0.44385  -1.26101  -0.44385  -1.26101
 -3.75940  -0.05780  -1.54864  -0.05780  -1.54864  -0.31302  -1.27670  -0.31302  -1.27670
 -3.70927  -0.02982  -1.55014  -0.02982  -1.55014  -0.26431  -1.28995  -0.26431  -1.28995
 -3.65915  -0.12651  -1.55648  -0.12651  -1.55648  -0.21913  -1.30093  -0.21913  -1.30093
 -3.60902  -0.13709  -1.56335  -0.13709  -1.56335  -0.14989  -1.30844  -0.14989  -1.30844
 -3.55890  -0.12421  -1.56958  -0.12421  -1.56958  -0.12722  -1.31482  -0.12722  -1.31482
 -3.50877  -0.14524  -1.57686  -0.14524  -1.57686  -0.14538  -1.32211  -0.14538  -1.32211
 -3.45865  -0.11206  -1.58247  -0.11206  -1.58247  -0.19996  -1.33213  -0.19996  -1.33213
 -3.40852  -0.05575  -1.58527  -0.05575  -1.58527  -0.20032  -1.34217  -0.20032  -1.34217
 -3.35840   0.01640  -1.58445   0.01640  -1.58445  -0.18117  -1.35125  -0.18117  -1.35125
 -3.30827   0.10444  -1.57921   0.10444  -1.57921  -0.11731  -1.35713  -0.11731  -1.35713
 -3.25815   0.08743  -1.57483   0.08743  -1.57483  -0.18511  -1.36641  -0.18511  -1.36641
 -3.20802   0.10017  -1.56981   0.10017  -1.56981  -0.16911  -1.37489  -0.16911  -1.37489
 -3.15789   0.09622  -1.56498   0.09622  -1.56498  -0.13520  -1.38166  -0.13520  -1.38166
 -3.10777   0.05296  -1.56233   0.05296  -1.56233  -0.16225  -1.38980  -0.16225  -1.38980
 -3.05764   0.07127  -1.55876   0.07127  -1.55876  -0.16420  -1.39803  -0.16420  -1.39803
 -3.00752   0.07459  -1.55502   0.07459  -1.55502  -0.14221  -1.40516  -0.14221  -1.40516
 -2.95739   0.06677  -1.55167   0.06677  -1.55167  -0.13447  -1.41190  -0.13447  -1.41190
 -2.90727   0.14459  -1.54442   0.14459  -1.54442  -0.13238  -1.41853  -0.13238  -1.41853
 -2.85714   0.15863  -1.53647   0.15863  -1.53647  -0.15488  -1.42630  -0.15488  -1.42630
 -2.80702   0.10200  -1.53136   0.10200  -1.53136  -0.12130  -1.43238  -0.12130  -1.43238
 -2.75689   0.09502  -1.52660   0.09502  -1.52660  -0.08709  -1.43674  -0.08709  -1.43674
 -2.70677   0.12159  -1.52050   0.12159  -1.52050  -0.07305  -1.44040  -0.07305  -1.44040
 -2.65664   0.12419  -1.51428   0.12419  -1.51428  -0.06933  -1.44388  -0.06933  -1.44388
 -2.60652   0.10862  -1.50883   0.10862  -1.50883  -0.06531  -1.44715  -0.06531  -1.44715
 -2.55639   0.10422  -1.50361   0.10422  -1.50361  -0.04397  -1.44936  -0.04397  -1.44936
 -2.50627   0.16343  -1.49542   0.16343  -1.49542  -0.07436  -1.45308  -0.07436  -1.45308
 -2.45614   0.12182  -1.48931   0.12182  -1.48931  -0.09470  -1.45783  -0.09470  -1.45783
 -2.40602   0.12031  -1.48328   0.12031  -1.48328  -0.09717  -1.46270  -0.09717  -1.46270
 -2.35589   0.12836  -1.47684   0.12836  -1.47684  -0.04681  -1.46505  -0.04681  -1.46505
 -2.30576   0.12953  -1.47035   0.12953  -1.47035  -0.03326  -1.46671  -0.03326  -1.46671
 -2.25564   0.12766  -1.46395   0.12766  -1.46395  -0.03951  -1.46869  -0.03951  -1.46869
 -2.20551   0.16590  -1.45564   0.16590  -1.45564  -0.02009  -1.46970  -0.02009  -1.46970
 -2.15539   0.17482  -1.44687   0.17482  -1.44687  -0.03218  -1.47131  -0.03218  -1.47131
 -2.10526   0.17366  -1.43817   0.17366  -1.43817  -0.04932  -1.47379  -0.04932  -1.47379
 -2.05514   0.15906  -1.43020   0.15906  -1.43020  -0.05554  -1.47657  -0.05554  -1.47657
 -2.00501   0.17034  -1.42166   0.17034  -1.42166  -0.07824  -1.48049  -0.07824  -1.48049
 -1.95489   0.19239  -1.41201   0.19239  -1.41201  -0.07568  -1.48429  -0.07568  -1.48429
 -1.90476   0.15969  -1.40401   0.15969  -1.40401  -0.07271  -1.48793  -0.07271  -1.48793
 -1.85464   0.20537  -1.39372   0.20537  -1.39372  -0.04730  -1.49030  -0.04730  -1.49030
 -1.80451   0.25022  -1.38117   0.25022  -1.38117  -0.03983  -1.49230  -0.03983  -1.49230
 -1.75439   0.26131  -1.36808   0.26131  -1.36808  -0.05646  -1.49513  -0.05646  -1.49513
 -1.70426   0.36732  -1.34966   0.36732  -1.34966  -0.08382  -1.49933  -0.08382  -1.49933
 -1.65414   0.30524  -1.33436   0.30524  -1.33436  -0.07100  -1.50289  -0.07100  -1.50289
 -1.60401   0.31907  -1.31837   0.31907  -1.31837  -0.05858  -1.50582  -0.05858  -1.50582
 -1.55388   0.22423  -1.30713   0.22423  -1.30713  -0.06084  -1.50887  -0.06084  -1.50887
 -1.50376   0.25090  -1.29455   0.25090  -1.29455  -0.05168  -1.51146  -0.05168  -1.51146
 -1.45363   0.23424  -1.28281   0.23424  -1.28281  -0.04313  -1.51363  -0.04313  -1.51363
 -1.40351   0.11465  -1.27706   0.11465  -1.27706  -0.05325  -1.51629  -0.05325  -1.51629
 -1.35338   0.05601  -1.27426   0.05601  -1.27426  -0.04466  -1.51853  -0.04466  -1.51853
 -1.30326   0.08609  -1.26994   0.08609  -1.26994  -0.03838  -1.52046  -0.03838  -1.52046
 -1.25313   0.07008  -1.26643   0.07008  -1.26643  -0.02707  -1.52181  -0.02707  -1.52181
 -1.20301   0.09652  -1.26159   0.09652  -1.26159  -0.00452  -1.52204  -0.00452  -1.52204
 -1.15288   0.09715  -1.25672   0.09715  -1.25672   0.00237  -1.52192   0.00237  -1.52192
 -1.10276   0.11448  -1.25098   0.11448  -1.25098   0.00484  -1.52168   0.00484  -1.52168
 -1.05263   0.12295  -1.24482   0.12295  -1.24482   0.00037  -1.52166   0.00037  -1.52166
 -1.00251   0.19393  -1.23510   0.19393  -1.23510  -0.01413  -1.52237  -0.01413  -1.52237
 -0.95238   0.09934  -1.23012   0.09934  -1.23012  -0.01432  -1.52309  -0.01432  -1.52309
 -0.90226   0.07773  -1.22622   0.07773  -1.22622   0.00868  -1.52265   0.00868  -1.52265
 -0.85213   0.06511  -1.22296   0.06511  -1.22296   0.02196  -1.52155   0.02196  -1.52155
 -0.80201   0.05320  -1.22029   0.05320  -1.22029   0.01156  -1.52097   0.01156  -1.52097
 -0.75188   0.05589  -1.21749   0.05589  -1.21749   0.00383  -1.52078   0.00383  -1.52078
 -0.70175   0.04500  -1.21524   0.04500  -1.21524   0.02608  -1.51947   0.02608  -1.51947
 -0.65163   0.03057  -1.21370   0.03057  -1.21370   0.01704  -1.51862   0.01704  -1.51862
 -0.60150   0.02110  -1.21265   0.02110  -1.21265   0.00000  -1.51862   0.00000  -1.51862
 -0.55138   0.00570  -1.21236   0.00570  -1.21236   0.00000  -1.51862   0.00000  -1.51862
 -0.50125   0.00768  -1.21198   0.00768  -1.21198   0.00000  -1.51862   0.00000  -1.51862
 -0.45113   0.01115  -1.21142   0.01115  -1.21142   0.00000  -1.51862   0.00000  -1.51862
 -0.40100   0.01413  -1.21071   0.01413  -1.21071   0.00000  -1.51862   0.00000  -1.51862
 -0.35088   0.04852  -1.20828   0.04852  -1.20828   0.00000  -1.51862   0.00000  -1.51862
 -0.30075   0.01592  -1.20748   0.01592  -1.20748   0.00000  -1.51862   0.00000  -1.51862
 -0.25063   0.00136  -1.20741   0.00136  -1.20741   0.00000  -1.51862   0.00000  -1.51862
 -0.20050   0.00050  -1.20739   0.00050  -1.20739   0.00000  -1.51862   0.00000  -1.51862
 -0.15038   0.00005  -1.20738   0.00005  -1.20738   0.00000  -1.51862   0.00000  -1.51862
 -0.10025   0.00059  -1.20735   0.00059  -1.20735   0.00000  -1.51862   0.00000  -1.51862
 -0.05013   0.00061  -1.20732   0.00061  -1.20732   0.00000  -1.51862   0.00000  -1.51862
  0.00000   0.00075  -1.20729   0.00075  -1.20729   0.00000  -1.51862   0.00000  -1.51862
  0.05013   0.00000  -1.20729   0.00000  -1.20729   0.00000  -1.51862   0.00000  -1.51862
  0.10025   0.00000  -1.20729   0.00000  -1.20729   0.00000  -1.51862   0.00000  -1.51862
  0.15038   0.00000  -1.20729   0.00000  -1.20729   0.00000  -1.51862   0.00000  -1.51862
  0.20050   0.00000  -1.20729   0.00000  -1.20729   0.00000  -1.51862   0.00000  -1.51862
  0.25063   0.00000  -1.20729   0.00000  -1.20729   0.00000  -1.51862   0.00000  -1.51862
  0.30075   0.00000  -1.20729   0.00000  -1.20729   0.00000  -1.51862   0.00000  -1.51862
  0.35088   0.00000  -1.20729   0.00000  -1.20729   0.00000  -1.51862   0.00000  -1.51862
  0.40100   0.00000  -1.20729   0.00000  -1.20729   0.00000  -1.51862   0.00000  -1.51862
  0.45113   0.00000  -1.20729   0.00000  -1.20729   0.00000  -1.51862   0.00000  -1.51862
  0.50125   0.00000  -1.20729   0.00000  -1.20729   0.00000  -1.51862   0.00000  -1.51862
  0.55138   0.00000  -1.20729   0.00000  -1.20729   0.00000  -1.51862   0.00000  -1.51862
  0.60150   0.00000  -1.20729   0.00000  -1.20729   0.00000  -1.51862   0.00000  -1.51862
  0.65163   0.00000  -1.20729   0.00000  -1.20729   0.00000  -1.51862   0.00000  -1.51862
  0.70175   0.00000  -1.20729   0.00000  -1.20729   0.00000  -1.51862   0.00000  -1.51862
  0.75188   0.00000  -1.20729   0.00000  -1.20729   0.00000  -1.51862   0.00000  -1.51862
  0.80201   0.00000  -1.20729   0.00000  -1.20729   0.00000  -1.51862   0.00000  -1.51862
  0.85213   0.00000  -1.20729   0.00000  -1.20729   0.00000  -1.51862   0.00000  -1.51862
  0.90226   0.00000  -1.20729   0.00000  -1.20729   0.00000  -1.51862   0.00000  -1.51862
  0.95238   0.00000  -1.20729   0.00000  -1.20729   0.00000  -1.51862   0.00000  -1.51862
  1.00251   0.13837  -1.20035   0.13837  -1.20035   0.00000  -1.51862   0.00000  -1.51862
  1.05263   0.33889  -1.18336   0.33889  -1.18336   0.00000  -1.51862   0.00000  -1.51862
  1.10276   0.86454  -1.14003   0.86454  -1.14003   0.00000  -1.51862   0.00000  -1.51862
  1.15288   0.85237  -1.09730   0.85237  -1.09730   0.00000  -1.51862   0.00000  -1.51862
  1.20301   0.74335  -1.06004   0.74335  -1.06004   0.00000  -1.51862   0.00000  -1.51862
  1.25313   0.64141  -1.02789   0.64141  -1.02789   0.00000  -1.51862   0.00000  -1.51862
  1.30326   0.72890  -0.99135   0.72890  -0.99135   0.00000  -1.51862   0.00000  -1.51862
  1.35338   0.88048  -0.94722   0.88048  -0.94722   0.00000  -1.51862   0.00000  -1.51862
  1.40351   0.92295  -0.90096   0.92295  -0.90096   0.00000  -1.51862   0.00000  -1.51862
  1.45363   0.72027  -0.86485   0.72027  -0.86485   0.00000  -1.51862   0.00000  -1.51862
  1.50376   0.75442  -0.82704   0.75442  -0.82704   0.00000  -1.51862   0.00000  -1.51862
  1.55388   0.59529  -0.79720   0.59529  -0.79720   0.00000  -1.51862   0.00000  -1.51862
  1.60401   0.68042  -0.76309   0.68042  -0.76309   0.00000  -1.51862   0.00000  -1.51862
  1.65414   0.78090  -0.72395   0.78090  -0.72395   0.00000  -1.51862   0.00000  -1.51862
  1.70426   0.37173  -0.70532   0.37173  -0.70532   0.00000  -1.51862   0.00000  -1.51862
  1.75439   0.42079  -0.68422   0.42079  -0.68422   0.00000  -1.51862   0.00000  -1.51862
  1.80451   0.47020  -0.66065   0.47020  -0.66065   0.00000  -1.51862   0.00000  -1.51862
  1.85464   0.78110  -0.62150   0.78110  -0.62150   0.00000  -1.51862   0.00000  -1.51862
  1.90476   0.59626  -0.59161   0.59626  -0.59161   0.00000  -1.51862   0.00000  -1.51862
  1.95489   0.35537  -0.57380   0.35537  -0.57380   0.00000  -1.51862   0.00000  -1.51862
  2.00501   0.20530  -0.56351   0.20530  -0.56351   0.00000  -1.51862   0.00000  -1.51862
  2.05514   0.19183  -0.55389   0.19183  -0.55389   0.00000  -1.51862   0.00000  -1.51862
  2.10526   0.05963  -0.55091   0.05963  -0.55091   0.00000  -1.51862   0.00000  -1.51862
  2.15539   0.00260  -0.55078   0.00260  -0.55078   0.00000  -1.51862   0.00000  -1.51862
  2.20551   0.00020  -0.55077   0.00020  -0.55077   0.00000  -1.51862   0.00000  -1.51862
  2.25564   0.00000  -0.55077   0.00000  -0.55077   0.00000  -1.51862   0.00000  -1.51862
  2.30576   0.00000  -0.55077   0.00000  -0.55077   0.00000  -1.51862   0.00000  -1.51862
  2.35589   0.00000  -0.55077   0.00000  -0.55077   0.00000  -1.51862   0.00000  -1.51862
  2.40602   0.00000  -0.55077   0.00000  -0.55077   0.00000  -1.51862   0.00000  -1.51862
  2.45614   0.00000  -0.55077   0.00000  -0.55077   0.00000  -1.51862   0.00000  -1.51862
  2.50627   0.00000  -0.55077   0.00000  -0.55077   0.00000  -1.51862   0.00000  -1.51862
  2.55639   0.00000  -0.55077   0.00000  -0.55077   0.00000  -1.51862   0.00000  -1.51862
  2.60652   0.00000  -0.55077   0.00000  -0.55077   0.14538  -1.51133   0.14538  -1.51133
  2.65664   0.00000  -0.55077   0.00000  -0.55077   0.34823  -1.49388   0.34823  -1.49388
  2.70677   0.00000  -0.55077   0.00000  -0.55077   0.29620  -1.47903   0.29620  -1.47903
  2.75689   0.00000  -0.55077   0.00000  -0.55077   0.35262  -1.46135   0.35262  -1.46135
  2.80702   0.00000  -0.55077   0.00000  -0.55077   0.30100  -1.44627   0.30100  -1.44627
  2.85714   0.00000  -0.55077   0.00000  -0.55077   0.21132  -1.43567   0.21132  -1.43567
  2.90727   0.00000  -0.55077   0.00000  -0.55077   0.37772  -1.41674   0.37772  -1.41674
  2.95739   0.00000  -0.55077   0.00000  -0.55077   0.47593  -1.39288   0.47593  -1.39288
  3.00752   0.00000  -0.55077   0.00000  -0.55077   0.80184  -1.35269   0.80184  -1.35269
  3.05764   0.00000  -0.55077   0.00000  -0.55077   0.66009  -1.31960   0.66009  -1.31960
  3.10777   0.00000  -0.55077   0.00000  -0.55077   0.47327  -1.29588   0.47327  -1.29588
  3.15789   0.00000  -0.55077   0.00000  -0.55077   0.42974  -1.27434   0.42974  -1.27434
  3.20802   0.00000  -0.55077   0.00000  -0.55077   0.37653  -1.25547   0.37653  -1.25547
  3.25815   0.00000  -0.55077   0.00000  -0.55077   0.33024  -1.23891   0.33024  -1.23891
  3.30827   0.00000  -0.55077   0.00000  -0.55077   0.65825  -1.20592   0.65825  -1.20592
  3.35840   0.00000  -0.55077   0.00000  -0.55077   0.35428  -1.18816   0.35428  -1.18816
  3.40852   0.00000  -0.55077   0.00000  -0.55077   0.19892  -1.17819   0.19892  -1.17819
  3.45865   0.00000  -0.55077   0.00000  -0.55077   0.12470  -1.17194   0.12470  -1.17194
  3.50877   0.00000  -0.55077   0.00000  -0.55077   0.13629  -1.16511   0.13629  -1.16511
  3.55890   0.00000  -0.55077   0.00000  -0.55077   0.12220  -1.15898   0.12220  -1.15898
  3.60902   0.00000  -0.55077   0.00000  -0.55077   0.45245  -1.13630   0.45245  -1.13630
  3.65915   0.00000  -0.55077   0.00000  -0.55077   0.88924  -1.09173   0.88924  -1.09173
  3.70927   0.00000  -0.55077   0.00000  -0.55077   1.18918  -1.03212   1.18918  -1.03212
  3.75940   0.00000  -0.55077   0.00000  -0.55077   0.98480  -0.98276   0.98480  -0.98276
  3.80952   0.00000  -0.55077   0.00000  -0.55077   1.06075  -0.92959   1.06075  -0.92959
  3.85965   0.00000  -0.55077   0.00000  -0.55077   1.17171  -0.87085   1.17171  -0.87085
  3.90977   0.00000  -0.55077   0.00000  -0.55077   1.50710  -0.79531   1.50710  -0.79531
  3.95990   0.00000  -0.55077   0.00000  -0.55077   1.11451  -0.73945   1.11451  -0.73945
  4.01003   0.00000  -0.55077   0.00000  -0.55077   0.95386  -0.69163   0.95386  -0.69163
  4.06015   0.00000  -0.55077   0.00000  -0.55077   1.05961  -0.63852   1.05961  -0.63852
  4.11028   0.00000  -0.55077   0.00000  -0.55077   0.94310  -0.59125   0.94310  -0.59125
  4.16040   0.00000  -0.55077   0.00000  -0.55077   0.36526  -0.57294   0.36526  -0.57294
  4.21053   0.00000  -0.55077   0.00000  -0.55077   0.21561  -0.56213   0.21561  -0.56213
  4.26065   0.00000  -0.55077   0.00000  -0.55077   0.32257  -0.54596   0.32257  -0.54596
  4.31078   0.00000  -0.55077   0.00000  -0.55077   0.13579  -0.53916   0.13579  -0.53916
  4.36090   0.00000  -0.55077   0.00000  -0.55077   0.03262  -0.53752   0.03262  -0.53752
  4.41103   0.00000  -0.55077   0.00000  -0.55077   0.00341  -0.53735   0.00341  -0.53735
  4.46115   0.00000  -0.55077   0.00000  -0.55077   0.00228  -0.53723   0.00228  -0.53723
  4.51128   0.00000  -0.55077   0.00000  -0.55077   0.00000  -0.53723   0.00000  -0.53723
  4.56140   0.00000  -0.55077   0.00000  -0.55077   0.00000  -0.53723   0.00000  -0.53723
  4.61153   0.00000  -0.55077   0.00000  -0.55077   0.00000  -0.53723   0.00000  -0.53723
  4.66165   0.00000  -0.55077   0.00000  -0.55077   0.00000  -0.53723   0.00000  -0.53723
  4.71178   0.00000  -0.55077   0.00000  -0.55077   0.00000  -0.53723   0.00000  -0.53723
  4.76190   0.00000  -0.55077   0.00000  -0.55077   0.00000  -0.53723   0.00000  -0.53723
  4.81203   0.00000  -0.55077   0.00000  -0.55077   0.00000  -0.53723   0.00000  -0.53723
  4.86216   0.00000  -0.55077   0.00000  -0.55077   0.00000  -0.53723   0.00000  -0.53723
  4.91228   0.00000  -0.55077   0.00000  -0.55077   0.00000  -0.53723   0.00000  -0.53723
  4.96241   0.00000  -0.55077   0.00000  -0.55077   0.00000  -0.53723   0.00000  -0.53723
  5.01253   0.00000  -0.55077   0.00000  -0.55077   0.00000  -0.53723   0.00000  -0.53723
  5.06266   0.00000  -0.55077   0.00000  -0.55077   0.00000  -0.53723   0.00000  -0.53723
  5.11278   0.00000  -0.55077   0.00000  -0.55077   0.00000  -0.53723   0.00000  -0.53723
  5.16291   0.00000  -0.55077   0.00000  -0.55077   0.00000  -0.53723   0.00000  -0.53723
  5.21303   0.00000  -0.55077   0.00000  -0.55077   0.00000  -0.53723   0.00000  -0.53723
  5.26316   0.00000  -0.55077   0.00000  -0.55077   0.00000  -0.53723   0.00000  -0.53723
  5.31328   0.00000  -0.55077   0.00000  -0.55077   0.00000  -0.53723   0.00000  -0.53723
  5.36341   0.00000  -0.55077   0.00000  -0.55077   0.00000  -0.53723   0.00000  -0.53723
  5.41353   0.00000  -0.55077   0.00000  -0.55077   0.00000  -0.53723   0.00000  -0.53723
  5.46366   0.00000  -0.55077   0.00000  -0.55077   0.00000  -0.53723   0.00000  -0.53723
  5.51378   0.00000  -0.55077   0.00000  -0.55077   0.00000  -0.53723   0.00000  -0.53723
  5.56391   0.00000  -0.55077   0.00000  -0.55077   0.00000  -0.53723   0.00000  -0.53723
  5.61404   0.00000  -0.55077   0.00000  -0.55077   0.00000  -0.53723   0.00000  -0.53723
  5.66416   0.00000  -0.55077   0.00000  -0.55077   0.00000  -0.53723   0.00000  -0.53723
  5.71429   0.00000  -0.55077   0.00000  -0.55077   0.00000  -0.53723   0.00000  -0.53723
  5.76441   0.00000  -0.55077   0.00000  -0.55077   0.00000  -0.53723   0.00000  -0.53723
  5.81454   0.00000  -0.55077   0.00000  -0.55077   0.00000  -0.53723   0.00000  -0.53723
  5.86466   0.00000  -0.55077   0.00000  -0.55077   0.00000  -0.53723   0.00000  -0.53723
  5.91479   0.00000  -0.55077   0.00000  -0.55077   0.00000  -0.53723   0.00000  -0.53723
  5.96491   0.00009  -0.55076   0.00009  -0.55076   0.00000  -0.53723   0.00000  -0.53723
  6.01504   0.00126  -0.55070   0.00126  -0.55070   0.00000  -0.53723   0.00000  -0.53723
  6.06516   0.00348  -0.55052   0.00348  -0.55052   0.00000  -0.53723   0.00000  -0.53723
  6.11529   0.00581  -0.55023   0.00581  -0.55023   0.00000  -0.53723   0.00000  -0.53723
  6.16541   0.00647  -0.54991   0.00647  -0.54991   0.00000  -0.53723   0.00000  -0.53723
  6.21554   0.00617  -0.54960   0.00617  -0.54960   0.00020  -0.53722   0.00020  -0.53722
  6.26566   0.00674  -0.54926   0.00674  -0.54926   0.00172  -0.53714   0.00172  -0.53714
  6.31579   0.00920  -0.54880   0.00920  -0.54880   0.00403  -0.53694   0.00403  -0.53694
  6.36591   0.01349  -0.54812   0.01349  -0.54812   0.00611  -0.53663   0.00611  -0.53663
  6.41604   0.02115  -0.54706   0.02115  -0.54706   0.00622  -0.53632   0.00622  -0.53632
  6.46617   0.03214  -0.54545   0.03214  -0.54545   0.00610  -0.53601   0.00610  -0.53601
  6.51629   0.02944  -0.54398   0.02944  -0.54398   0.00752  -0.53564   0.00752  -0.53564
  6.56642   0.02660  -0.54264   0.02660  -0.54264   0.01084  -0.53509   0.01084  -0.53509
  6.61654   0.02477  -0.54140   0.02477  -0.54140   0.01630  -0.53428   0.01630  -0.53428
  6.66667   0.02288  -0.54026   0.02288  -0.54026   0.02815  -0.53286   0.02815  -0.53286
  6.71679   0.02219  -0.53914   0.02219  -0.53914   0.02993  -0.53136   0.02993  -0.53136
  6.76692   0.02515  -0.53788   0.02515  -0.53788   0.02594  -0.53006   0.02594  -0.53006
  6.81704   0.03832  -0.53596   0.03832  -0.53596   0.02441  -0.52884   0.02441  -0.52884
  6.86717   0.04488  -0.53371   0.04488  -0.53371   0.02227  -0.52772   0.02227  -0.52772
  6.91729   0.04261  -0.53158   0.04261  -0.53158   0.02113  -0.52666   0.02113  -0.52666
  6.96742   0.04186  -0.52948   0.04186  -0.52948   0.02201  -0.52556   0.02201  -0.52556
  7.01754   0.04230  -0.52736   0.04230  -0.52736   0.03173  -0.52397   0.03173  -0.52397
  7.06767   0.04266  -0.52522   0.04266  -0.52522   0.04041  -0.52194   0.04041  -0.52194
  7.11779   0.04095  -0.52317   0.04095  -0.52317   0.03916  -0.51998   0.03916  -0.51998
  7.16792   0.04060  -0.52113   0.04060  -0.52113   0.03676  -0.51814   0.03676  -0.51814
  7.21805   0.04369  -0.51894   0.04369  -0.51894   0.03804  -0.51623   0.03804  -0.51623
  7.26817   0.04667  -0.51660   0.04667  -0.51660   0.04116  -0.51417   0.04116  -0.51417
  7.31830   0.04599  -0.51430   0.04599  -0.51430   0.04043  -0.51214   0.04043  -0.51214
  7.36842   0.04813  -0.51188   0.04813  -0.51188   0.03904  -0.51019   0.03904  -0.51019
  7.41855   0.05617  -0.50907   0.05617  -0.50907   0.03786  -0.50829   0.03786  -0.50829
  7.46867   0.04187  -0.50697   0.04187  -0.50697   0.03886  -0.50634   0.03886  -0.50634
  7.51880   0.03645  -0.50514   0.03645  -0.50514   0.04797  -0.50394   0.04797  -0.50394
  7.56892   0.04533  -0.50287   0.04533  -0.50287   0.05452  -0.50120   0.05452  -0.50120
  7.61905   0.05696  -0.50002   0.05696  -0.50002   0.05932  -0.49823   0.05932  -0.49823
  7.66917   0.04541  -0.49774   0.04541  -0.49774   0.04180  -0.49613   0.04180  -0.49613
  7.71930   0.03848  -0.49581   0.03848  -0.49581   0.03735  -0.49426   0.03735  -0.49426
  7.76942   0.04639  -0.49349   0.04639  -0.49349   0.03789  -0.49236   0.03789  -0.49236
  7.81955   0.05866  -0.49055   0.05866  -0.49055   0.04764  -0.48997   0.04764  -0.48997
  7.86967   0.06676  -0.48720   0.06676  -0.48720   0.05774  -0.48708   0.05774  -0.48708
  7.91980   0.07683  -0.48335   0.07683  -0.48335   0.04381  -0.48488   0.04381  -0.48488
  7.96992   0.07765  -0.47946   0.07765  -0.47946   0.04878  -0.48244   0.04878  -0.48244
  8.02005   0.10014  -0.47444   0.10014  -0.47444   0.06439  -0.47921   0.06439  -0.47921
  8.07018   0.11496  -0.46867   0.11496  -0.46867   0.07710  -0.47535   0.07710  -0.47535
  8.12030   0.11289  -0.46302   0.11289  -0.46302   0.07604  -0.47154   0.07604  -0.47154
  8.17043   0.11407  -0.45730   0.11407  -0.45730   0.10259  -0.46639   0.10259  -0.46639
  8.22055   0.11567  -0.45150   0.11567  -0.45150   0.11138  -0.46081   0.11138  -0.46081
  8.27068   0.17997  -0.44248   0.17997  -0.44248   0.11231  -0.45518   0.11231  -0.45518
  8.32080   0.16908  -0.43400   0.16908  -0.43400   0.10721  -0.44981   0.10721  -0.44981
  8.37093   0.14430  -0.42677   0.14430  -0.42677   0.10107  -0.44474   0.10107  -0.44474
  8.42105   0.14651  -0.41943   0.14651  -0.41943   0.13367  -0.43804   0.13367  -0.43804
  8.47118   0.15702  -0.41156   0.15702  -0.41156   0.14059  -0.43099   0.14059  -0.43099
  8.52130   0.12636  -0.40522   0.12636  -0.40522   0.14335  -0.42381   0.14335  -0.42381
  8.57143   0.10005  -0.40021   0.10005  -0.40021   0.13801  -0.41689   0.13801  -0.41689
  8.62155   0.13162  -0.39361   0.13162  -0.39361   0.15806  -0.40897   0.15806  -0.40897
  8.67168   0.11532  -0.38783   0.11532  -0.38783   0.11769  -0.40307   0.11769  -0.40307
  8.72180   0.17607  -0.37900   0.17607  -0.37900   0.12398  -0.39685   0.12398  -0.39685
  8.77193   0.15267  -0.37135   0.15267  -0.37135   0.13768  -0.38995   0.13768  -0.38995
  8.82206   0.15943  -0.36336   0.15943  -0.36336   0.12193  -0.38384   0.12193  -0.38384
  8.87218   0.14747  -0.35597   0.14747  -0.35597   0.16463  -0.37559   0.16463  -0.37559
  8.92231   0.12811  -0.34955   0.12811  -0.34955   0.14687  -0.36823   0.14687  -0.36823
  8.97243   0.12656  -0.34320   0.12656  -0.34320   0.14156  -0.36113   0.14156  -0.36113
  9.02256   0.10461  -0.33796   0.10461  -0.33796   0.14506  -0.35386   0.14506  -0.35386
  9.07268   0.08970  -0.33346   0.08970  -0.33346   0.13162  -0.34726   0.13162  -0.34726
  9.12281   0.09543  -0.32868   0.09543  -0.32868   0.13078  -0.34071   0.13078  -0.34071
  9.17293   0.06853  -0.32524   0.06853  -0.32524   0.09882  -0.33575   0.09882  -0.33575
  9.22306   0.08717  -0.32087   0.08717  -0.32087   0.09009  -0.33124   0.09009  -0.33124
  9.27318   0.10259  -0.31573   0.10259  -0.31573   0.08934  -0.32676   0.08934  -0.32676
  9.32331   0.11661  -0.30989   0.11661  -0.30989   0.05484  -0.32401   0.05484  -0.32401
  9.37343   0.12939  -0.30340   0.12939  -0.30340   0.06340  -0.32083   0.06340  -0.32083
  9.42356   0.11090  -0.29784   0.11090  -0.29784   0.08208  -0.31672   0.08208  -0.31672
  9.47368   0.08476  -0.29359   0.08476  -0.29359   0.11068  -0.31117   0.11068  -0.31117
  9.52381   0.09309  -0.28893   0.09309  -0.28893   0.11665  -0.30532   0.11665  -0.30532
  9.57393   0.10105  -0.28386   0.10105  -0.28386   0.11289  -0.29966   0.11289  -0.29966
  9.62406   0.10969  -0.27836   0.10969  -0.27836   0.08948  -0.29518   0.08948  -0.29518
  9.67419   0.10751  -0.27297   0.10751  -0.27297   0.10232  -0.29005   0.10232  -0.29005
  9.72431   0.09697  -0.26811   0.09697  -0.26811   0.11001  -0.28454   0.11001  -0.28454
  9.77444   0.09589  -0.26331   0.09589  -0.26331   0.10519  -0.27926   0.10519  -0.27926
  9.82456   0.09655  -0.25847   0.09655  -0.25847   0.10009  -0.27425   0.10009  -0.27425
  9.87469   0.11122  -0.25289   0.11122  -0.25289   0.08677  -0.26990   0.08677  -0.26990
  9.92481   0.13762  -0.24600   0.13762  -0.24600   0.09741  -0.26501   0.09741  -0.26501
  9.97494   0.13233  -0.23936   0.13233  -0.23936   0.09553  -0.26023   0.09553  -0.26023
 10.02506   0.12712  -0.23299   0.12712  -0.23299   0.11606  -0.25441   0.11606  -0.25441