ESCALE ; pCOHP file generated by LOBSTER. Energy is shifted such that the Fermi level lies at 0 eV.
         2          2        401  -5.82964e+00   1.42205e+01   4.19543e+00 
Average
No.1:Mn46->O66(1.9291229442916111)
-10.02506   0.00000  -0.70068   0.00000  -0.70068   0.00000  -0.69927   0.00000  -0.69927
 -9.97494   0.00000  -0.70068   0.00000  -0.70068   0.00000  -0.69927   0.00000  -0.69927
 -9.92481   0.00000  -0.70068   0.00000  -0.70068   0.00000  -0.69927   0.00000  -0.69927
 -9.87469   0.00000  -0.70068   0.00000  -0.70068   0.00000  -0.69927   0.00000  -0.69927
 -9.82456   0.00000  -0.70068   0.00000  -0.70068   0.00000  -0.69927   0.00000  -0.69927
 -9.77444   0.00000  -0.70068   0.00000  -0.70068   0.00000  -0.69927   0.00000  -0.69927
 -9.72431   0.00000  -0.70068   0.00000  -0.70068   0.00000  -0.69927   0.00000  -0.69927
 -9.67419   0.00000  -0.70068   0.00000  -0.70068   0.00000  -0.69927   0.00000  -0.69927
 -9.62406   0.00000  -0.70068   0.00000  -0.70068   0.00000  -0.69927   0.00000  -0.69927
 -9.57393   0.00000  -0.70068   0.00000  -0.70068   0.00000  -0.69927   0.00000  -0.69927
 -9.52381   0.00000  -0.70068   0.00000  -0.70068   0.00000  -0.69927   0.00000  -0.69927
 -9.47368   0.00000  -0.70068   0.00000  -0.70068   0.00000  -0.69927   0.00000  -0.69927
 -9.42356   0.00000  -0.70068   0.00000  -0.70068   0.00000  -0.69927   0.00000  -0.69927
 -9.37343   0.00000  -0.70068   0.00000  -0.70068   0.00000  -0.69927   0.00000  -0.69927
 -9.32331   0.00000  -0.70068   0.00000  -0.70068   0.00000  -0.69927   0.00000  -0.69927
 -9.27318   0.00000  -0.70068   0.00000  -0.70068   0.00000  -0.69927   0.00000  -0.69927
 -9.22306   0.00000  -0.70068   0.00000  -0.70068   0.00000  -0.69927   0.00000  -0.69927
 -9.17293   0.00000  -0.70068   0.00000  -0.70068   0.00000  -0.69927   0.00000  -0.69927
 -9.12281   0.00000  -0.70068   0.00000  -0.70068   0.00000  -0.69927   0.00000  -0.69927
 -9.07268   0.00000  -0.70068   0.00000  -0.70068   0.00000  -0.69927   0.00000  -0.69927
 -9.02256   0.00000  -0.70068   0.00000  -0.70068   0.00000  -0.69927   0.00000  -0.69927
 -8.97243   0.00000  -0.70068   0.00000  -0.70068   0.00000  -0.69927   0.00000  -0.69927
 -8.92231   0.00000  -0.70068   0.00000  -0.70068   0.00000  -0.69927   0.00000  -0.69927
 -8.87218   0.00000  -0.70068   0.00000  -0.70068   0.00000  -0.69927   0.00000  -0.69927
 -8.82206   0.00000  -0.70068   0.00000  -0.70068   0.00000  -0.69927   0.00000  -0.69927
 -8.77193   0.00000  -0.70068   0.00000  -0.70068   0.00000  -0.69927   0.00000  -0.69927
 -8.72180   0.00000  -0.70068   0.00000  -0.70068   0.00000  -0.69927   0.00000  -0.69927
 -8.67168   0.00000  -0.70068   0.00000  -0.70068   0.00000  -0.69927   0.00000  -0.69927
 -8.62155   0.00000  -0.70068   0.00000  -0.70068   0.00000  -0.69927   0.00000  -0.69927
 -8.57143   0.00000  -0.70068   0.00000  -0.70068   0.00000  -0.69927   0.00000  -0.69927
 -8.52130   0.00000  -0.70068   0.00000  -0.70068   0.00000  -0.69927   0.00000  -0.69927
 -8.47118   0.00000  -0.70068   0.00000  -0.70068   0.00000  -0.69927   0.00000  -0.69927
 -8.42105   0.00000  -0.70068   0.00000  -0.70068   0.00000  -0.69927   0.00000  -0.69927
 -8.37093   0.00000  -0.70068   0.00000  -0.70068   0.00000  -0.69927   0.00000  -0.69927
 -8.32080   0.00000  -0.70068   0.00000  -0.70068   0.00000  -0.69927   0.00000  -0.69927
 -8.27068   0.00000  -0.70068   0.00000  -0.70068   0.00000  -0.69927   0.00000  -0.69927
 -8.22055   0.00000  -0.70068   0.00000  -0.70068   0.00000  -0.69927   0.00000  -0.69927
 -8.17043   0.00000  -0.70068   0.00000  -0.70068   0.00000  -0.69927   0.00000  -0.69927
 -8.12030   0.00000  -0.70068   0.00000  -0.70068   0.00000  -0.69927   0.00000  -0.69927
 -8.07018   0.00000  -0.70068   0.00000  -0.70068   0.00000  -0.69927   0.00000  -0.69927
 -8.02005   0.00000  -0.70068   0.00000  -0.70068   0.00000  -0.69927   0.00000  -0.69927
 -7.96992   0.00000  -0.70068   0.00000  -0.70068   0.00000  -0.69927   0.00000  -0.69927
 -7.91980   0.00000  -0.70068   0.00000  -0.70068   0.00000  -0.69927   0.00000  -0.69927
 -7.86967   0.00000  -0.70068   0.00000  -0.70068   0.00000  -0.69927   0.00000  -0.69927
 -7.81955   0.00000  -0.70068   0.00000  -0.70068   0.00000  -0.69927   0.00000  -0.69927
 -7.76942   0.00000  -0.70068   0.00000  -0.70068   0.00000  -0.69927   0.00000  -0.69927
 -7.71930   0.00000  -0.70068   0.00000  -0.70068   0.00000  -0.69927   0.00000  -0.69927
 -7.66917   0.00000  -0.70068   0.00000  -0.70068   0.00000  -0.69927   0.00000  -0.69927
 -7.61905   0.00000  -0.70068   0.00000  -0.70068   0.00000  -0.69927   0.00000  -0.69927
 -7.56892   0.00000  -0.70068   0.00000  -0.70068   0.00000  -0.69927   0.00000  -0.69927
 -7.51880   0.00000  -0.70068   0.00000  -0.70068   0.00000  -0.69927   0.00000  -0.69927
 -7.46867   0.00000  -0.70068   0.00000  -0.70068   0.00000  -0.69927   0.00000  -0.69927
 -7.41855   0.00000  -0.70068   0.00000  -0.70068   0.00000  -0.69927   0.00000  -0.69927
 -7.36842   0.00000  -0.70068   0.00000  -0.70068   0.00000  -0.69927   0.00000  -0.69927
 -7.31830   0.00000  -0.70068   0.00000  -0.70068   0.00000  -0.69927   0.00000  -0.69927
 -7.26817   0.00000  -0.70068   0.00000  -0.70068   0.00000  -0.69927   0.00000  -0.69927
 -7.21805   0.00000  -0.70068   0.00000  -0.70068   0.00000  -0.69927   0.00000  -0.69927
 -7.16792   0.00000  -0.70068   0.00000  -0.70068   0.00000  -0.69927   0.00000  -0.69927
 -7.11779   0.00000  -0.70068   0.00000  -0.70068   0.00000  -0.69927   0.00000  -0.69927
 -7.06767  -0.00517  -0.70094  -0.00517  -0.70094   0.00000  -0.69927   0.00000  -0.69927
 -7.01754  -0.05789  -0.70384  -0.05789  -0.70384   0.00000  -0.69927   0.00000  -0.69927
 -6.96742  -0.06127  -0.70691  -0.06127  -0.70691   0.00000  -0.69927   0.00000  -0.69927
 -6.91729  -0.07451  -0.71065  -0.07451  -0.71065   0.00000  -0.69927   0.00000  -0.69927
 -6.86717  -0.23389  -0.72237  -0.23389  -0.72237   0.00000  -0.69927   0.00000  -0.69927
 -6.81704  -0.21393  -0.73309  -0.21393  -0.73309   0.00000  -0.69927   0.00000  -0.69927
 -6.76692  -0.11700  -0.73896  -0.11700  -0.73896   0.00000  -0.69927   0.00000  -0.69927
 -6.71679  -0.18237  -0.74810  -0.18237  -0.74810   0.00000  -0.69927   0.00000  -0.69927
 -6.66667  -0.33659  -0.76497  -0.33659  -0.76497   0.00000  -0.69927   0.00000  -0.69927
 -6.61654  -0.29454  -0.77973  -0.29454  -0.77973   0.00000  -0.69927   0.00000  -0.69927
 -6.56642  -0.35430  -0.79749  -0.35430  -0.79749   0.00000  -0.69927   0.00000  -0.69927
 -6.51629  -0.41571  -0.81833  -0.41571  -0.81833   0.00000  -0.69927   0.00000  -0.69927
 -6.46617  -0.34010  -0.83538  -0.34010  -0.83538   0.00000  -0.69927   0.00000  -0.69927
 -6.41604  -0.34921  -0.85288  -0.34921  -0.85288   0.00000  -0.69927   0.00000  -0.69927
 -6.36591  -0.31748  -0.86880  -0.31748  -0.86880   0.00000  -0.69927   0.00000  -0.69927
 -6.31579  -0.24266  -0.88096  -0.24266  -0.88096   0.00000  -0.69927   0.00000  -0.69927
 -6.26566  -0.17253  -0.88961  -0.17253  -0.88961   0.00000  -0.69927   0.00000  -0.69927
 -6.21554  -0.20674  -0.89997  -0.20674  -0.89997   0.00000  -0.69927   0.00000  -0.69927
 -6.16541  -0.18501  -0.90924  -0.18501  -0.90924   0.00000  -0.69927   0.00000  -0.69927
 -6.11529  -0.20393  -0.91947  -0.20393  -0.91947   0.00000  -0.69927   0.00000  -0.69927
 -6.06516  -0.32018  -0.93552  -0.32018  -0.93552   0.00000  -0.69927   0.00000  -0.69927
 -6.01504  -0.41609  -0.95637  -0.41609  -0.95637   0.00000  -0.69927   0.00000  -0.69927
 -5.96491  -0.34310  -0.97357  -0.34310  -0.97357   0.00000  -0.69927   0.00000  -0.69927
 -5.91479  -0.53182  -1.00023  -0.53182  -1.00023   0.00000  -0.69927   0.00000  -0.69927
 -5.86466  -0.43169  -1.02187  -0.43169  -1.02187   0.00000  -0.69927   0.00000  -0.69927
 -5.81454  -0.30283  -1.03705  -0.30283  -1.03705   0.00000  -0.69927   0.00000  -0.69927
 -5.76441  -0.34949  -1.05456  -0.34949  -1.05456   0.00000  -0.69927   0.00000  -0.69927
 -5.71429  -0.34984  -1.07210  -0.34984  -1.07210  -0.00184  -0.69936  -0.00184  -0.69936
 -5.66416  -0.24367  -1.08431  -0.24367  -1.08431  -0.04452  -0.70159  -0.04452  -0.70159
 -5.61404  -0.35495  -1.10211  -0.35495  -1.10211  -0.07595  -0.70540  -0.07595  -0.70540
 -5.56391  -0.21435  -1.11285  -0.21435  -1.11285  -0.17564  -0.71421  -0.17564  -0.71421
 -5.51378  -0.24405  -1.12508  -0.24405  -1.12508  -0.11238  -0.71984  -0.11238  -0.71984
 -5.46366  -0.22049  -1.13614  -0.22049  -1.13614  -0.10133  -0.72492  -0.10133  -0.72492
 -5.41353  -0.41777  -1.15708  -0.41777  -1.15708  -0.10725  -0.73029  -0.10725  -0.73029
 -5.36341  -0.35537  -1.17489  -0.35537  -1.17489  -0.06974  -0.73379  -0.06974  -0.73379
 -5.31328  -0.50524  -1.20022  -0.50524  -1.20022  -0.06607  -0.73710  -0.06607  -0.73710
 -5.26316  -0.41484  -1.22101  -0.41484  -1.22101  -0.05663  -0.73994  -0.05663  -0.73994
 -5.21303  -0.47059  -1.24460  -0.47059  -1.24460  -0.06930  -0.74341  -0.06930  -0.74341
 -5.16291  -0.33842  -1.26156  -0.33842  -1.26156  -0.09891  -0.74837  -0.09891  -0.74837
 -5.11278  -0.27379  -1.27529  -0.27379  -1.27529  -0.10176  -0.75347  -0.10176  -0.75347
 -5.06266  -0.17691  -1.28415  -0.17691  -1.28415  -0.12918  -0.75995  -0.12918  -0.75995
 -5.01253  -0.23784  -1.29608  -0.23784  -1.29608  -0.12773  -0.76635  -0.12773  -0.76635
 -4.96241  -0.27351  -1.30979  -0.27351  -1.30979  -0.24050  -0.77840  -0.24050  -0.77840
 -4.91228  -0.33916  -1.32679  -0.33916  -1.32679  -0.32816  -0.79485  -0.32816  -0.79485
 -4.86216  -0.21338  -1.33748  -0.21338  -1.33748  -0.36019  -0.81291  -0.36019  -0.81291
 -4.81203  -0.26717  -1.35087  -0.26717  -1.35087  -0.35880  -0.83089  -0.35880  -0.83089
 -4.76190  -0.25048  -1.36343  -0.25048  -1.36343  -0.33812  -0.84784  -0.33812  -0.84784
 -4.71178  -0.16713  -1.37181  -0.16713  -1.37181  -0.34568  -0.86517  -0.34568  -0.86517
 -4.66165  -0.29693  -1.38669  -0.29693  -1.38669  -0.29422  -0.87992  -0.29422  -0.87992
 -4.61153  -0.28087  -1.40077  -0.28087  -1.40077  -0.32766  -0.89634  -0.32766  -0.89634
 -4.56140  -0.31933  -1.41678  -0.31933  -1.41678  -0.32059  -0.91241  -0.32059  -0.91241
 -4.51128  -0.39009  -1.43633  -0.39009  -1.43633  -0.36321  -0.93062  -0.36321  -0.93062
 -4.46115  -0.38745  -1.45575  -0.38745  -1.45575  -0.30148  -0.94573  -0.30148  -0.94573
 -4.41103  -0.26892  -1.46923  -0.26892  -1.46923  -0.29925  -0.96073  -0.29925  -0.96073
 -4.36090  -0.24366  -1.48144  -0.24366  -1.48144  -0.24329  -0.97292  -0.24329  -0.97292
 -4.31078  -0.18810  -1.49087  -0.18810  -1.49087  -0.18664  -0.98228  -0.18664  -0.98228
 -4.26065  -0.09788  -1.49578  -0.09788  -1.49578  -0.23448  -0.99403  -0.23448  -0.99403
 -4.21053  -0.08340  -1.49996  -0.08340  -1.49996  -0.27230  -1.00768  -0.27230  -1.00768
 -4.16040  -0.02267  -1.50109  -0.02267  -1.50109  -0.38170  -1.02681  -0.38170  -1.02681
 -4.11028  -0.01288  -1.50174  -0.01288  -1.50174  -0.29447  -1.04157  -0.29447  -1.04157
 -4.06015   0.01913  -1.50078   0.01913  -1.50078  -0.37079  -1.06016  -0.37079  -1.06016
 -4.01003   0.03988  -1.49878   0.03988  -1.49878  -0.46003  -1.08322  -0.46003  -1.08322
 -3.95990   0.00600  -1.49848   0.00600  -1.49848  -0.64318  -1.11546  -0.64318  -1.11546
 -3.90977  -0.07137  -1.50206  -0.07137  -1.50206  -0.56260  -1.14366  -0.56260  -1.14366
 -3.85965  -0.02284  -1.50320  -0.02284  -1.50320  -0.47621  -1.16753  -0.47621  -1.16753
 -3.80952  -0.03580  -1.50500  -0.03580  -1.50500  -0.44908  -1.19004  -0.44908  -1.19004
 -3.75940  -0.02320  -1.50616  -0.02320  -1.50616  -0.26506  -1.20333  -0.26506  -1.20333
 -3.70927  -0.02485  -1.50741  -0.02485  -1.50741  -0.25250  -1.21598  -0.25250  -1.21598
 -3.65915  -0.02481  -1.50865  -0.02481  -1.50865  -0.29500  -1.23077  -0.29500  -1.23077
 -3.60902  -0.04806  -1.51106  -0.04806  -1.51106  -0.23999  -1.24280  -0.23999  -1.24280
 -3.55890  -0.04754  -1.51344  -0.04754  -1.51344  -0.25115  -1.25539  -0.25115  -1.25539
 -3.50877  -0.00602  -1.51374  -0.00602  -1.51374  -0.27968  -1.26941  -0.27968  -1.26941
 -3.45865   0.00047  -1.51372   0.00047  -1.51372  -0.30139  -1.28451  -0.30139  -1.28451
 -3.40852   0.02102  -1.51267   0.02102  -1.51267  -0.27165  -1.29813  -0.27165  -1.29813
 -3.35840   0.00821  -1.51226   0.00821  -1.51226  -0.30818  -1.31358  -0.30818  -1.31358
 -3.30827   0.03424  -1.51054   0.03424  -1.51054  -0.23131  -1.32517  -0.23131  -1.32517
 -3.25815  -0.05064  -1.51308  -0.05064  -1.51308  -0.19761  -1.33508  -0.19761  -1.33508
 -3.20802   0.14778  -1.50567   0.14778  -1.50567  -0.27634  -1.34893  -0.27634  -1.34893
 -3.15789   0.12719  -1.49929   0.12719  -1.49929  -0.20237  -1.35907  -0.20237  -1.35907
 -3.10777   0.05812  -1.49638   0.05812  -1.49638  -0.19729  -1.36896  -0.19729  -1.36896
 -3.05764   0.03141  -1.49481   0.03141  -1.49481  -0.16003  -1.37698  -0.16003  -1.37698
 -3.00752   0.04993  -1.49230   0.04993  -1.49230  -0.11146  -1.38257  -0.11146  -1.38257
 -2.95739   0.04399  -1.49010   0.04399  -1.49010  -0.12997  -1.38909  -0.12997  -1.38909
 -2.90727   0.07912  -1.48613   0.07912  -1.48613  -0.14887  -1.39655  -0.14887  -1.39655
 -2.85714   0.09588  -1.48133   0.09588  -1.48133  -0.21952  -1.40755  -0.21952  -1.40755
 -2.80702   0.05836  -1.47840   0.05836  -1.47840  -0.24960  -1.42006  -0.24960  -1.42006
 -2.75689   0.04478  -1.47616   0.04478  -1.47616  -0.20110  -1.43014  -0.20110  -1.43014
 -2.70677   0.02879  -1.47471   0.02879  -1.47471  -0.15126  -1.43773  -0.15126  -1.43773
 -2.65664   0.04954  -1.47223   0.04954  -1.47223  -0.07683  -1.44158  -0.07683  -1.44158
 -2.60652   0.07871  -1.46829   0.07871  -1.46829  -0.07927  -1.44555  -0.07927  -1.44555
 -2.55639   0.11557  -1.46249   0.11557  -1.46249  -0.04865  -1.44799  -0.04865  -1.44799
 -2.50627   0.09427  -1.45777   0.09427  -1.45777  -0.03050  -1.44952  -0.03050  -1.44952
 -2.45614   0.07829  -1.45384   0.07829  -1.45384  -0.05517  -1.45228  -0.05517  -1.45228
 -2.40602   0.07494  -1.45009   0.07494  -1.45009  -0.07674  -1.45613  -0.07674  -1.45613
 -2.35589   0.06360  -1.44690   0.06360  -1.44690  -0.09741  -1.46101  -0.09741  -1.46101
 -2.30576   0.13088  -1.44034   0.13088  -1.44034  -0.08334  -1.46519  -0.08334  -1.46519
 -2.25564   0.15455  -1.43259   0.15455  -1.43259  -0.08126  -1.46926  -0.08126  -1.46926
 -2.20551   0.19358  -1.42289   0.19358  -1.42289  -0.03613  -1.47107  -0.03613  -1.47107
 -2.15539   0.25837  -1.40994   0.25837  -1.40994  -0.03014  -1.47258  -0.03014  -1.47258
 -2.10526   0.22597  -1.39861   0.22597  -1.39861  -0.03812  -1.47449  -0.03812  -1.47449
 -2.05514   0.20924  -1.38812   0.20924  -1.38812  -0.01655  -1.47532  -0.01655  -1.47532
 -2.00501   0.20808  -1.37769   0.20808  -1.37769  -0.01891  -1.47627  -0.01891  -1.47627
 -1.95489   0.20309  -1.36751   0.20309  -1.36751  -0.00804  -1.47668  -0.00804  -1.47668
 -1.90476   0.17296  -1.35884   0.17296  -1.35884   0.00112  -1.47662   0.00112  -1.47662
 -1.85464   0.17125  -1.35026   0.17125  -1.35026   0.04063  -1.47458   0.04063  -1.47458
 -1.80451   0.19922  -1.34027   0.19922  -1.34027   0.07187  -1.47098   0.07187  -1.47098
 -1.75439   0.19848  -1.33032   0.19848  -1.33032   0.06415  -1.46776   0.06415  -1.46776
 -1.70426   0.22288  -1.31915   0.22288  -1.31915   0.06172  -1.46467   0.06172  -1.46467
 -1.65414   0.16485  -1.31089   0.16485  -1.31089   0.07832  -1.46074   0.07832  -1.46074
 -1.60401   0.20017  -1.30086   0.20017  -1.30086   0.05608  -1.45793   0.05608  -1.45793
 -1.55388   0.08223  -1.29673   0.08223  -1.29673   0.05916  -1.45497   0.05916  -1.45497
 -1.50376   0.08412  -1.29252   0.08412  -1.29252   0.06361  -1.45178   0.06361  -1.45178
 -1.45363   0.04449  -1.29029   0.04449  -1.29029   0.03983  -1.44978   0.03983  -1.44978
 -1.40351   0.11919  -1.28431   0.11919  -1.28431   0.02905  -1.44833   0.02905  -1.44833
 -1.35338   0.14326  -1.27713   0.14326  -1.27713   0.01498  -1.44758   0.01498  -1.44758
 -1.30326   0.08838  -1.27270   0.08838  -1.27270  -0.00620  -1.44789  -0.00620  -1.44789
 -1.25313   0.10678  -1.26735   0.10678  -1.26735  -0.03557  -1.44967  -0.03557  -1.44967
 -1.20301   0.10394  -1.26214   0.10394  -1.26214  -0.03652  -1.45150  -0.03652  -1.45150
 -1.15288   0.13030  -1.25561   0.13030  -1.25561  -0.02779  -1.45289  -0.02779  -1.45289
 -1.10276   0.21008  -1.24508   0.21008  -1.24508  -0.02903  -1.45435  -0.02903  -1.45435
 -1.05263   0.30751  -1.22966   0.30751  -1.22966  -0.03135  -1.45592  -0.03135  -1.45592
 -1.00251   0.19410  -1.21993   0.19410  -1.21993  -0.07304  -1.45958  -0.07304  -1.45958
 -0.95238   0.14710  -1.21256   0.14710  -1.21256  -0.11419  -1.46531  -0.11419  -1.46531
 -0.90226   0.13619  -1.20573   0.13619  -1.20573  -0.09387  -1.47001  -0.09387  -1.47001
 -0.85213   0.13364  -1.19904   0.13364  -1.19904  -0.11290  -1.47567  -0.11290  -1.47567
 -0.80201   0.11308  -1.19337   0.11308  -1.19337  -0.10412  -1.48089  -0.10412  -1.48089
 -0.75188   0.10768  -1.18797   0.10768  -1.18797  -0.04300  -1.48304  -0.04300  -1.48304
 -0.70175   0.09720  -1.18310   0.09720  -1.18310  -0.12822  -1.48947  -0.12822  -1.48947
 -0.65163   0.05249  -1.18047   0.05249  -1.18047  -0.07999  -1.49348  -0.07999  -1.49348
 -0.60150   0.03204  -1.17886   0.03204  -1.17886   0.00000  -1.49348   0.00000  -1.49348
 -0.55138   0.01081  -1.17832   0.01081  -1.17832   0.00000  -1.49348   0.00000  -1.49348
 -0.50125   0.00865  -1.17789   0.00865  -1.17789   0.00000  -1.49348   0.00000  -1.49348
 -0.45113   0.01027  -1.17737   0.01027  -1.17737   0.00000  -1.49348   0.00000  -1.49348
 -0.40100   0.00561  -1.17709   0.00561  -1.17709   0.00000  -1.49348   0.00000  -1.49348
 -0.35088   0.01171  -1.17650   0.01171  -1.17650   0.00000  -1.49348   0.00000  -1.49348
 -0.30075   0.00649  -1.17618   0.00649  -1.17618   0.00000  -1.49348   0.00000  -1.49348
 -0.25063   0.00059  -1.17615   0.00059  -1.17615   0.00000  -1.49348   0.00000  -1.49348
 -0.20050   0.00041  -1.17613   0.00041  -1.17613   0.00000  -1.49348   0.00000  -1.49348
 -0.15038   0.00004  -1.17613   0.00004  -1.17613   0.00000  -1.49348   0.00000  -1.49348
 -0.10025   0.00031  -1.17611   0.00031  -1.17611   0.00000  -1.49348   0.00000  -1.49348
 -0.05013   0.00056  -1.17608   0.00056  -1.17608   0.00000  -1.49348   0.00000  -1.49348
  0.00000   0.00068  -1.17605   0.00068  -1.17605   0.00000  -1.49348   0.00000  -1.49348
  0.05013   0.00000  -1.17605   0.00000  -1.17605   0.00000  -1.49348   0.00000  -1.49348
  0.10025   0.00000  -1.17605   0.00000  -1.17605   0.00000  -1.49348   0.00000  -1.49348
  0.15038   0.00000  -1.17605   0.00000  -1.17605   0.00000  -1.49348   0.00000  -1.49348
  0.20050   0.00000  -1.17605   0.00000  -1.17605   0.00000  -1.49348   0.00000  -1.49348
  0.25063   0.00000  -1.17605   0.00000  -1.17605   0.00000  -1.49348   0.00000  -1.49348
  0.30075   0.00000  -1.17605   0.00000  -1.17605   0.00000  -1.49348   0.00000  -1.49348
  0.35088   0.00000  -1.17605   0.00000  -1.17605   0.00000  -1.49348   0.00000  -1.49348
  0.40100   0.00000  -1.17605   0.00000  -1.17605   0.00000  -1.49348   0.00000  -1.49348
  0.45113   0.00000  -1.17605   0.00000  -1.17605   0.00000  -1.49348   0.00000  -1.49348
  0.50125   0.00000  -1.17605   0.00000  -1.17605   0.00000  -1.49348   0.00000  -1.49348
  0.55138   0.00000  -1.17605   0.00000  -1.17605   0.00000  -1.49348   0.00000  -1.49348
  0.60150   0.00000  -1.17605   0.00000  -1.17605   0.00000  -1.49348   0.00000  -1.49348
  0.65163   0.00000  -1.17605   0.00000  -1.17605   0.00000  -1.49348   0.00000  -1.49348
  0.70175   0.00000  -1.17605   0.00000  -1.17605   0.00000  -1.49348   0.00000  -1.49348
  0.75188   0.00000  -1.17605   0.00000  -1.17605   0.00000  -1.49348   0.00000  -1.49348
  0.80201   0.00000  -1.17605   0.00000  -1.17605   0.00000  -1.49348   0.00000  -1.49348
  0.85213   0.00000  -1.17605   0.00000  -1.17605   0.00000  -1.49348   0.00000  -1.49348
  0.90226   0.00000  -1.17605   0.00000  -1.17605   0.00000  -1.49348   0.00000  -1.49348
  0.95238   0.00000  -1.17605   0.00000  -1.17605   0.00000  -1.49348   0.00000  -1.49348
  1.00251   0.07394  -1.17234   0.07394  -1.17234   0.00000  -1.49348   0.00000  -1.49348
  1.05263   0.17868  -1.16338   0.17868  -1.16338   0.00000  -1.49348   0.00000  -1.49348
  1.10276   0.51553  -1.13754   0.51553  -1.13754   0.00000  -1.49348   0.00000  -1.49348
  1.15288   0.72392  -1.10126   0.72392  -1.10126   0.00000  -1.49348   0.00000  -1.49348
  1.20301   0.63631  -1.06936   0.63631  -1.06936   0.00000  -1.49348   0.00000  -1.49348
  1.25313   0.75502  -1.03152   0.75502  -1.03152   0.00000  -1.49348   0.00000  -1.49348
  1.30326   0.85583  -0.98862   0.85583  -0.98862   0.00000  -1.49348   0.00000  -1.49348
  1.35338   0.86717  -0.94515   0.86717  -0.94515   0.00000  -1.49348   0.00000  -1.49348
  1.40351   0.60853  -0.91465   0.60853  -0.91465   0.00000  -1.49348   0.00000  -1.49348
  1.45363   0.47698  -0.89074   0.47698  -0.89074   0.00000  -1.49348   0.00000  -1.49348
  1.50376   0.50690  -0.86533   0.50690  -0.86533   0.00000  -1.49348   0.00000  -1.49348
  1.55388   0.53161  -0.83868   0.53161  -0.83868   0.00000  -1.49348   0.00000  -1.49348
  1.60401   0.68986  -0.80410   0.68986  -0.80410   0.00000  -1.49348   0.00000  -1.49348
  1.65414   0.46140  -0.78098   0.46140  -0.78098   0.00000  -1.49348   0.00000  -1.49348
  1.70426   0.51616  -0.75510   0.51616  -0.75510   0.00000  -1.49348   0.00000  -1.49348
  1.75439   0.29602  -0.74027   0.29602  -0.74027   0.00000  -1.49348   0.00000  -1.49348
  1.80451   0.94503  -0.69290   0.94503  -0.69290   0.00000  -1.49348   0.00000  -1.49348
  1.85464   0.93494  -0.64603   0.93494  -0.64603   0.00000  -1.49348   0.00000  -1.49348
  1.90476   0.81644  -0.60511   0.81644  -0.60511   0.00000  -1.49348   0.00000  -1.49348
  1.95489   0.52901  -0.57859   0.52901  -0.57859   0.00000  -1.49348   0.00000  -1.49348
  2.00501   0.27942  -0.56458   0.27942  -0.56458   0.00000  -1.49348   0.00000  -1.49348
  2.05514   0.22859  -0.55313   0.22859  -0.55313   0.00000  -1.49348   0.00000  -1.49348
  2.10526   0.08208  -0.54901   0.08208  -0.54901   0.00000  -1.49348   0.00000  -1.49348
  2.15539   0.00271  -0.54888   0.00271  -0.54888   0.00000  -1.49348   0.00000  -1.49348
  2.20551   0.00020  -0.54887   0.00020  -0.54887   0.00000  -1.49348   0.00000  -1.49348
  2.25564   0.00000  -0.54887   0.00000  -0.54887   0.00000  -1.49348   0.00000  -1.49348
  2.30576   0.00000  -0.54887   0.00000  -0.54887   0.00000  -1.49348   0.00000  -1.49348
  2.35589   0.00000  -0.54887   0.00000  -0.54887   0.00000  -1.49348   0.00000  -1.49348
  2.40602   0.00000  -0.54887   0.00000  -0.54887   0.00000  -1.49348   0.00000  -1.49348
  2.45614   0.00000  -0.54887   0.00000  -0.54887   0.00000  -1.49348   0.00000  -1.49348
  2.50627   0.00000  -0.54887   0.00000  -0.54887   0.00000  -1.49348   0.00000  -1.49348
  2.55639   0.00000  -0.54887   0.00000  -0.54887   0.00000  -1.49348   0.00000  -1.49348
  2.60652   0.00000  -0.54887   0.00000  -0.54887   0.13473  -1.48673   0.13473  -1.48673
  2.65664   0.00000  -0.54887   0.00000  -0.54887   0.30901  -1.47124   0.30901  -1.47124
  2.70677   0.00000  -0.54887   0.00000  -0.54887   0.27858  -1.45727   0.27858  -1.45727
  2.75689   0.00000  -0.54887   0.00000  -0.54887   0.36229  -1.43911   0.36229  -1.43911
  2.80702   0.00000  -0.54887   0.00000  -0.54887   0.35066  -1.42154   0.35066  -1.42154
  2.85714   0.00000  -0.54887   0.00000  -0.54887   0.24275  -1.40937   0.24275  -1.40937
  2.90727   0.00000  -0.54887   0.00000  -0.54887   0.32675  -1.39299   0.32675  -1.39299
  2.95739   0.00000  -0.54887   0.00000  -0.54887   0.31293  -1.37731   0.31293  -1.37731
  3.00752   0.00000  -0.54887   0.00000  -0.54887   0.96764  -1.32880   0.96764  -1.32880
  3.05764   0.00000  -0.54887   0.00000  -0.54887   0.75442  -1.29099   0.75442  -1.29099
  3.10777   0.00000  -0.54887   0.00000  -0.54887   0.44913  -1.26847   0.44913  -1.26847
  3.15789   0.00000  -0.54887   0.00000  -0.54887   0.22027  -1.25743   0.22027  -1.25743
  3.20802   0.00000  -0.54887   0.00000  -0.54887   0.28852  -1.24297   0.28852  -1.24297
  3.25815   0.00000  -0.54887   0.00000  -0.54887   0.27336  -1.22927   0.27336  -1.22927
  3.30827   0.00000  -0.54887   0.00000  -0.54887   0.43200  -1.20762   0.43200  -1.20762
  3.35840   0.00000  -0.54887   0.00000  -0.54887   0.45799  -1.18466   0.45799  -1.18466
  3.40852   0.00000  -0.54887   0.00000  -0.54887   0.23763  -1.17275   0.23763  -1.17275
  3.45865   0.00000  -0.54887   0.00000  -0.54887   0.32481  -1.15647   0.32481  -1.15647
  3.50877   0.00000  -0.54887   0.00000  -0.54887   0.40999  -1.13591   0.40999  -1.13591
  3.55890   0.00000  -0.54887   0.00000  -0.54887   0.23195  -1.12429   0.23195  -1.12429
  3.60902   0.00000  -0.54887   0.00000  -0.54887   0.31760  -1.10837   0.31760  -1.10837
  3.65915   0.00000  -0.54887   0.00000  -0.54887   0.46511  -1.08505   0.46511  -1.08505
  3.70927   0.00000  -0.54887   0.00000  -0.54887   0.76911  -1.04650   0.76911  -1.04650
  3.75940   0.00000  -0.54887   0.00000  -0.54887   0.76387  -1.00821   0.76387  -1.00821
  3.80952   0.00000  -0.54887   0.00000  -0.54887   0.79744  -0.96824   0.79744  -0.96824
  3.85965   0.00000  -0.54887   0.00000  -0.54887   0.81148  -0.92757   0.81148  -0.92757
  3.90977   0.00000  -0.54887   0.00000  -0.54887   1.35473  -0.85966   1.35473  -0.85966
  3.95990   0.00000  -0.54887   0.00000  -0.54887   1.02443  -0.80831   1.02443  -0.80831
  4.01003   0.00000  -0.54887   0.00000  -0.54887   0.83238  -0.76659   0.83238  -0.76659
  4.06015   0.00000  -0.54887   0.00000  -0.54887   1.53754  -0.68952   1.53754  -0.68952
  4.11028   0.00000  -0.54887   0.00000  -0.54887   1.38258  -0.62021   1.38258  -0.62021
  4.16040   0.00000  -0.54887   0.00000  -0.54887   0.45019  -0.59765   0.45019  -0.59765
  4.21053   0.00000  -0.54887   0.00000  -0.54887   0.33812  -0.58070   0.33812  -0.58070
  4.26065   0.00000  -0.54887   0.00000  -0.54887   0.43826  -0.55873   0.43826  -0.55873
  4.31078   0.00000  -0.54887   0.00000  -0.54887   0.23939  -0.54673   0.23939  -0.54673
  4.36090   0.00000  -0.54887   0.00000  -0.54887   0.10177  -0.54163   0.10177  -0.54163
  4.41103   0.00000  -0.54887   0.00000  -0.54887   0.00401  -0.54143   0.00401  -0.54143
  4.46115   0.00000  -0.54887   0.00000  -0.54887   0.00367  -0.54125   0.00367  -0.54125
  4.51128   0.00000  -0.54887   0.00000  -0.54887   0.00000  -0.54125   0.00000  -0.54125
  4.56140   0.00000  -0.54887   0.00000  -0.54887   0.00000  -0.54125   0.00000  -0.54125
  4.61153   0.00000  -0.54887   0.00000  -0.54887   0.00000  -0.54125   0.00000  -0.54125
  4.66165   0.00000  -0.54887   0.00000  -0.54887   0.00000  -0.54125   0.00000  -0.54125
  4.71178   0.00000  -0.54887   0.00000  -0.54887   0.00000  -0.54125   0.00000  -0.54125
  4.76190   0.00000  -0.54887   0.00000  -0.54887   0.00000  -0.54125   0.00000  -0.54125
  4.81203   0.00000  -0.54887   0.00000  -0.54887   0.00000  -0.54125   0.00000  -0.54125
  4.86216   0.00000  -0.54887   0.00000  -0.54887   0.00000  -0.54125   0.00000  -0.54125
  4.91228   0.00000  -0.54887   0.00000  -0.54887   0.00000  -0.54125   0.00000  -0.54125
  4.96241   0.00000  -0.54887   0.00000  -0.54887   0.00000  -0.54125   0.00000  -0.54125
  5.01253   0.00000  -0.54887   0.00000  -0.54887   0.00000  -0.54125   0.00000  -0.54125
  5.06266   0.00000  -0.54887   0.00000  -0.54887   0.00000  -0.54125   0.00000  -0.54125
  5.11278   0.00000  -0.54887   0.00000  -0.54887   0.00000  -0.54125   0.00000  -0.54125
  5.16291   0.00000  -0.54887   0.00000  -0.54887   0.00000  -0.54125   0.00000  -0.54125
  5.21303   0.00000  -0.54887   0.00000  -0.54887   0.00000  -0.54125   0.00000  -0.54125
  5.26316   0.00000  -0.54887   0.00000  -0.54887   0.00000  -0.54125   0.00000  -0.54125
  5.31328   0.00000  -0.54887   0.00000  -0.54887   0.00000  -0.54125   0.00000  -0.54125
  5.36341   0.00000  -0.54887   0.00000  -0.54887   0.00000  -0.54125   0.00000  -0.54125
  5.41353   0.00000  -0.54887   0.00000  -0.54887   0.00000  -0.54125   0.00000  -0.54125
  5.46366   0.00000  -0.54887   0.00000  -0.54887   0.00000  -0.54125   0.00000  -0.54125
  5.51378   0.00000  -0.54887   0.00000  -0.54887   0.00000  -0.54125   0.00000  -0.54125
  5.56391   0.00000  -0.54887   0.00000  -0.54887   0.00000  -0.54125   0.00000  -0.54125
  5.61404   0.00000  -0.54887   0.00000  -0.54887   0.00000  -0.54125   0.00000  -0.54125
  5.66416   0.00000  -0.54887   0.00000  -0.54887   0.00000  -0.54125   0.00000  -0.54125
  5.71429   0.00000  -0.54887   0.00000  -0.54887   0.00000  -0.54125   0.00000  -0.54125
  5.76441   0.00000  -0.54887   0.00000  -0.54887   0.00000  -0.54125   0.00000  -0.54125
  5.81454   0.00000  -0.54887   0.00000  -0.54887   0.00000  -0.54125   0.00000  -0.54125
  5.86466   0.00000  -0.54887   0.00000  -0.54887   0.00000  -0.54125   0.00000  -0.54125
  5.91479   0.00000  -0.54887   0.00000  -0.54887   0.00000  -0.54125   0.00000  -0.54125
  5.96491   0.00010  -0.54886   0.00010  -0.54886   0.00000  -0.54125   0.00000  -0.54125
  6.01504   0.00131  -0.54880   0.00131  -0.54880   0.00000  -0.54125   0.00000  -0.54125
  6.06516   0.00363  -0.54861   0.00363  -0.54861   0.00000  -0.54125   0.00000  -0.54125
  6.11529   0.00611  -0.54831   0.00611  -0.54831   0.00000  -0.54125   0.00000  -0.54125
  6.16541   0.00691  -0.54796   0.00691  -0.54796   0.00000  -0.54125   0.00000  -0.54125
  6.21554   0.00667  -0.54763   0.00667  -0.54763   0.00021  -0.54124   0.00021  -0.54124
  6.26566   0.00735  -0.54726   0.00735  -0.54726   0.00181  -0.54114   0.00181  -0.54114
  6.31579   0.01006  -0.54675   0.01006  -0.54675   0.00428  -0.54093   0.00428  -0.54093
  6.36591   0.01477  -0.54601   0.01477  -0.54601   0.00654  -0.54060   0.00654  -0.54060
  6.41604   0.02326  -0.54485   0.02326  -0.54485   0.00673  -0.54026   0.00673  -0.54026
  6.46617   0.03570  -0.54306   0.03570  -0.54306   0.00669  -0.53993   0.00669  -0.53993
  6.51629   0.03310  -0.54140   0.03310  -0.54140   0.00834  -0.53951   0.00834  -0.53951
  6.56642   0.03038  -0.53988   0.03038  -0.53988   0.01212  -0.53890   0.01212  -0.53890
  6.61654   0.02862  -0.53844   0.02862  -0.53844   0.01833  -0.53798   0.01833  -0.53798
  6.66667   0.02671  -0.53710   0.02671  -0.53710   0.03216  -0.53637   0.03216  -0.53637
  6.71679   0.02611  -0.53579   0.02611  -0.53579   0.03461  -0.53464   0.03461  -0.53464
  6.76692   0.03034  -0.53427   0.03034  -0.53427   0.03053  -0.53311   0.03053  -0.53311
  6.81704   0.04895  -0.53182   0.04895  -0.53182   0.02916  -0.53165   0.02916  -0.53165
  6.86717   0.05778  -0.52892   0.05778  -0.52892   0.02701  -0.53029   0.02701  -0.53029
  6.91729   0.05426  -0.52620   0.05426  -0.52620   0.02602  -0.52899   0.02602  -0.52899
  6.96742   0.05236  -0.52358   0.05236  -0.52358   0.02770  -0.52760   0.02770  -0.52760
  7.01754   0.05274  -0.52094   0.05274  -0.52094   0.04292  -0.52545   0.04292  -0.52545
  7.06767   0.05348  -0.51825   0.05348  -0.51825   0.05602  -0.52264   0.05602  -0.52264
  7.11779   0.05209  -0.51564   0.05209  -0.51564   0.05405  -0.51993   0.05405  -0.51993
  7.16792   0.05238  -0.51302   0.05238  -0.51302   0.04917  -0.51747   0.04917  -0.51747
  7.21805   0.05702  -0.51016   0.05702  -0.51016   0.05001  -0.51496   0.05001  -0.51496
  7.26817   0.06140  -0.50708   0.06140  -0.50708   0.05405  -0.51225   0.05405  -0.51225
  7.31830   0.05986  -0.50408   0.05986  -0.50408   0.05408  -0.50954   0.05408  -0.50954
  7.36842   0.05806  -0.50117   0.05806  -0.50117   0.05335  -0.50687   0.05335  -0.50687
  7.41855   0.06002  -0.49816   0.06002  -0.49816   0.05299  -0.50421   0.05299  -0.50421
  7.46867   0.04597  -0.49586   0.04597  -0.49586   0.05480  -0.50146   0.05480  -0.50146
  7.51880   0.04012  -0.49385   0.04012  -0.49385   0.06554  -0.49818   0.06554  -0.49818
  7.56892   0.05065  -0.49131   0.05065  -0.49131   0.06845  -0.49475   0.06845  -0.49475
  7.61905   0.06907  -0.48785   0.06907  -0.48785   0.06721  -0.49138   0.06721  -0.49138
  7.66917   0.04988  -0.48535   0.04988  -0.48535   0.05172  -0.48878   0.05172  -0.48878
  7.71930   0.03439  -0.48362   0.03439  -0.48362   0.04446  -0.48656   0.04446  -0.48656
  7.76942   0.03966  -0.48163   0.03966  -0.48163   0.04381  -0.48436   0.04381  -0.48436
  7.81955   0.04809  -0.47922   0.04809  -0.47922   0.05668  -0.48152   0.05668  -0.48152
  7.86967   0.05391  -0.47652   0.05391  -0.47652   0.07544  -0.47774   0.07544  -0.47774
  7.91980   0.06238  -0.47339   0.06238  -0.47339   0.04478  -0.47549   0.04478  -0.47549
  7.96992   0.06854  -0.46996   0.06854  -0.46996   0.04226  -0.47338   0.04226  -0.47338
  8.02005   0.09227  -0.46533   0.09227  -0.46533   0.05575  -0.47058   0.05575  -0.47058
  8.07018   0.10562  -0.46004   0.10562  -0.46004   0.06763  -0.46719   0.06763  -0.46719
  8.12030   0.09894  -0.45508   0.09894  -0.45508   0.06560  -0.46390   0.06560  -0.46390
  8.17043   0.10073  -0.45003   0.10073  -0.45003   0.09285  -0.45925   0.09285  -0.45925
  8.22055   0.10905  -0.44456   0.10905  -0.44456   0.10422  -0.45402   0.10422  -0.45402
  8.27068   0.16567  -0.43626   0.16567  -0.43626   0.10128  -0.44895   0.10128  -0.44895
  8.32080   0.15666  -0.42841   0.15666  -0.42841   0.09207  -0.44433   0.09207  -0.44433
  8.37093   0.13399  -0.42169   0.13399  -0.42169   0.10004  -0.43932   0.10004  -0.43932
  8.42105   0.14142  -0.41460   0.14142  -0.41460   0.13038  -0.43278   0.13038  -0.43278
  8.47118   0.16535  -0.40631   0.16535  -0.40631   0.13221  -0.42616   0.13221  -0.42616
  8.52130   0.13863  -0.39937   0.13863  -0.39937   0.12632  -0.41982   0.12632  -0.41982
  8.57143   0.10058  -0.39432   0.10058  -0.39432   0.12479  -0.41357   0.12479  -0.41357
  8.62155   0.13621  -0.38750   0.13621  -0.38750   0.17647  -0.40472   0.17647  -0.40472
  8.67168   0.09751  -0.38261   0.09751  -0.38261   0.10551  -0.39943   0.10551  -0.39943
  8.72180   0.14593  -0.37529   0.14593  -0.37529   0.11326  -0.39376   0.11326  -0.39376
  8.77193   0.15168  -0.36769   0.15168  -0.36769   0.13218  -0.38713   0.13218  -0.38713
  8.82206   0.15268  -0.36004   0.15268  -0.36004   0.09809  -0.38221   0.09809  -0.38221
  8.87218   0.14334  -0.35285   0.14334  -0.35285   0.14295  -0.37505   0.14295  -0.37505
  8.92231   0.13708  -0.34598   0.13708  -0.34598   0.14142  -0.36796   0.14142  -0.36796
  8.97243   0.14354  -0.33879   0.14354  -0.33879   0.15231  -0.36033   0.15231  -0.36033
  9.02256   0.11626  -0.33296   0.11626  -0.33296   0.14253  -0.35318   0.14253  -0.35318
  9.07268   0.09563  -0.32817   0.09563  -0.32817   0.13742  -0.34629   0.13742  -0.34629
  9.12281   0.10734  -0.32279   0.10734  -0.32279   0.16628  -0.33796   0.16628  -0.33796
  9.17293   0.08951  -0.31830   0.08951  -0.31830   0.11893  -0.33200   0.11893  -0.33200
  9.22306   0.12224  -0.31217   0.12224  -0.31217   0.10039  -0.32696   0.10039  -0.32696
  9.27318   0.13412  -0.30545   0.13412  -0.30545   0.10888  -0.32151   0.10888  -0.32151
  9.32331   0.12258  -0.29930   0.12258  -0.29930   0.08302  -0.31735   0.08302  -0.31735
  9.37343   0.12714  -0.29293   0.12714  -0.29293   0.10905  -0.31188   0.10905  -0.31188
  9.42356   0.11909  -0.28696   0.11909  -0.28696   0.12199  -0.30576   0.12199  -0.30576
  9.47368   0.13437  -0.28023   0.13437  -0.28023   0.13263  -0.29912   0.13263  -0.29912
  9.52381   0.14939  -0.27274   0.14939  -0.27274   0.13934  -0.29213   0.13934  -0.29213
  9.57393   0.16217  -0.26461   0.16217  -0.26461   0.12868  -0.28568   0.12868  -0.28568
  9.62406   0.14381  -0.25740   0.14381  -0.25740   0.14587  -0.27837   0.14587  -0.27837
  9.67419   0.12868  -0.25095   0.12868  -0.25095   0.15006  -0.27085   0.15006  -0.27085
  9.72431   0.11186  -0.24534   0.11186  -0.24534   0.16239  -0.26271   0.16239  -0.26271
  9.77444   0.09699  -0.24048   0.09699  -0.24048   0.14181  -0.25560   0.14181  -0.25560
  9.82456   0.09371  -0.23579   0.09371  -0.23579   0.10600  -0.25029   0.10600  -0.25029
  9.87469   0.10868  -0.23034   0.10868  -0.23034   0.08805  -0.24587   0.08805  -0.24587
  9.92481   0.14704  -0.22297   0.14704  -0.22297   0.08932  -0.24140   0.08932  -0.24140
  9.97494   0.12103  -0.21690   0.12103  -0.21690   0.08870  -0.23695   0.08870  -0.23695
 10.02506   0.11350  -0.21121   0.11350  -0.21121   0.10636  -0.23162   0.10636  -0.23162