ESCALE ; pCOHP file generated by LOBSTER. Energy is shifted such that the Fermi level lies at 0 eV.
         2          2        401  -5.82964e+00   1.42205e+01   4.19543e+00 
Average
No.1:Mn46->O74(1.95472848164267)
-10.02506   0.00000  -0.67210   0.00000  -0.67210   0.00000  -0.67001   0.00000  -0.67001
 -9.97494   0.00000  -0.67210   0.00000  -0.67210   0.00000  -0.67001   0.00000  -0.67001
 -9.92481   0.00000  -0.67210   0.00000  -0.67210   0.00000  -0.67001   0.00000  -0.67001
 -9.87469   0.00000  -0.67210   0.00000  -0.67210   0.00000  -0.67001   0.00000  -0.67001
 -9.82456   0.00000  -0.67210   0.00000  -0.67210   0.00000  -0.67001   0.00000  -0.67001
 -9.77444   0.00000  -0.67210   0.00000  -0.67210   0.00000  -0.67001   0.00000  -0.67001
 -9.72431   0.00000  -0.67210   0.00000  -0.67210   0.00000  -0.67001   0.00000  -0.67001
 -9.67419   0.00000  -0.67210   0.00000  -0.67210   0.00000  -0.67001   0.00000  -0.67001
 -9.62406   0.00000  -0.67210   0.00000  -0.67210   0.00000  -0.67001   0.00000  -0.67001
 -9.57393   0.00000  -0.67210   0.00000  -0.67210   0.00000  -0.67001   0.00000  -0.67001
 -9.52381   0.00000  -0.67210   0.00000  -0.67210   0.00000  -0.67001   0.00000  -0.67001
 -9.47368   0.00000  -0.67210   0.00000  -0.67210   0.00000  -0.67001   0.00000  -0.67001
 -9.42356   0.00000  -0.67210   0.00000  -0.67210   0.00000  -0.67001   0.00000  -0.67001
 -9.37343   0.00000  -0.67210   0.00000  -0.67210   0.00000  -0.67001   0.00000  -0.67001
 -9.32331   0.00000  -0.67210   0.00000  -0.67210   0.00000  -0.67001   0.00000  -0.67001
 -9.27318   0.00000  -0.67210   0.00000  -0.67210   0.00000  -0.67001   0.00000  -0.67001
 -9.22306   0.00000  -0.67210   0.00000  -0.67210   0.00000  -0.67001   0.00000  -0.67001
 -9.17293   0.00000  -0.67210   0.00000  -0.67210   0.00000  -0.67001   0.00000  -0.67001
 -9.12281   0.00000  -0.67210   0.00000  -0.67210   0.00000  -0.67001   0.00000  -0.67001
 -9.07268   0.00000  -0.67210   0.00000  -0.67210   0.00000  -0.67001   0.00000  -0.67001
 -9.02256   0.00000  -0.67210   0.00000  -0.67210   0.00000  -0.67001   0.00000  -0.67001
 -8.97243   0.00000  -0.67210   0.00000  -0.67210   0.00000  -0.67001   0.00000  -0.67001
 -8.92231   0.00000  -0.67210   0.00000  -0.67210   0.00000  -0.67001   0.00000  -0.67001
 -8.87218   0.00000  -0.67210   0.00000  -0.67210   0.00000  -0.67001   0.00000  -0.67001
 -8.82206   0.00000  -0.67210   0.00000  -0.67210   0.00000  -0.67001   0.00000  -0.67001
 -8.77193   0.00000  -0.67210   0.00000  -0.67210   0.00000  -0.67001   0.00000  -0.67001
 -8.72180   0.00000  -0.67210   0.00000  -0.67210   0.00000  -0.67001   0.00000  -0.67001
 -8.67168   0.00000  -0.67210   0.00000  -0.67210   0.00000  -0.67001   0.00000  -0.67001
 -8.62155   0.00000  -0.67210   0.00000  -0.67210   0.00000  -0.67001   0.00000  -0.67001
 -8.57143   0.00000  -0.67210   0.00000  -0.67210   0.00000  -0.67001   0.00000  -0.67001
 -8.52130   0.00000  -0.67210   0.00000  -0.67210   0.00000  -0.67001   0.00000  -0.67001
 -8.47118   0.00000  -0.67210   0.00000  -0.67210   0.00000  -0.67001   0.00000  -0.67001
 -8.42105   0.00000  -0.67210   0.00000  -0.67210   0.00000  -0.67001   0.00000  -0.67001
 -8.37093   0.00000  -0.67210   0.00000  -0.67210   0.00000  -0.67001   0.00000  -0.67001
 -8.32080   0.00000  -0.67210   0.00000  -0.67210   0.00000  -0.67001   0.00000  -0.67001
 -8.27068   0.00000  -0.67210   0.00000  -0.67210   0.00000  -0.67001   0.00000  -0.67001
 -8.22055   0.00000  -0.67210   0.00000  -0.67210   0.00000  -0.67001   0.00000  -0.67001
 -8.17043   0.00000  -0.67210   0.00000  -0.67210   0.00000  -0.67001   0.00000  -0.67001
 -8.12030   0.00000  -0.67210   0.00000  -0.67210   0.00000  -0.67001   0.00000  -0.67001
 -8.07018   0.00000  -0.67210   0.00000  -0.67210   0.00000  -0.67001   0.00000  -0.67001
 -8.02005   0.00000  -0.67210   0.00000  -0.67210   0.00000  -0.67001   0.00000  -0.67001
 -7.96992   0.00000  -0.67210   0.00000  -0.67210   0.00000  -0.67001   0.00000  -0.67001
 -7.91980   0.00000  -0.67210   0.00000  -0.67210   0.00000  -0.67001   0.00000  -0.67001
 -7.86967   0.00000  -0.67210   0.00000  -0.67210   0.00000  -0.67001   0.00000  -0.67001
 -7.81955   0.00000  -0.67210   0.00000  -0.67210   0.00000  -0.67001   0.00000  -0.67001
 -7.76942   0.00000  -0.67210   0.00000  -0.67210   0.00000  -0.67001   0.00000  -0.67001
 -7.71930   0.00000  -0.67210   0.00000  -0.67210   0.00000  -0.67001   0.00000  -0.67001
 -7.66917   0.00000  -0.67210   0.00000  -0.67210   0.00000  -0.67001   0.00000  -0.67001
 -7.61905   0.00000  -0.67210   0.00000  -0.67210   0.00000  -0.67001   0.00000  -0.67001
 -7.56892   0.00000  -0.67210   0.00000  -0.67210   0.00000  -0.67001   0.00000  -0.67001
 -7.51880   0.00000  -0.67210   0.00000  -0.67210   0.00000  -0.67001   0.00000  -0.67001
 -7.46867   0.00000  -0.67210   0.00000  -0.67210   0.00000  -0.67001   0.00000  -0.67001
 -7.41855   0.00000  -0.67210   0.00000  -0.67210   0.00000  -0.67001   0.00000  -0.67001
 -7.36842   0.00000  -0.67210   0.00000  -0.67210   0.00000  -0.67001   0.00000  -0.67001
 -7.31830   0.00000  -0.67210   0.00000  -0.67210   0.00000  -0.67001   0.00000  -0.67001
 -7.26817   0.00000  -0.67210   0.00000  -0.67210   0.00000  -0.67001   0.00000  -0.67001
 -7.21805   0.00000  -0.67210   0.00000  -0.67210   0.00000  -0.67001   0.00000  -0.67001
 -7.16792   0.00000  -0.67210   0.00000  -0.67210   0.00000  -0.67001   0.00000  -0.67001
 -7.11779   0.00000  -0.67210   0.00000  -0.67210   0.00000  -0.67001   0.00000  -0.67001
 -7.06767  -0.06819  -0.67552  -0.06819  -0.67552   0.00000  -0.67001   0.00000  -0.67001
 -7.01754  -0.30201  -0.69066  -0.30201  -0.69066   0.00000  -0.67001   0.00000  -0.67001
 -6.96742  -0.29615  -0.70550  -0.29615  -0.70550   0.00000  -0.67001   0.00000  -0.67001
 -6.91729  -0.15724  -0.71338  -0.15724  -0.71338   0.00000  -0.67001   0.00000  -0.67001
 -6.86717  -0.51765  -0.73933  -0.51765  -0.73933   0.00000  -0.67001   0.00000  -0.67001
 -6.81704  -0.35322  -0.75704  -0.35322  -0.75704   0.00000  -0.67001   0.00000  -0.67001
 -6.76692  -0.21013  -0.76757  -0.21013  -0.76757   0.00000  -0.67001   0.00000  -0.67001
 -6.71679  -0.27291  -0.78125  -0.27291  -0.78125   0.00000  -0.67001   0.00000  -0.67001
 -6.66667  -0.36672  -0.79963  -0.36672  -0.79963   0.00000  -0.67001   0.00000  -0.67001
 -6.61654  -0.46558  -0.82297  -0.46558  -0.82297   0.00000  -0.67001   0.00000  -0.67001
 -6.56642  -0.44467  -0.84526  -0.44467  -0.84526   0.00000  -0.67001   0.00000  -0.67001
 -6.51629  -0.68116  -0.87940  -0.68116  -0.87940   0.00000  -0.67001   0.00000  -0.67001
 -6.46617  -0.35008  -0.89695  -0.35008  -0.89695   0.00000  -0.67001   0.00000  -0.67001
 -6.41604  -0.29931  -0.91195  -0.29931  -0.91195   0.00000  -0.67001   0.00000  -0.67001
 -6.36591  -0.29392  -0.92668  -0.29392  -0.92668   0.00000  -0.67001   0.00000  -0.67001
 -6.31579  -0.29977  -0.94171  -0.29977  -0.94171   0.00000  -0.67001   0.00000  -0.67001
 -6.26566  -0.20619  -0.95205  -0.20619  -0.95205   0.00000  -0.67001   0.00000  -0.67001
 -6.21554  -0.18500  -0.96132  -0.18500  -0.96132   0.00000  -0.67001   0.00000  -0.67001
 -6.16541  -0.19474  -0.97108  -0.19474  -0.97108   0.00000  -0.67001   0.00000  -0.67001
 -6.11529  -0.20691  -0.98145  -0.20691  -0.98145   0.00000  -0.67001   0.00000  -0.67001
 -6.06516  -0.35448  -0.99922  -0.35448  -0.99922   0.00000  -0.67001   0.00000  -0.67001
 -6.01504  -0.34601  -1.01657  -0.34601  -1.01657   0.00000  -0.67001   0.00000  -0.67001
 -5.96491  -0.34376  -1.03380  -0.34376  -1.03380   0.00000  -0.67001   0.00000  -0.67001
 -5.91479  -0.52285  -1.06000  -0.52285  -1.06000   0.00000  -0.67001   0.00000  -0.67001
 -5.86466  -0.41785  -1.08095  -0.41785  -1.08095   0.00000  -0.67001   0.00000  -0.67001
 -5.81454  -0.27021  -1.09449  -0.27021  -1.09449   0.00000  -0.67001   0.00000  -0.67001
 -5.76441  -0.24365  -1.10671  -0.24365  -1.10671   0.00000  -0.67001   0.00000  -0.67001
 -5.71429  -0.35423  -1.12446  -0.35423  -1.12446  -0.00368  -0.67019  -0.00368  -0.67019
 -5.66416  -0.31244  -1.14012  -0.31244  -1.14012  -0.09101  -0.67475  -0.09101  -0.67475
 -5.61404  -0.24688  -1.15250  -0.24688  -1.15250  -0.13727  -0.68163  -0.13727  -0.68163
 -5.56391  -0.28900  -1.16699  -0.28900  -1.16699  -0.29917  -0.69663  -0.29917  -0.69663
 -5.51378  -0.20986  -1.17750  -0.20986  -1.17750  -0.18713  -0.70601  -0.18713  -0.70601
 -5.46366  -0.11272  -1.18315  -0.11272  -1.18315  -0.24703  -0.71839  -0.24703  -0.71839
 -5.41353  -0.22423  -1.19439  -0.22423  -1.19439  -0.33506  -0.73519  -0.33506  -0.73519
 -5.36341  -0.32340  -1.21061  -0.32340  -1.21061  -0.30262  -0.75035  -0.30262  -0.75035
 -5.31328  -0.47726  -1.23453  -0.47726  -1.23453  -0.26855  -0.76382  -0.26855  -0.76382
 -5.26316  -0.57231  -1.26322  -0.57231  -1.26322  -0.24506  -0.77610  -0.24506  -0.77610
 -5.21303  -0.71868  -1.29924  -0.71868  -1.29924  -0.23618  -0.78794  -0.23618  -0.78794
 -5.16291  -0.57847  -1.32824  -0.57847  -1.32824  -0.23743  -0.79984  -0.23743  -0.79984
 -5.11278  -0.21469  -1.33900  -0.21469  -1.33900  -0.26082  -0.81291  -0.26082  -0.81291
 -5.06266  -0.17433  -1.34774  -0.17433  -1.34774  -0.32230  -0.82907  -0.32230  -0.82907
 -5.01253  -0.26610  -1.36107  -0.26610  -1.36107  -0.35624  -0.84692  -0.35624  -0.84692
 -4.96241  -0.09389  -1.36578  -0.09389  -1.36578  -0.45294  -0.86963  -0.45294  -0.86963
 -4.91228  -0.08456  -1.37002  -0.08456  -1.37002  -0.44936  -0.89215  -0.44936  -0.89215
 -4.86216  -0.09724  -1.37489  -0.09724  -1.37489  -0.34418  -0.90941  -0.34418  -0.90941
 -4.81203  -0.04984  -1.37739  -0.04984  -1.37739  -0.32520  -0.92571  -0.32520  -0.92571
 -4.76190  -0.12761  -1.38379  -0.12761  -1.38379  -0.41476  -0.94650  -0.41476  -0.94650
 -4.71178  -0.08424  -1.38801  -0.08424  -1.38801  -0.39057  -0.96607  -0.39057  -0.96607
 -4.66165  -0.03830  -1.38993  -0.03830  -1.38993  -0.25544  -0.97888  -0.25544  -0.97888
 -4.61153  -0.01753  -1.39081  -0.01753  -1.39081  -0.22826  -0.99032  -0.22826  -0.99032
 -4.56140  -0.09670  -1.39566  -0.09670  -1.39566  -0.23189  -1.00194  -0.23189  -1.00194
 -4.51128  -0.10498  -1.40092  -0.10498  -1.40092  -0.34500  -1.01924  -0.34500  -1.01924
 -4.46115  -0.06107  -1.40398  -0.06107  -1.40398  -0.28495  -1.03352  -0.28495  -1.03352
 -4.41103  -0.06518  -1.40725  -0.06518  -1.40725  -0.28871  -1.04799  -0.28871  -1.04799
 -4.36090  -0.06825  -1.41067  -0.06825  -1.41067  -0.30777  -1.06342  -0.30777  -1.06342
 -4.31078  -0.04018  -1.41268  -0.04018  -1.41268  -0.21940  -1.07442  -0.21940  -1.07442
 -4.26065  -0.00534  -1.41295  -0.00534  -1.41295  -0.31772  -1.09034  -0.31772  -1.09034
 -4.21053  -0.01849  -1.41388  -0.01849  -1.41388  -0.26336  -1.10354  -0.26336  -1.10354
 -4.16040  -0.01542  -1.41465  -0.01542  -1.41465  -0.31577  -1.11937  -0.31577  -1.11937
 -4.11028  -0.05181  -1.41725  -0.05181  -1.41725  -0.26787  -1.13280  -0.26787  -1.13280
 -4.06015  -0.04493  -1.41950  -0.04493  -1.41950  -0.26829  -1.14625  -0.26829  -1.14625
 -4.01003  -0.06185  -1.42260  -0.06185  -1.42260  -0.31316  -1.16194  -0.31316  -1.16194
 -3.95990  -0.07885  -1.42655  -0.07885  -1.42655  -0.40413  -1.18220  -0.40413  -1.18220
 -3.90977  -0.17332  -1.43524  -0.17332  -1.43524  -0.37992  -1.20124  -0.37992  -1.20124
 -3.85965  -0.04752  -1.43762  -0.04752  -1.43762  -0.32529  -1.21755  -0.32529  -1.21755
 -3.80952  -0.00411  -1.43783  -0.00411  -1.43783  -0.27168  -1.23117  -0.27168  -1.23117
 -3.75940  -0.00832  -1.43824  -0.00832  -1.43824  -0.16123  -1.23925  -0.16123  -1.23925
 -3.70927  -0.03022  -1.43976  -0.03022  -1.43976  -0.15996  -1.24727  -0.15996  -1.24727
 -3.65915  -0.02435  -1.44098  -0.02435  -1.44098  -0.13055  -1.25381  -0.13055  -1.25381
 -3.60902   0.03535  -1.43921   0.03535  -1.43921  -0.13527  -1.26059  -0.13527  -1.26059
 -3.55890   0.08874  -1.43476   0.08874  -1.43476  -0.18662  -1.26995  -0.18662  -1.26995
 -3.50877   0.06964  -1.43127   0.06964  -1.43127  -0.12121  -1.27602  -0.12121  -1.27602
 -3.45865  -0.00985  -1.43176  -0.00985  -1.43176  -0.12175  -1.28212  -0.12175  -1.28212
 -3.40852   0.01043  -1.43124   0.01043  -1.43124  -0.12670  -1.28847  -0.12670  -1.28847
 -3.35840   0.02140  -1.43017   0.02140  -1.43017  -0.17429  -1.29721  -0.17429  -1.29721
 -3.30827   0.03599  -1.42836   0.03599  -1.42836  -0.09604  -1.30203  -0.09604  -1.30203
 -3.25815   0.06006  -1.42535   0.06006  -1.42535  -0.10064  -1.30707  -0.10064  -1.30707
 -3.20802   0.23558  -1.41354   0.23558  -1.41354  -0.06949  -1.31055  -0.06949  -1.31055
 -3.15789   0.17214  -1.40491   0.17214  -1.40491  -0.08735  -1.31493  -0.08735  -1.31493
 -3.10777   0.08803  -1.40050   0.08803  -1.40050  -0.07550  -1.31872  -0.07550  -1.31872
 -3.05764   0.12443  -1.39426   0.12443  -1.39426  -0.06087  -1.32177  -0.06087  -1.32177
 -3.00752   0.14503  -1.38699   0.14503  -1.38699  -0.03902  -1.32372  -0.03902  -1.32372
 -2.95739   0.09186  -1.38239   0.09186  -1.38239  -0.04549  -1.32600  -0.04549  -1.32600
 -2.90727   0.13212  -1.37577   0.13212  -1.37577  -0.06592  -1.32931  -0.06592  -1.32931
 -2.85714   0.17116  -1.36719   0.17116  -1.36719  -0.08937  -1.33379  -0.08937  -1.33379
 -2.80702   0.20158  -1.35708   0.20158  -1.35708  -0.07400  -1.33750  -0.07400  -1.33750
 -2.75689   0.17723  -1.34820   0.17723  -1.34820  -0.07066  -1.34104  -0.07066  -1.34104
 -2.70677   0.12953  -1.34171   0.12953  -1.34171  -0.07591  -1.34484  -0.07591  -1.34484
 -2.65664   0.10934  -1.33623   0.10934  -1.33623  -0.07159  -1.34843  -0.07159  -1.34843
 -2.60652   0.11967  -1.33023   0.11967  -1.33023  -0.06882  -1.35188  -0.06882  -1.35188
 -2.55639   0.11236  -1.32460   0.11236  -1.32460  -0.04610  -1.35419  -0.04610  -1.35419
 -2.50627   0.12574  -1.31829   0.12574  -1.31829  -0.01366  -1.35488  -0.01366  -1.35488
 -2.45614   0.18439  -1.30905   0.18439  -1.30905   0.01624  -1.35406   0.01624  -1.35406
 -2.40602   0.18462  -1.29980   0.18462  -1.29980   0.01384  -1.35337   0.01384  -1.35337
 -2.35589   0.17651  -1.29095   0.17651  -1.29095   0.00283  -1.35323   0.00283  -1.35323
 -2.30576   0.10620  -1.28563   0.10620  -1.28563   0.00034  -1.35321   0.00034  -1.35321
 -2.25564   0.14253  -1.27848   0.14253  -1.27848  -0.04739  -1.35559  -0.04739  -1.35559
 -2.20551   0.12686  -1.27212   0.12686  -1.27212  -0.01457  -1.35632  -0.01457  -1.35632
 -2.15539   0.12946  -1.26563   0.12946  -1.26563  -0.03246  -1.35794  -0.03246  -1.35794
 -2.10526   0.11571  -1.25983   0.11571  -1.25983  -0.05069  -1.36048  -0.05069  -1.36048
 -2.05514   0.13227  -1.25320   0.13227  -1.25320  -0.05126  -1.36305  -0.05126  -1.36305
 -2.00501   0.10636  -1.24787   0.10636  -1.24787  -0.08065  -1.36710  -0.08065  -1.36710
 -1.95489   0.10352  -1.24268   0.10352  -1.24268  -0.07592  -1.37090  -0.07592  -1.37090
 -1.90476   0.08788  -1.23828   0.08788  -1.23828  -0.10289  -1.37606  -0.10289  -1.37606
 -1.85464   0.11323  -1.23260   0.11323  -1.23260  -0.04796  -1.37846  -0.04796  -1.37846
 -1.80451   0.08320  -1.22843   0.08320  -1.22843  -0.03638  -1.38029  -0.03638  -1.38029
 -1.75439   0.14540  -1.22114   0.14540  -1.22114  -0.05066  -1.38283  -0.05066  -1.38283
 -1.70426   0.14203  -1.21402   0.14203  -1.21402  -0.05330  -1.38550  -0.05330  -1.38550
 -1.65414   0.13634  -1.20719   0.13634  -1.20719  -0.03412  -1.38721  -0.03412  -1.38721
 -1.60401   0.13757  -1.20029   0.13757  -1.20029   0.00938  -1.38674   0.00938  -1.38674
 -1.55388   0.13862  -1.19335   0.13862  -1.19335   0.02348  -1.38556   0.02348  -1.38556
 -1.50376   0.12505  -1.18708   0.12505  -1.18708   0.04105  -1.38350   0.04105  -1.38350
 -1.45363   0.11868  -1.18113   0.11868  -1.18113   0.05220  -1.38089   0.05220  -1.38089
 -1.40351   0.08825  -1.17671   0.08825  -1.17671   0.03939  -1.37891   0.03939  -1.37891
 -1.35338   0.05473  -1.17396   0.05473  -1.17396   0.02923  -1.37745   0.02923  -1.37745
 -1.30326   0.03838  -1.17204   0.03838  -1.17204   0.01692  -1.37660   0.01692  -1.37660
 -1.25313   0.04454  -1.16981   0.04454  -1.16981  -0.00025  -1.37661  -0.00025  -1.37661
 -1.20301   0.08735  -1.16543   0.08735  -1.16543  -0.00498  -1.37686  -0.00498  -1.37686
 -1.15288   0.08694  -1.16107   0.08694  -1.16107  -0.00719  -1.37722  -0.00719  -1.37722
 -1.10276   0.06226  -1.15795   0.06226  -1.15795  -0.01108  -1.37778  -0.01108  -1.37778
 -1.05263   0.08803  -1.15354   0.08803  -1.15354  -0.01014  -1.37829  -0.01014  -1.37829
 -1.00251   0.05570  -1.15074   0.05570  -1.15074  -0.01149  -1.37886  -0.01149  -1.37886
 -0.95238   0.03298  -1.14909   0.03298  -1.14909  -0.00482  -1.37910  -0.00482  -1.37910
 -0.90226   0.04971  -1.14660   0.04971  -1.14660  -0.01158  -1.37968  -0.01158  -1.37968
 -0.85213   0.05564  -1.14381   0.05564  -1.14381  -0.00943  -1.38016  -0.00943  -1.38016
 -0.80201   0.01764  -1.14293   0.01764  -1.14293  -0.00421  -1.38037  -0.00421  -1.38037
 -0.75188   0.01001  -1.14242   0.01001  -1.14242  -0.00664  -1.38070  -0.00664  -1.38070
 -0.70175   0.01762  -1.14154   0.01762  -1.14154  -0.00455  -1.38093  -0.00455  -1.38093
 -0.65163   0.02240  -1.14042   0.02240  -1.14042  -0.00260  -1.38106  -0.00260  -1.38106
 -0.60150   0.03302  -1.13876   0.03302  -1.13876   0.00000  -1.38106   0.00000  -1.38106
 -0.55138   0.01721  -1.13790   0.01721  -1.13790   0.00000  -1.38106   0.00000  -1.38106
 -0.50125   0.02570  -1.13661   0.02570  -1.13661   0.00000  -1.38106   0.00000  -1.38106
 -0.45113   0.03422  -1.13490   0.03422  -1.13490   0.00000  -1.38106   0.00000  -1.38106
 -0.40100   0.03622  -1.13308   0.03622  -1.13308   0.00000  -1.38106   0.00000  -1.38106
 -0.35088   0.06584  -1.12978   0.06584  -1.12978   0.00000  -1.38106   0.00000  -1.38106
 -0.30075   0.02977  -1.12829   0.02977  -1.12829   0.00000  -1.38106   0.00000  -1.38106
 -0.25063   0.00211  -1.12818   0.00211  -1.12818   0.00000  -1.38106   0.00000  -1.38106
 -0.20050   0.00029  -1.12817   0.00029  -1.12817   0.00000  -1.38106   0.00000  -1.38106
 -0.15038   0.00003  -1.12817   0.00003  -1.12817   0.00000  -1.38106   0.00000  -1.38106
 -0.10025   0.00037  -1.12815   0.00037  -1.12815   0.00000  -1.38106   0.00000  -1.38106
 -0.05013   0.00056  -1.12812   0.00056  -1.12812   0.00000  -1.38106   0.00000  -1.38106
  0.00000   0.00075  -1.12808   0.00075  -1.12808   0.00000  -1.38106   0.00000  -1.38106
  0.05013   0.00000  -1.12808   0.00000  -1.12808   0.00000  -1.38106   0.00000  -1.38106
  0.10025   0.00000  -1.12808   0.00000  -1.12808   0.00000  -1.38106   0.00000  -1.38106
  0.15038   0.00000  -1.12808   0.00000  -1.12808   0.00000  -1.38106   0.00000  -1.38106
  0.20050   0.00000  -1.12808   0.00000  -1.12808   0.00000  -1.38106   0.00000  -1.38106
  0.25063   0.00000  -1.12808   0.00000  -1.12808   0.00000  -1.38106   0.00000  -1.38106
  0.30075   0.00000  -1.12808   0.00000  -1.12808   0.00000  -1.38106   0.00000  -1.38106
  0.35088   0.00000  -1.12808   0.00000  -1.12808   0.00000  -1.38106   0.00000  -1.38106
  0.40100   0.00000  -1.12808   0.00000  -1.12808   0.00000  -1.38106   0.00000  -1.38106
  0.45113   0.00000  -1.12808   0.00000  -1.12808   0.00000  -1.38106   0.00000  -1.38106
  0.50125   0.00000  -1.12808   0.00000  -1.12808   0.00000  -1.38106   0.00000  -1.38106
  0.55138   0.00000  -1.12808   0.00000  -1.12808   0.00000  -1.38106   0.00000  -1.38106
  0.60150   0.00000  -1.12808   0.00000  -1.12808   0.00000  -1.38106   0.00000  -1.38106
  0.65163   0.00000  -1.12808   0.00000  -1.12808   0.00000  -1.38106   0.00000  -1.38106
  0.70175   0.00000  -1.12808   0.00000  -1.12808   0.00000  -1.38106   0.00000  -1.38106
  0.75188   0.00000  -1.12808   0.00000  -1.12808   0.00000  -1.38106   0.00000  -1.38106
  0.80201   0.00000  -1.12808   0.00000  -1.12808   0.00000  -1.38106   0.00000  -1.38106
  0.85213   0.00000  -1.12808   0.00000  -1.12808   0.00000  -1.38106   0.00000  -1.38106
  0.90226   0.00000  -1.12808   0.00000  -1.12808   0.00000  -1.38106   0.00000  -1.38106
  0.95238   0.00000  -1.12808   0.00000  -1.12808   0.00000  -1.38106   0.00000  -1.38106
  1.00251   0.10919  -1.12261   0.10919  -1.12261   0.00000  -1.38106   0.00000  -1.38106
  1.05263   0.24390  -1.11039   0.24390  -1.11039   0.00000  -1.38106   0.00000  -1.38106
  1.10276   0.66255  -1.07717   0.66255  -1.07717   0.00000  -1.38106   0.00000  -1.38106
  1.15288   0.78416  -1.03787   0.78416  -1.03787   0.00000  -1.38106   0.00000  -1.38106
  1.20301   0.69183  -1.00319   0.69183  -1.00319   0.00000  -1.38106   0.00000  -1.38106
  1.25313   0.71570  -0.96732   0.71570  -0.96732   0.00000  -1.38106   0.00000  -1.38106
  1.30326   1.11612  -0.91137   1.11612  -0.91137   0.00000  -1.38106   0.00000  -1.38106
  1.35338   1.11605  -0.85543   1.11605  -0.85543   0.00000  -1.38106   0.00000  -1.38106
  1.40351   0.96342  -0.80714   0.96342  -0.80714   0.00000  -1.38106   0.00000  -1.38106
  1.45363   0.61186  -0.77647   0.61186  -0.77647   0.00000  -1.38106   0.00000  -1.38106
  1.50376   0.46604  -0.75311   0.46604  -0.75311   0.00000  -1.38106   0.00000  -1.38106
  1.55388   0.26907  -0.73962   0.26907  -0.73962   0.00000  -1.38106   0.00000  -1.38106
  1.60401   0.30083  -0.72454   0.30083  -0.72454   0.00000  -1.38106   0.00000  -1.38106
  1.65414   0.48667  -0.70014   0.48667  -0.70014   0.00000  -1.38106   0.00000  -1.38106
  1.70426   0.41327  -0.67943   0.41327  -0.67943   0.00000  -1.38106   0.00000  -1.38106
  1.75439   0.28474  -0.66516   0.28474  -0.66516   0.00000  -1.38106   0.00000  -1.38106
  1.80451   0.76989  -0.62657   0.76989  -0.62657   0.00000  -1.38106   0.00000  -1.38106
  1.85464   0.70355  -0.59130   0.70355  -0.59130   0.00000  -1.38106   0.00000  -1.38106
  1.90476   0.50082  -0.56620   0.50082  -0.56620   0.00000  -1.38106   0.00000  -1.38106
  1.95489   0.26094  -0.55312   0.26094  -0.55312   0.00000  -1.38106   0.00000  -1.38106
  2.00501   0.12990  -0.54661   0.12990  -0.54661   0.00000  -1.38106   0.00000  -1.38106
  2.05514   0.07249  -0.54297   0.07249  -0.54297   0.00000  -1.38106   0.00000  -1.38106
  2.10526   0.03678  -0.54113   0.03678  -0.54113   0.00000  -1.38106   0.00000  -1.38106
  2.15539   0.00187  -0.54103   0.00187  -0.54103   0.00000  -1.38106   0.00000  -1.38106
  2.20551   0.00031  -0.54102   0.00031  -0.54102   0.00000  -1.38106   0.00000  -1.38106
  2.25564   0.00000  -0.54102   0.00000  -0.54102   0.00000  -1.38106   0.00000  -1.38106
  2.30576   0.00000  -0.54102   0.00000  -0.54102   0.00000  -1.38106   0.00000  -1.38106
  2.35589   0.00000  -0.54102   0.00000  -0.54102   0.00000  -1.38106   0.00000  -1.38106
  2.40602   0.00000  -0.54102   0.00000  -0.54102   0.00000  -1.38106   0.00000  -1.38106
  2.45614   0.00000  -0.54102   0.00000  -0.54102   0.00000  -1.38106   0.00000  -1.38106
  2.50627   0.00000  -0.54102   0.00000  -0.54102   0.00000  -1.38106   0.00000  -1.38106
  2.55639   0.00000  -0.54102   0.00000  -0.54102   0.00000  -1.38106   0.00000  -1.38106
  2.60652   0.00000  -0.54102   0.00000  -0.54102   0.14784  -1.37365   0.14784  -1.37365
  2.65664   0.00000  -0.54102   0.00000  -0.54102   0.32821  -1.35720   0.32821  -1.35720
  2.70677   0.00000  -0.54102   0.00000  -0.54102   0.27053  -1.34364   0.27053  -1.34364
  2.75689   0.00000  -0.54102   0.00000  -0.54102   0.27226  -1.32999   0.27226  -1.32999
  2.80702   0.00000  -0.54102   0.00000  -0.54102   0.26035  -1.31694   0.26035  -1.31694
  2.85714   0.00000  -0.54102   0.00000  -0.54102   0.10017  -1.31192   0.10017  -1.31192
  2.90727   0.00000  -0.54102   0.00000  -0.54102   0.23346  -1.30022   0.23346  -1.30022
  2.95739   0.00000  -0.54102   0.00000  -0.54102   0.29129  -1.28561   0.29129  -1.28561
  3.00752   0.00000  -0.54102   0.00000  -0.54102   0.69102  -1.25098   0.69102  -1.25098
  3.05764   0.00000  -0.54102   0.00000  -0.54102   0.46892  -1.22747   0.46892  -1.22747
  3.10777   0.00000  -0.54102   0.00000  -0.54102   0.25134  -1.21487   0.25134  -1.21487
  3.15789   0.00000  -0.54102   0.00000  -0.54102   0.13321  -1.20820   0.13321  -1.20820
  3.20802   0.00000  -0.54102   0.00000  -0.54102   0.16038  -1.20016   0.16038  -1.20016
  3.25815   0.00000  -0.54102   0.00000  -0.54102   0.27279  -1.18648   0.27279  -1.18648
  3.30827   0.00000  -0.54102   0.00000  -0.54102   0.54015  -1.15941   0.54015  -1.15941
  3.35840   0.00000  -0.54102   0.00000  -0.54102   0.52166  -1.13326   0.52166  -1.13326
  3.40852   0.00000  -0.54102   0.00000  -0.54102   0.34642  -1.11590   0.34642  -1.11590
  3.45865   0.00000  -0.54102   0.00000  -0.54102   0.10596  -1.11058   0.10596  -1.11058
  3.50877   0.00000  -0.54102   0.00000  -0.54102   0.19464  -1.10083   0.19464  -1.10083
  3.55890   0.00000  -0.54102   0.00000  -0.54102   0.33184  -1.08419   0.33184  -1.08419
  3.60902   0.00000  -0.54102   0.00000  -0.54102   0.60890  -1.05367   0.60890  -1.05367
  3.65915   0.00000  -0.54102   0.00000  -0.54102   0.94542  -1.00628   0.94542  -1.00628
  3.70927   0.00000  -0.54102   0.00000  -0.54102   0.92197  -0.96007   0.92197  -0.96007
  3.75940   0.00000  -0.54102   0.00000  -0.54102   0.97452  -0.91122   0.97452  -0.91122
  3.80952   0.00000  -0.54102   0.00000  -0.54102   1.00981  -0.86060   1.00981  -0.86060
  3.85965   0.00000  -0.54102   0.00000  -0.54102   1.10281  -0.80533   1.10281  -0.80533
  3.90977   0.00000  -0.54102   0.00000  -0.54102   1.86443  -0.71187   1.86443  -0.71187
  3.95990   0.00000  -0.54102   0.00000  -0.54102   1.04531  -0.65947   1.04531  -0.65947
  4.01003   0.00000  -0.54102   0.00000  -0.54102   0.50208  -0.63431   0.50208  -0.63431
  4.06015   0.00000  -0.54102   0.00000  -0.54102   0.82808  -0.59280   0.82808  -0.59280
  4.11028   0.00000  -0.54102   0.00000  -0.54102   0.66896  -0.55927   0.66896  -0.55927
  4.16040   0.00000  -0.54102   0.00000  -0.54102   0.16427  -0.55103   0.16427  -0.55103
  4.21053   0.00000  -0.54102   0.00000  -0.54102   0.12369  -0.54483   0.12369  -0.54483
  4.26065   0.00000  -0.54102   0.00000  -0.54102   0.16492  -0.53657   0.16492  -0.53657
  4.31078   0.00000  -0.54102   0.00000  -0.54102   0.14256  -0.52942   0.14256  -0.52942
  4.36090   0.00000  -0.54102   0.00000  -0.54102   0.05975  -0.52643   0.05975  -0.52643
  4.41103   0.00000  -0.54102   0.00000  -0.54102   0.00224  -0.52631   0.00224  -0.52631
  4.46115   0.00000  -0.54102   0.00000  -0.54102   0.00286  -0.52617   0.00286  -0.52617
  4.51128   0.00000  -0.54102   0.00000  -0.54102   0.00000  -0.52617   0.00000  -0.52617
  4.56140   0.00000  -0.54102   0.00000  -0.54102   0.00000  -0.52617   0.00000  -0.52617
  4.61153   0.00000  -0.54102   0.00000  -0.54102   0.00000  -0.52617   0.00000  -0.52617
  4.66165   0.00000  -0.54102   0.00000  -0.54102   0.00000  -0.52617   0.00000  -0.52617
  4.71178   0.00000  -0.54102   0.00000  -0.54102   0.00000  -0.52617   0.00000  -0.52617
  4.76190   0.00000  -0.54102   0.00000  -0.54102   0.00000  -0.52617   0.00000  -0.52617
  4.81203   0.00000  -0.54102   0.00000  -0.54102   0.00000  -0.52617   0.00000  -0.52617
  4.86216   0.00000  -0.54102   0.00000  -0.54102   0.00000  -0.52617   0.00000  -0.52617
  4.91228   0.00000  -0.54102   0.00000  -0.54102   0.00000  -0.52617   0.00000  -0.52617
  4.96241   0.00000  -0.54102   0.00000  -0.54102   0.00000  -0.52617   0.00000  -0.52617
  5.01253   0.00000  -0.54102   0.00000  -0.54102   0.00000  -0.52617   0.00000  -0.52617
  5.06266   0.00000  -0.54102   0.00000  -0.54102   0.00000  -0.52617   0.00000  -0.52617
  5.11278   0.00000  -0.54102   0.00000  -0.54102   0.00000  -0.52617   0.00000  -0.52617
  5.16291   0.00000  -0.54102   0.00000  -0.54102   0.00000  -0.52617   0.00000  -0.52617
  5.21303   0.00000  -0.54102   0.00000  -0.54102   0.00000  -0.52617   0.00000  -0.52617
  5.26316   0.00000  -0.54102   0.00000  -0.54102   0.00000  -0.52617   0.00000  -0.52617
  5.31328   0.00000  -0.54102   0.00000  -0.54102   0.00000  -0.52617   0.00000  -0.52617
  5.36341   0.00000  -0.54102   0.00000  -0.54102   0.00000  -0.52617   0.00000  -0.52617
  5.41353   0.00000  -0.54102   0.00000  -0.54102   0.00000  -0.52617   0.00000  -0.52617
  5.46366   0.00000  -0.54102   0.00000  -0.54102   0.00000  -0.52617   0.00000  -0.52617
  5.51378   0.00000  -0.54102   0.00000  -0.54102   0.00000  -0.52617   0.00000  -0.52617
  5.56391   0.00000  -0.54102   0.00000  -0.54102   0.00000  -0.52617   0.00000  -0.52617
  5.61404   0.00000  -0.54102   0.00000  -0.54102   0.00000  -0.52617   0.00000  -0.52617
  5.66416   0.00000  -0.54102   0.00000  -0.54102   0.00000  -0.52617   0.00000  -0.52617
  5.71429   0.00000  -0.54102   0.00000  -0.54102   0.00000  -0.52617   0.00000  -0.52617
  5.76441   0.00000  -0.54102   0.00000  -0.54102   0.00000  -0.52617   0.00000  -0.52617
  5.81454   0.00000  -0.54102   0.00000  -0.54102   0.00000  -0.52617   0.00000  -0.52617
  5.86466   0.00000  -0.54102   0.00000  -0.54102   0.00000  -0.52617   0.00000  -0.52617
  5.91479   0.00000  -0.54102   0.00000  -0.54102   0.00000  -0.52617   0.00000  -0.52617
  5.96491   0.00012  -0.54101   0.00012  -0.54101   0.00000  -0.52617   0.00000  -0.52617
  6.01504   0.00157  -0.54093   0.00157  -0.54093   0.00000  -0.52617   0.00000  -0.52617
  6.06516   0.00437  -0.54071   0.00437  -0.54071   0.00000  -0.52617   0.00000  -0.52617
  6.11529   0.00736  -0.54035   0.00736  -0.54035   0.00000  -0.52617   0.00000  -0.52617
  6.16541   0.00830  -0.53993   0.00830  -0.53993   0.00000  -0.52617   0.00000  -0.52617
  6.21554   0.00800  -0.53953   0.00800  -0.53953   0.00024  -0.52616   0.00024  -0.52616
  6.26566   0.00881  -0.53909   0.00881  -0.53909   0.00207  -0.52606   0.00207  -0.52606
  6.31579   0.01208  -0.53848   0.01208  -0.53848   0.00489  -0.52581   0.00489  -0.52581
  6.36591   0.01775  -0.53759   0.01775  -0.53759   0.00746  -0.52544   0.00746  -0.52544
  6.41604   0.02803  -0.53619   0.02803  -0.53619   0.00769  -0.52505   0.00769  -0.52505
  6.46617   0.04326  -0.53402   0.04326  -0.53402   0.00763  -0.52467   0.00763  -0.52467
  6.51629   0.04028  -0.53200   0.04028  -0.53200   0.00956  -0.52419   0.00956  -0.52419
  6.56642   0.03716  -0.53014   0.03716  -0.53014   0.01396  -0.52349   0.01396  -0.52349
  6.61654   0.03509  -0.52838   0.03509  -0.52838   0.02118  -0.52243   0.02118  -0.52243
  6.66667   0.03274  -0.52674   0.03274  -0.52674   0.03744  -0.52055   0.03744  -0.52055
  6.71679   0.03194  -0.52514   0.03194  -0.52514   0.04051  -0.51852   0.04051  -0.51852
  6.76692   0.03778  -0.52324   0.03778  -0.52324   0.03596  -0.51672   0.03596  -0.51672
  6.81704   0.06414  -0.52003   0.06414  -0.52003   0.03444  -0.51499   0.03444  -0.51499
  6.86717   0.07606  -0.51622   0.07606  -0.51622   0.03186  -0.51340   0.03186  -0.51340
  6.91729   0.07063  -0.51268   0.07063  -0.51268   0.03063  -0.51186   0.03063  -0.51186
  6.96742   0.06687  -0.50932   0.06687  -0.50932   0.03287  -0.51021   0.03287  -0.51021
  7.01754   0.06706  -0.50596   0.06706  -0.50596   0.05457  -0.50748   0.05457  -0.50748
  7.06767   0.06819  -0.50254   0.06819  -0.50254   0.07226  -0.50385   0.07226  -0.50385
  7.11779   0.06699  -0.49919   0.06699  -0.49919   0.06867  -0.50041   0.06867  -0.50041
  7.16792   0.06800  -0.49578   0.06800  -0.49578   0.06079  -0.49737   0.06079  -0.49737
  7.21805   0.07481  -0.49203   0.07481  -0.49203   0.06096  -0.49431   0.06096  -0.49431
  7.26817   0.08095  -0.48797   0.08095  -0.48797   0.06561  -0.49102   0.06561  -0.49102
  7.31830   0.07868  -0.48403   0.07868  -0.48403   0.06593  -0.48772   0.06593  -0.48772
  7.36842   0.07432  -0.48030   0.07432  -0.48030   0.06562  -0.48443   0.06562  -0.48443
  7.41855   0.07212  -0.47669   0.07212  -0.47669   0.06598  -0.48112   0.06598  -0.48112
  7.46867   0.05723  -0.47382   0.05723  -0.47382   0.06839  -0.47769   0.06839  -0.47769
  7.51880   0.05019  -0.47130   0.05019  -0.47130   0.07989  -0.47369   0.07989  -0.47369
  7.56892   0.06570  -0.46801   0.06570  -0.46801   0.07990  -0.46968   0.07990  -0.46968
  7.61905   0.09351  -0.46332   0.09351  -0.46332   0.07485  -0.46593   0.07485  -0.46593
  7.66917   0.06161  -0.46023   0.06161  -0.46023   0.06165  -0.46284   0.06165  -0.46284
  7.71930   0.03475  -0.45849   0.03475  -0.45849   0.05240  -0.46021   0.05240  -0.46021
  7.76942   0.03846  -0.45656   0.03846  -0.45656   0.05072  -0.45767   0.05072  -0.45767
  7.81955   0.04611  -0.45425   0.04611  -0.45425   0.06783  -0.45427   0.06783  -0.45427
  7.86967   0.05305  -0.45159   0.05305  -0.45159   0.09293  -0.44961   0.09293  -0.44961
  7.91980   0.06116  -0.44853   0.06116  -0.44853   0.04737  -0.44724   0.04737  -0.44724
  7.96992   0.06929  -0.44505   0.06929  -0.44505   0.03978  -0.44524   0.03978  -0.44524
  8.02005   0.09682  -0.44020   0.09682  -0.44020   0.05297  -0.44259   0.05297  -0.44259
  8.07018   0.09741  -0.43532   0.09741  -0.43532   0.06616  -0.43927   0.06616  -0.43927
  8.12030   0.09250  -0.43068   0.09250  -0.43068   0.05960  -0.43628   0.05960  -0.43628
  8.17043   0.10256  -0.42554   0.10256  -0.42554   0.09442  -0.43155   0.09442  -0.43155
  8.22055   0.11394  -0.41983   0.11394  -0.41983   0.09942  -0.42657   0.09942  -0.42657
  8.27068   0.16747  -0.41143   0.16747  -0.41143   0.09551  -0.42178   0.09551  -0.42178
  8.32080   0.13918  -0.40446   0.13918  -0.40446   0.09559  -0.41699   0.09559  -0.41699
  8.37093   0.11397  -0.39875   0.11397  -0.39875   0.10425  -0.41176   0.10425  -0.41176
  8.42105   0.12081  -0.39269   0.12081  -0.39269   0.13248  -0.40512   0.13248  -0.40512
  8.47118   0.15152  -0.38510   0.15152  -0.38510   0.11886  -0.39917   0.11886  -0.39917
  8.52130   0.13312  -0.37842   0.13312  -0.37842   0.11623  -0.39334   0.11623  -0.39334
  8.57143   0.09905  -0.37346   0.09905  -0.37346   0.11658  -0.38750   0.11658  -0.38750
  8.62155   0.12812  -0.36704   0.12812  -0.36704   0.15760  -0.37960   0.15760  -0.37960
  8.67168   0.09275  -0.36239   0.09275  -0.36239   0.10990  -0.37409   0.10990  -0.37409
  8.72180   0.13972  -0.35538   0.13972  -0.35538   0.12152  -0.36800   0.12152  -0.36800
  8.77193   0.13909  -0.34841   0.13909  -0.34841   0.13002  -0.36148   0.13002  -0.36148
  8.82206   0.14153  -0.34132   0.14153  -0.34132   0.09742  -0.35660   0.09742  -0.35660
  8.87218   0.14345  -0.33413   0.14345  -0.33413   0.14045  -0.34956   0.14045  -0.34956
  8.92231   0.13822  -0.32720   0.13822  -0.32720   0.14370  -0.34235   0.14370  -0.34235
  8.97243   0.14773  -0.31979   0.14773  -0.31979   0.13046  -0.33581   0.13046  -0.33581
  9.02256   0.13059  -0.31325   0.13059  -0.31325   0.13953  -0.32882   0.13953  -0.32882
  9.07268   0.09495  -0.30849   0.09495  -0.30849   0.14175  -0.32171   0.14175  -0.32171
  9.12281   0.08291  -0.30433   0.08291  -0.30433   0.16680  -0.31335   0.16680  -0.31335
  9.17293   0.06610  -0.30102   0.06610  -0.30102   0.13141  -0.30677   0.13141  -0.30677
  9.22306   0.10048  -0.29598   0.10048  -0.29598   0.10632  -0.30144   0.10632  -0.30144
  9.27318   0.11095  -0.29042   0.11095  -0.29042   0.09049  -0.29690   0.09049  -0.29690
  9.32331   0.10827  -0.28499   0.10827  -0.28499   0.06209  -0.29379   0.06209  -0.29379
  9.37343   0.09719  -0.28012   0.09719  -0.28012   0.07964  -0.28980   0.07964  -0.28980
  9.42356   0.09220  -0.27550   0.09220  -0.27550   0.09659  -0.28496   0.09659  -0.28496
  9.47368   0.09247  -0.27087   0.09247  -0.27087   0.11152  -0.27937   0.11152  -0.27937
  9.52381   0.09693  -0.26601   0.09693  -0.26601   0.09982  -0.27436   0.09982  -0.27436
  9.57393   0.10940  -0.26052   0.10940  -0.26052   0.09669  -0.26952   0.09669  -0.26952
  9.62406   0.11447  -0.25479   0.11447  -0.25479   0.09957  -0.26452   0.09957  -0.26452
  9.67419   0.12316  -0.24861   0.12316  -0.24861   0.10264  -0.25938   0.10264  -0.25938
  9.72431   0.10538  -0.24333   0.10538  -0.24333   0.11210  -0.25376   0.11210  -0.25376
  9.77444   0.08534  -0.23905   0.08534  -0.23905   0.11371  -0.24806   0.11371  -0.24806
  9.82456   0.07750  -0.23517   0.07750  -0.23517   0.11120  -0.24249   0.11120  -0.24249
  9.87469   0.08327  -0.23099   0.08327  -0.23099   0.09331  -0.23781   0.09331  -0.23781
  9.92481   0.10040  -0.22596   0.10040  -0.22596   0.08800  -0.23340   0.08800  -0.23340
  9.97494   0.09592  -0.22115   0.09592  -0.22115   0.07352  -0.22971   0.07352  -0.22971
 10.02506   0.08213  -0.21704   0.08213  -0.21704   0.07676  -0.22587   0.07676  -0.22587