ESCALE ; pCOHP file generated by LOBSTER. Energy is shifted such that the Fermi level lies at 0 eV.
         2          2        401  -5.82964e+00   1.42205e+01   4.19543e+00 
Average
No.1:Mn46->O86(1.948327794391352)
-10.02506   0.00000  -0.67687   0.00000  -0.67687   0.00000  -0.66845   0.00000  -0.66845
 -9.97494   0.00000  -0.67687   0.00000  -0.67687   0.00000  -0.66845   0.00000  -0.66845
 -9.92481   0.00000  -0.67687   0.00000  -0.67687   0.00000  -0.66845   0.00000  -0.66845
 -9.87469   0.00000  -0.67687   0.00000  -0.67687   0.00000  -0.66845   0.00000  -0.66845
 -9.82456   0.00000  -0.67687   0.00000  -0.67687   0.00000  -0.66845   0.00000  -0.66845
 -9.77444   0.00000  -0.67687   0.00000  -0.67687   0.00000  -0.66845   0.00000  -0.66845
 -9.72431   0.00000  -0.67687   0.00000  -0.67687   0.00000  -0.66845   0.00000  -0.66845
 -9.67419   0.00000  -0.67687   0.00000  -0.67687   0.00000  -0.66845   0.00000  -0.66845
 -9.62406   0.00000  -0.67687   0.00000  -0.67687   0.00000  -0.66845   0.00000  -0.66845
 -9.57393   0.00000  -0.67687   0.00000  -0.67687   0.00000  -0.66845   0.00000  -0.66845
 -9.52381   0.00000  -0.67687   0.00000  -0.67687   0.00000  -0.66845   0.00000  -0.66845
 -9.47368   0.00000  -0.67687   0.00000  -0.67687   0.00000  -0.66845   0.00000  -0.66845
 -9.42356   0.00000  -0.67687   0.00000  -0.67687   0.00000  -0.66845   0.00000  -0.66845
 -9.37343   0.00000  -0.67687   0.00000  -0.67687   0.00000  -0.66845   0.00000  -0.66845
 -9.32331   0.00000  -0.67687   0.00000  -0.67687   0.00000  -0.66845   0.00000  -0.66845
 -9.27318   0.00000  -0.67687   0.00000  -0.67687   0.00000  -0.66845   0.00000  -0.66845
 -9.22306   0.00000  -0.67687   0.00000  -0.67687   0.00000  -0.66845   0.00000  -0.66845
 -9.17293   0.00000  -0.67687   0.00000  -0.67687   0.00000  -0.66845   0.00000  -0.66845
 -9.12281   0.00000  -0.67687   0.00000  -0.67687   0.00000  -0.66845   0.00000  -0.66845
 -9.07268   0.00000  -0.67687   0.00000  -0.67687   0.00000  -0.66845   0.00000  -0.66845
 -9.02256   0.00000  -0.67687   0.00000  -0.67687   0.00000  -0.66845   0.00000  -0.66845
 -8.97243   0.00000  -0.67687   0.00000  -0.67687   0.00000  -0.66845   0.00000  -0.66845
 -8.92231   0.00000  -0.67687   0.00000  -0.67687   0.00000  -0.66845   0.00000  -0.66845
 -8.87218   0.00000  -0.67687   0.00000  -0.67687   0.00000  -0.66845   0.00000  -0.66845
 -8.82206   0.00000  -0.67687   0.00000  -0.67687   0.00000  -0.66845   0.00000  -0.66845
 -8.77193   0.00000  -0.67687   0.00000  -0.67687   0.00000  -0.66845   0.00000  -0.66845
 -8.72180   0.00000  -0.67687   0.00000  -0.67687   0.00000  -0.66845   0.00000  -0.66845
 -8.67168   0.00000  -0.67687   0.00000  -0.67687   0.00000  -0.66845   0.00000  -0.66845
 -8.62155   0.00000  -0.67687   0.00000  -0.67687   0.00000  -0.66845   0.00000  -0.66845
 -8.57143   0.00000  -0.67687   0.00000  -0.67687   0.00000  -0.66845   0.00000  -0.66845
 -8.52130   0.00000  -0.67687   0.00000  -0.67687   0.00000  -0.66845   0.00000  -0.66845
 -8.47118   0.00000  -0.67687   0.00000  -0.67687   0.00000  -0.66845   0.00000  -0.66845
 -8.42105   0.00000  -0.67687   0.00000  -0.67687   0.00000  -0.66845   0.00000  -0.66845
 -8.37093   0.00000  -0.67687   0.00000  -0.67687   0.00000  -0.66845   0.00000  -0.66845
 -8.32080   0.00000  -0.67687   0.00000  -0.67687   0.00000  -0.66845   0.00000  -0.66845
 -8.27068   0.00000  -0.67687   0.00000  -0.67687   0.00000  -0.66845   0.00000  -0.66845
 -8.22055   0.00000  -0.67687   0.00000  -0.67687   0.00000  -0.66845   0.00000  -0.66845
 -8.17043   0.00000  -0.67687   0.00000  -0.67687   0.00000  -0.66845   0.00000  -0.66845
 -8.12030   0.00000  -0.67687   0.00000  -0.67687   0.00000  -0.66845   0.00000  -0.66845
 -8.07018   0.00000  -0.67687   0.00000  -0.67687   0.00000  -0.66845   0.00000  -0.66845
 -8.02005   0.00000  -0.67687   0.00000  -0.67687   0.00000  -0.66845   0.00000  -0.66845
 -7.96992   0.00000  -0.67687   0.00000  -0.67687   0.00000  -0.66845   0.00000  -0.66845
 -7.91980   0.00000  -0.67687   0.00000  -0.67687   0.00000  -0.66845   0.00000  -0.66845
 -7.86967   0.00000  -0.67687   0.00000  -0.67687   0.00000  -0.66845   0.00000  -0.66845
 -7.81955   0.00000  -0.67687   0.00000  -0.67687   0.00000  -0.66845   0.00000  -0.66845
 -7.76942   0.00000  -0.67687   0.00000  -0.67687   0.00000  -0.66845   0.00000  -0.66845
 -7.71930   0.00000  -0.67687   0.00000  -0.67687   0.00000  -0.66845   0.00000  -0.66845
 -7.66917   0.00000  -0.67687   0.00000  -0.67687   0.00000  -0.66845   0.00000  -0.66845
 -7.61905   0.00000  -0.67687   0.00000  -0.67687   0.00000  -0.66845   0.00000  -0.66845
 -7.56892   0.00000  -0.67687   0.00000  -0.67687   0.00000  -0.66845   0.00000  -0.66845
 -7.51880   0.00000  -0.67687   0.00000  -0.67687   0.00000  -0.66845   0.00000  -0.66845
 -7.46867   0.00000  -0.67687   0.00000  -0.67687   0.00000  -0.66845   0.00000  -0.66845
 -7.41855   0.00000  -0.67687   0.00000  -0.67687   0.00000  -0.66845   0.00000  -0.66845
 -7.36842   0.00000  -0.67687   0.00000  -0.67687   0.00000  -0.66845   0.00000  -0.66845
 -7.31830   0.00000  -0.67687   0.00000  -0.67687   0.00000  -0.66845   0.00000  -0.66845
 -7.26817   0.00000  -0.67687   0.00000  -0.67687   0.00000  -0.66845   0.00000  -0.66845
 -7.21805   0.00000  -0.67687   0.00000  -0.67687   0.00000  -0.66845   0.00000  -0.66845
 -7.16792   0.00000  -0.67687   0.00000  -0.67687   0.00000  -0.66845   0.00000  -0.66845
 -7.11779   0.00000  -0.67687   0.00000  -0.67687   0.00000  -0.66845   0.00000  -0.66845
 -7.06767  -0.00315  -0.67703  -0.00315  -0.67703   0.00000  -0.66845   0.00000  -0.66845
 -7.01754  -0.04192  -0.67913  -0.04192  -0.67913   0.00000  -0.66845   0.00000  -0.66845
 -6.96742  -0.05966  -0.68212  -0.05966  -0.68212   0.00000  -0.66845   0.00000  -0.66845
 -6.91729  -0.05969  -0.68511  -0.05969  -0.68511   0.00000  -0.66845   0.00000  -0.66845
 -6.86717  -0.40335  -0.70533  -0.40335  -0.70533   0.00000  -0.66845   0.00000  -0.66845
 -6.81704  -0.36904  -0.72383  -0.36904  -0.72383   0.00000  -0.66845   0.00000  -0.66845
 -6.76692  -0.10378  -0.72903  -0.10378  -0.72903   0.00000  -0.66845   0.00000  -0.66845
 -6.71679  -0.15114  -0.73661  -0.15114  -0.73661   0.00000  -0.66845   0.00000  -0.66845
 -6.66667  -0.29726  -0.75151  -0.29726  -0.75151   0.00000  -0.66845   0.00000  -0.66845
 -6.61654  -0.28814  -0.76595  -0.28814  -0.76595   0.00000  -0.66845   0.00000  -0.66845
 -6.56642  -0.43925  -0.78797  -0.43925  -0.78797   0.00000  -0.66845   0.00000  -0.66845
 -6.51629  -0.57013  -0.81655  -0.57013  -0.81655   0.00000  -0.66845   0.00000  -0.66845
 -6.46617  -0.37184  -0.83518  -0.37184  -0.83518   0.00000  -0.66845   0.00000  -0.66845
 -6.41604  -0.28932  -0.84969  -0.28932  -0.84969   0.00000  -0.66845   0.00000  -0.66845
 -6.36591  -0.29582  -0.86451  -0.29582  -0.86451   0.00000  -0.66845   0.00000  -0.66845
 -6.31579  -0.22469  -0.87578  -0.22469  -0.87578   0.00000  -0.66845   0.00000  -0.66845
 -6.26566  -0.14172  -0.88288  -0.14172  -0.88288   0.00000  -0.66845   0.00000  -0.66845
 -6.21554  -0.15676  -0.89074  -0.15676  -0.89074   0.00000  -0.66845   0.00000  -0.66845
 -6.16541  -0.09518  -0.89551  -0.09518  -0.89551   0.00000  -0.66845   0.00000  -0.66845
 -6.11529  -0.11896  -0.90147  -0.11896  -0.90147   0.00000  -0.66845   0.00000  -0.66845
 -6.06516  -0.20596  -0.91180  -0.20596  -0.91180   0.00000  -0.66845   0.00000  -0.66845
 -6.01504  -0.26147  -0.92490  -0.26147  -0.92490   0.00000  -0.66845   0.00000  -0.66845
 -5.96491  -0.25818  -0.93784  -0.25818  -0.93784   0.00000  -0.66845   0.00000  -0.66845
 -5.91479  -0.39535  -0.95766  -0.39535  -0.95766   0.00000  -0.66845   0.00000  -0.66845
 -5.86466  -0.38141  -0.97678  -0.38141  -0.97678   0.00000  -0.66845   0.00000  -0.66845
 -5.81454  -0.31995  -0.99282  -0.31995  -0.99282   0.00000  -0.66845   0.00000  -0.66845
 -5.76441  -0.31716  -1.00871  -0.31716  -1.00871   0.00000  -0.66845   0.00000  -0.66845
 -5.71429  -0.30050  -1.02378  -0.30050  -1.02378  -0.00101  -0.66850  -0.00101  -0.66850
 -5.66416  -0.26587  -1.03710  -0.26587  -1.03710  -0.02561  -0.66979  -0.02561  -0.66979
 -5.61404  -0.42894  -1.05861  -0.42894  -1.05861  -0.04279  -0.67193  -0.04279  -0.67193
 -5.56391  -0.29375  -1.07333  -0.29375  -1.07333  -0.10038  -0.67696  -0.10038  -0.67696
 -5.51378  -0.50028  -1.09841  -0.50028  -1.09841  -0.08601  -0.68127  -0.08601  -0.68127
 -5.46366  -0.44346  -1.12063  -0.44346  -1.12063  -0.13579  -0.68808  -0.13579  -0.68808
 -5.41353  -0.66017  -1.15373  -0.66017  -1.15373  -0.18302  -0.69725  -0.18302  -0.69725
 -5.36341  -0.50237  -1.17891  -0.50237  -1.17891  -0.16813  -0.70568  -0.16813  -0.70568
 -5.31328  -0.39544  -1.19873  -0.39544  -1.19873  -0.13146  -0.71227  -0.13146  -0.71227
 -5.26316  -0.27784  -1.21266  -0.27784  -1.21266  -0.09641  -0.71710  -0.09641  -0.71710
 -5.21303  -0.25731  -1.22555  -0.25731  -1.22555  -0.09555  -0.72189  -0.09555  -0.72189
 -5.16291  -0.20462  -1.23581  -0.20462  -1.23581  -0.13106  -0.72846  -0.13106  -0.72846
 -5.11278  -0.19415  -1.24554  -0.19415  -1.24554  -0.13786  -0.73537  -0.13786  -0.73537
 -5.06266  -0.21827  -1.25648  -0.21827  -1.25648  -0.19092  -0.74494  -0.19092  -0.74494
 -5.01253  -0.15661  -1.26433  -0.15661  -1.26433  -0.21677  -0.75581  -0.21677  -0.75581
 -4.96241  -0.26618  -1.27768  -0.26618  -1.27768  -0.29615  -0.77065  -0.29615  -0.77065
 -4.91228  -0.25790  -1.29060  -0.25790  -1.29060  -0.36975  -0.78919  -0.36975  -0.78919
 -4.86216  -0.18636  -1.29994  -0.18636  -1.29994  -0.37680  -0.80807  -0.37680  -0.80807
 -4.81203  -0.17715  -1.30882  -0.17715  -1.30882  -0.35910  -0.82607  -0.35910  -0.82607
 -4.76190  -0.15807  -1.31675  -0.15807  -1.31675  -0.32366  -0.84230  -0.32366  -0.84230
 -4.71178  -0.16928  -1.32523  -0.16928  -1.32523  -0.35834  -0.86026  -0.35834  -0.86026
 -4.66165  -0.20557  -1.33554  -0.20557  -1.33554  -0.32831  -0.87672  -0.32831  -0.87672
 -4.61153  -0.25196  -1.34817  -0.25196  -1.34817  -0.37589  -0.89556  -0.37589  -0.89556
 -4.56140  -0.28269  -1.36234  -0.28269  -1.36234  -0.38859  -0.91504  -0.38859  -0.91504
 -4.51128  -0.37891  -1.38133  -0.37891  -1.38133  -0.37788  -0.93398  -0.37788  -0.93398
 -4.46115  -0.36566  -1.39966  -0.36566  -1.39966  -0.34700  -0.95137  -0.34700  -0.95137
 -4.41103  -0.21604  -1.41049  -0.21604  -1.41049  -0.38715  -0.97078  -0.38715  -0.97078
 -4.36090  -0.09164  -1.41508  -0.09164  -1.41508  -0.32145  -0.98689  -0.32145  -0.98689
 -4.31078  -0.01281  -1.41572  -0.01281  -1.41572  -0.21942  -0.99789  -0.21942  -0.99789
 -4.26065  -0.04021  -1.41774  -0.04021  -1.41774  -0.19370  -1.00760  -0.19370  -1.00760
 -4.21053  -0.05475  -1.42048  -0.05475  -1.42048  -0.26755  -1.02101  -0.26755  -1.02101
 -4.16040  -0.06604  -1.42379  -0.06604  -1.42379  -0.33380  -1.03774  -0.33380  -1.03774
 -4.11028  -0.06992  -1.42730  -0.06992  -1.42730  -0.32280  -1.05392  -0.32280  -1.05392
 -4.06015  -0.08756  -1.43169  -0.08756  -1.43169  -0.33498  -1.07071  -0.33498  -1.07071
 -4.01003  -0.03686  -1.43353  -0.03686  -1.43353  -0.38273  -1.08990  -0.38273  -1.08990
 -3.95990  -0.00431  -1.43375  -0.00431  -1.43375  -0.43383  -1.11164  -0.43383  -1.11164
 -3.90977  -0.04241  -1.43588  -0.04241  -1.43588  -0.42790  -1.13309  -0.42790  -1.13309
 -3.85965  -0.03576  -1.43767  -0.03576  -1.43767  -0.42568  -1.15443  -0.42568  -1.15443
 -3.80952  -0.11883  -1.44362  -0.11883  -1.44362  -0.45490  -1.17723  -0.45490  -1.17723
 -3.75940  -0.13087  -1.45018  -0.13087  -1.45018  -0.28948  -1.19174  -0.28948  -1.19174
 -3.70927  -0.07069  -1.45373  -0.07069  -1.45373  -0.28141  -1.20585  -0.28141  -1.20585
 -3.65915  -0.04370  -1.45592  -0.04370  -1.45592  -0.32062  -1.22192  -0.32062  -1.22192
 -3.60902   0.02705  -1.45456   0.02705  -1.45456  -0.32912  -1.23841  -0.32912  -1.23841
 -3.55890   0.03886  -1.45261   0.03886  -1.45261  -0.27757  -1.25233  -0.27757  -1.25233
 -3.50877   0.00908  -1.45216   0.00908  -1.45216  -0.21937  -1.26332  -0.21937  -1.26332
 -3.45865  -0.00012  -1.45216  -0.00012  -1.45216  -0.20494  -1.27360  -0.20494  -1.27360
 -3.40852   0.02855  -1.45073   0.02855  -1.45073  -0.19858  -1.28355  -0.19858  -1.28355
 -3.35840   0.03855  -1.44880   0.03855  -1.44880  -0.17156  -1.29215  -0.17156  -1.29215
 -3.30827   0.01653  -1.44797   0.01653  -1.44797  -0.08191  -1.29626  -0.08191  -1.29626
 -3.25815   0.00441  -1.44775   0.00441  -1.44775  -0.09239  -1.30089  -0.09239  -1.30089
 -3.20802  -0.08713  -1.45212  -0.08713  -1.45212  -0.03823  -1.30280  -0.03823  -1.30280
 -3.15789  -0.05361  -1.45481  -0.05361  -1.45481  -0.04440  -1.30503  -0.04440  -1.30503
 -3.10777  -0.01470  -1.45554  -0.01470  -1.45554  -0.09982  -1.31003  -0.09982  -1.31003
 -3.05764   0.02754  -1.45416   0.02754  -1.45416  -0.09391  -1.31474  -0.09391  -1.31474
 -3.00752   0.01698  -1.45331   0.01698  -1.45331  -0.07300  -1.31840  -0.07300  -1.31840
 -2.95739   0.04159  -1.45123   0.04159  -1.45123  -0.09287  -1.32305  -0.09287  -1.32305
 -2.90727   0.04813  -1.44881   0.04813  -1.44881  -0.05846  -1.32599  -0.05846  -1.32599
 -2.85714   0.05565  -1.44603   0.05565  -1.44603  -0.02720  -1.32735  -0.02720  -1.32735
 -2.80702   0.06588  -1.44272   0.06588  -1.44272  -0.06527  -1.33062  -0.06527  -1.33062
 -2.75689   0.06603  -1.43941   0.06603  -1.43941  -0.06995  -1.33413  -0.06995  -1.33413
 -2.70677   0.07688  -1.43556   0.07688  -1.43556  -0.09391  -1.33883  -0.09391  -1.33883
 -2.65664   0.10573  -1.43026   0.10573  -1.43026  -0.18855  -1.34828  -0.18855  -1.34828
 -2.60652   0.11023  -1.42473   0.11023  -1.42473  -0.15824  -1.35622  -0.15824  -1.35622
 -2.55639   0.15496  -1.41697   0.15496  -1.41697  -0.13474  -1.36297  -0.13474  -1.36297
 -2.50627   0.12343  -1.41078   0.12343  -1.41078  -0.12634  -1.36930  -0.12634  -1.36930
 -2.45614   0.15565  -1.40298   0.15565  -1.40298  -0.06424  -1.37252  -0.06424  -1.37252
 -2.40602   0.17816  -1.39405   0.17816  -1.39405  -0.05503  -1.37528  -0.05503  -1.37528
 -2.35589   0.19769  -1.38414   0.19769  -1.38414  -0.01778  -1.37617  -0.01778  -1.37617
 -2.30576   0.16395  -1.37592   0.16395  -1.37592   0.00403  -1.37597   0.00403  -1.37597
 -2.25564   0.19262  -1.36627   0.19262  -1.36627   0.00104  -1.37592   0.00104  -1.37592
 -2.20551   0.21792  -1.35534   0.21792  -1.35534  -0.02140  -1.37699  -0.02140  -1.37699
 -2.15539   0.20755  -1.34494   0.20755  -1.34494  -0.01029  -1.37751  -0.01029  -1.37751
 -2.10526   0.15993  -1.33692   0.15993  -1.33692  -0.00589  -1.37780  -0.00589  -1.37780
 -2.05514   0.15584  -1.32911   0.15584  -1.32911  -0.01738  -1.37867  -0.01738  -1.37867
 -2.00501   0.19501  -1.31933   0.19501  -1.31933  -0.00808  -1.37908  -0.00808  -1.37908
 -1.95489   0.21024  -1.30880   0.21024  -1.30880  -0.04828  -1.38150  -0.04828  -1.38150
 -1.90476   0.17521  -1.30001   0.17521  -1.30001  -0.06737  -1.38488  -0.06737  -1.38488
 -1.85464   0.22120  -1.28893   0.22120  -1.28893  -0.08347  -1.38906  -0.08347  -1.38906
 -1.80451   0.16283  -1.28077   0.16283  -1.28077  -0.08364  -1.39325  -0.08364  -1.39325
 -1.75439   0.17395  -1.27205   0.17395  -1.27205  -0.06745  -1.39663  -0.06745  -1.39663
 -1.70426   0.16265  -1.26389   0.16265  -1.26389  -0.04861  -1.39907  -0.04861  -1.39907
 -1.65414   0.11780  -1.25799   0.11780  -1.25799  -0.06173  -1.40216  -0.06173  -1.40216
 -1.60401   0.09128  -1.25341   0.09128  -1.25341  -0.07384  -1.40587  -0.07384  -1.40587
 -1.55388   0.08987  -1.24891   0.08987  -1.24891  -0.07899  -1.40983  -0.07899  -1.40983
 -1.50376   0.11771  -1.24301   0.11771  -1.24301  -0.08130  -1.41390  -0.08130  -1.41390
 -1.45363   0.11567  -1.23721   0.11567  -1.23721  -0.08561  -1.41819  -0.08561  -1.41819
 -1.40351   0.09853  -1.23227   0.09853  -1.23227  -0.05817  -1.42111  -0.05817  -1.42111
 -1.35338   0.13558  -1.22547   0.13558  -1.22547  -0.01911  -1.42206  -0.01911  -1.42206
 -1.30326   0.09858  -1.22053   0.09858  -1.22053   0.00047  -1.42204   0.00047  -1.42204
 -1.25313   0.13351  -1.21384   0.13351  -1.21384   0.00981  -1.42155   0.00981  -1.42155
 -1.20301   0.17452  -1.20509   0.17452  -1.20509   0.00671  -1.42121   0.00671  -1.42121
 -1.15288   0.24362  -1.19288   0.24362  -1.19288   0.00358  -1.42103   0.00358  -1.42103
 -1.10276   0.23191  -1.18126   0.23191  -1.18126   0.00591  -1.42074   0.00591  -1.42074
 -1.05263   0.24974  -1.16874   0.24974  -1.16874   0.00359  -1.42056   0.00359  -1.42056
 -1.00251   0.19222  -1.15910   0.19222  -1.15910   0.01607  -1.41975   0.01607  -1.41975
 -0.95238   0.12885  -1.15265   0.12885  -1.15265   0.02285  -1.41861   0.02285  -1.41861
 -0.90226   0.09134  -1.14807   0.09134  -1.14807   0.02816  -1.41719   0.02816  -1.41719
 -0.85213   0.05642  -1.14524   0.05642  -1.14524   0.02267  -1.41606   0.02267  -1.41606
 -0.80201   0.04546  -1.14296   0.04546  -1.14296   0.01066  -1.41552   0.01066  -1.41552
 -0.75188   0.05342  -1.14028   0.05342  -1.14028   0.00821  -1.41511   0.00821  -1.41511
 -0.70175   0.02978  -1.13879   0.02978  -1.13879   0.00410  -1.41491   0.00410  -1.41491
 -0.65163   0.01605  -1.13798   0.01605  -1.13798   0.00230  -1.41479   0.00230  -1.41479
 -0.60150   0.01307  -1.13733   0.01307  -1.13733   0.00000  -1.41479   0.00000  -1.41479
 -0.55138   0.00975  -1.13684   0.00975  -1.13684   0.00000  -1.41479   0.00000  -1.41479
 -0.50125   0.00936  -1.13637   0.00936  -1.13637   0.00000  -1.41479   0.00000  -1.41479
 -0.45113   0.01158  -1.13579   0.01158  -1.13579   0.00000  -1.41479   0.00000  -1.41479
 -0.40100   0.00822  -1.13538   0.00822  -1.13538   0.00000  -1.41479   0.00000  -1.41479
 -0.35088   0.00833  -1.13496   0.00833  -1.13496   0.00000  -1.41479   0.00000  -1.41479
 -0.30075   0.00109  -1.13491   0.00109  -1.13491   0.00000  -1.41479   0.00000  -1.41479
 -0.25063   0.00033  -1.13489   0.00033  -1.13489   0.00000  -1.41479   0.00000  -1.41479
 -0.20050   0.00029  -1.13488   0.00029  -1.13488   0.00000  -1.41479   0.00000  -1.41479
 -0.15038   0.00002  -1.13488   0.00002  -1.13488   0.00000  -1.41479   0.00000  -1.41479
 -0.10025   0.00022  -1.13486   0.00022  -1.13486   0.00000  -1.41479   0.00000  -1.41479
 -0.05013   0.00036  -1.13485   0.00036  -1.13485   0.00000  -1.41479   0.00000  -1.41479
  0.00000   0.00057  -1.13482   0.00057  -1.13482   0.00000  -1.41479   0.00000  -1.41479
  0.05013   0.00000  -1.13482   0.00000  -1.13482   0.00000  -1.41479   0.00000  -1.41479
  0.10025   0.00000  -1.13482   0.00000  -1.13482   0.00000  -1.41479   0.00000  -1.41479
  0.15038   0.00000  -1.13482   0.00000  -1.13482   0.00000  -1.41479   0.00000  -1.41479
  0.20050   0.00000  -1.13482   0.00000  -1.13482   0.00000  -1.41479   0.00000  -1.41479
  0.25063   0.00000  -1.13482   0.00000  -1.13482   0.00000  -1.41479   0.00000  -1.41479
  0.30075   0.00000  -1.13482   0.00000  -1.13482   0.00000  -1.41479   0.00000  -1.41479
  0.35088   0.00000  -1.13482   0.00000  -1.13482   0.00000  -1.41479   0.00000  -1.41479
  0.40100   0.00000  -1.13482   0.00000  -1.13482   0.00000  -1.41479   0.00000  -1.41479
  0.45113   0.00000  -1.13482   0.00000  -1.13482   0.00000  -1.41479   0.00000  -1.41479
  0.50125   0.00000  -1.13482   0.00000  -1.13482   0.00000  -1.41479   0.00000  -1.41479
  0.55138   0.00000  -1.13482   0.00000  -1.13482   0.00000  -1.41479   0.00000  -1.41479
  0.60150   0.00000  -1.13482   0.00000  -1.13482   0.00000  -1.41479   0.00000  -1.41479
  0.65163   0.00000  -1.13482   0.00000  -1.13482   0.00000  -1.41479   0.00000  -1.41479
  0.70175   0.00000  -1.13482   0.00000  -1.13482   0.00000  -1.41479   0.00000  -1.41479
  0.75188   0.00000  -1.13482   0.00000  -1.13482   0.00000  -1.41479   0.00000  -1.41479
  0.80201   0.00000  -1.13482   0.00000  -1.13482   0.00000  -1.41479   0.00000  -1.41479
  0.85213   0.00000  -1.13482   0.00000  -1.13482   0.00000  -1.41479   0.00000  -1.41479
  0.90226   0.00000  -1.13482   0.00000  -1.13482   0.00000  -1.41479   0.00000  -1.41479
  0.95238   0.00000  -1.13482   0.00000  -1.13482   0.00000  -1.41479   0.00000  -1.41479
  1.00251   0.07409  -1.13110   0.07409  -1.13110   0.00000  -1.41479   0.00000  -1.41479
  1.05263   0.17634  -1.12226   0.17634  -1.12226   0.00000  -1.41479   0.00000  -1.41479
  1.10276   0.51855  -1.09627   0.51855  -1.09627   0.00000  -1.41479   0.00000  -1.41479
  1.15288   0.69166  -1.06160   0.69166  -1.06160   0.00000  -1.41479   0.00000  -1.41479
  1.20301   0.60622  -1.03122   0.60622  -1.03122   0.00000  -1.41479   0.00000  -1.41479
  1.25313   0.69530  -0.99636   0.69530  -0.99636   0.00000  -1.41479   0.00000  -1.41479
  1.30326   0.79038  -0.95675   0.79038  -0.95675   0.00000  -1.41479   0.00000  -1.41479
  1.35338   0.79342  -0.91697   0.79342  -0.91697   0.00000  -1.41479   0.00000  -1.41479
  1.40351   0.59329  -0.88724   0.59329  -0.88724   0.00000  -1.41479   0.00000  -1.41479
  1.45363   0.45340  -0.86451   0.45340  -0.86451   0.00000  -1.41479   0.00000  -1.41479
  1.50376   0.47892  -0.84050   0.47892  -0.84050   0.00000  -1.41479   0.00000  -1.41479
  1.55388   0.51738  -0.81457   0.51738  -0.81457   0.00000  -1.41479   0.00000  -1.41479
  1.60401   0.62933  -0.78302   0.62933  -0.78302   0.00000  -1.41479   0.00000  -1.41479
  1.65414   0.43278  -0.76133   0.43278  -0.76133   0.00000  -1.41479   0.00000  -1.41479
  1.70426   0.47844  -0.73735   0.47844  -0.73735   0.00000  -1.41479   0.00000  -1.41479
  1.75439   0.28519  -0.72305   0.28519  -0.72305   0.00000  -1.41479   0.00000  -1.41479
  1.80451   0.89246  -0.67832   0.89246  -0.67832   0.00000  -1.41479   0.00000  -1.41479
  1.85464   0.89007  -0.63370   0.89007  -0.63370   0.00000  -1.41479   0.00000  -1.41479
  1.90476   0.72620  -0.59730   0.72620  -0.59730   0.00000  -1.41479   0.00000  -1.41479
  1.95489   0.44490  -0.57500   0.44490  -0.57500   0.00000  -1.41479   0.00000  -1.41479
  2.00501   0.22935  -0.56350   0.22935  -0.56350   0.00000  -1.41479   0.00000  -1.41479
  2.05514   0.16368  -0.55530   0.16368  -0.55530   0.00000  -1.41479   0.00000  -1.41479
  2.10526   0.05103  -0.55274   0.05103  -0.55274   0.00000  -1.41479   0.00000  -1.41479
  2.15539   0.00214  -0.55264   0.00214  -0.55264   0.00000  -1.41479   0.00000  -1.41479
  2.20551   0.00013  -0.55263   0.00013  -0.55263   0.00000  -1.41479   0.00000  -1.41479
  2.25564   0.00000  -0.55263   0.00000  -0.55263   0.00000  -1.41479   0.00000  -1.41479
  2.30576   0.00000  -0.55263   0.00000  -0.55263   0.00000  -1.41479   0.00000  -1.41479
  2.35589   0.00000  -0.55263   0.00000  -0.55263   0.00000  -1.41479   0.00000  -1.41479
  2.40602   0.00000  -0.55263   0.00000  -0.55263   0.00000  -1.41479   0.00000  -1.41479
  2.45614   0.00000  -0.55263   0.00000  -0.55263   0.00000  -1.41479   0.00000  -1.41479
  2.50627   0.00000  -0.55263   0.00000  -0.55263   0.00000  -1.41479   0.00000  -1.41479
  2.55639   0.00000  -0.55263   0.00000  -0.55263   0.00000  -1.41479   0.00000  -1.41479
  2.60652   0.00000  -0.55263   0.00000  -0.55263   0.18708  -1.40541   0.18708  -1.40541
  2.65664   0.00000  -0.55263   0.00000  -0.55263   0.26175  -1.39229   0.26175  -1.39229
  2.70677   0.00000  -0.55263   0.00000  -0.55263   0.21064  -1.38174   0.21064  -1.38174
  2.75689   0.00000  -0.55263   0.00000  -0.55263   0.21367  -1.37103   0.21367  -1.37103
  2.80702   0.00000  -0.55263   0.00000  -0.55263   0.32829  -1.35457   0.32829  -1.35457
  2.85714   0.00000  -0.55263   0.00000  -0.55263   0.26326  -1.34137   0.26326  -1.34137
  2.90727   0.00000  -0.55263   0.00000  -0.55263   0.24284  -1.32920   0.24284  -1.32920
  2.95739   0.00000  -0.55263   0.00000  -0.55263   0.11600  -1.32339   0.11600  -1.32339
  3.00752   0.00000  -0.55263   0.00000  -0.55263   0.35634  -1.30553   0.35634  -1.30553
  3.05764   0.00000  -0.55263   0.00000  -0.55263   0.57072  -1.27692   0.57072  -1.27692
  3.10777   0.00000  -0.55263   0.00000  -0.55263   0.41914  -1.25591   0.41914  -1.25591
  3.15789   0.00000  -0.55263   0.00000  -0.55263   0.18103  -1.24683   0.18103  -1.24683
  3.20802   0.00000  -0.55263   0.00000  -0.55263   0.41231  -1.22617   0.41231  -1.22617
  3.25815   0.00000  -0.55263   0.00000  -0.55263   0.53582  -1.19931   0.53582  -1.19931
  3.30827   0.00000  -0.55263   0.00000  -0.55263   0.84362  -1.15702   0.84362  -1.15702
  3.35840   0.00000  -0.55263   0.00000  -0.55263   0.59197  -1.12735   0.59197  -1.12735
  3.40852   0.00000  -0.55263   0.00000  -0.55263   0.27477  -1.11358   0.27477  -1.11358
  3.45865   0.00000  -0.55263   0.00000  -0.55263   0.02329  -1.11241   0.02329  -1.11241
  3.50877   0.00000  -0.55263   0.00000  -0.55263   0.07935  -1.10843   0.07935  -1.10843
  3.55890   0.00000  -0.55263   0.00000  -0.55263   0.27594  -1.09460   0.27594  -1.09460
  3.60902   0.00000  -0.55263   0.00000  -0.55263   0.37713  -1.07570   0.37713  -1.07570
  3.65915   0.00000  -0.55263   0.00000  -0.55263   0.48891  -1.05119   0.48891  -1.05119
  3.70927   0.00000  -0.55263   0.00000  -0.55263   0.80967  -1.01060   0.80967  -1.01060
  3.75940   0.00000  -0.55263   0.00000  -0.55263   0.81936  -0.96953   0.81936  -0.96953
  3.80952   0.00000  -0.55263   0.00000  -0.55263   0.83119  -0.92787   0.83119  -0.92787
  3.85965   0.00000  -0.55263   0.00000  -0.55263   0.86966  -0.88428   0.86966  -0.88428
  3.90977   0.00000  -0.55263   0.00000  -0.55263   1.39963  -0.81412   1.39963  -0.81412
  3.95990   0.00000  -0.55263   0.00000  -0.55263   0.99988  -0.76400   0.99988  -0.76400
  4.01003   0.00000  -0.55263   0.00000  -0.55263   0.79885  -0.72396   0.79885  -0.72396
  4.06015   0.00000  -0.55263   0.00000  -0.55263   1.47828  -0.64986   1.47828  -0.64986
  4.11028   0.00000  -0.55263   0.00000  -0.55263   1.26471  -0.58646   1.26471  -0.58646
  4.16040   0.00000  -0.55263   0.00000  -0.55263   0.40962  -0.56593   0.40962  -0.56593
  4.21053   0.00000  -0.55263   0.00000  -0.55263   0.19389  -0.55621   0.19389  -0.55621
  4.26065   0.00000  -0.55263   0.00000  -0.55263   0.22121  -0.54512   0.22121  -0.54512
  4.31078   0.00000  -0.55263   0.00000  -0.55263   0.09549  -0.54034   0.09549  -0.54034
  4.36090   0.00000  -0.55263   0.00000  -0.55263   0.03812  -0.53843   0.03812  -0.53843
  4.41103   0.00000  -0.55263   0.00000  -0.55263   0.00292  -0.53828   0.00292  -0.53828
  4.46115   0.00000  -0.55263   0.00000  -0.55263   0.00307  -0.53813   0.00307  -0.53813
  4.51128   0.00000  -0.55263   0.00000  -0.55263   0.00000  -0.53813   0.00000  -0.53813
  4.56140   0.00000  -0.55263   0.00000  -0.55263   0.00000  -0.53813   0.00000  -0.53813
  4.61153   0.00000  -0.55263   0.00000  -0.55263   0.00000  -0.53813   0.00000  -0.53813
  4.66165   0.00000  -0.55263   0.00000  -0.55263   0.00000  -0.53813   0.00000  -0.53813
  4.71178   0.00000  -0.55263   0.00000  -0.55263   0.00000  -0.53813   0.00000  -0.53813
  4.76190   0.00000  -0.55263   0.00000  -0.55263   0.00000  -0.53813   0.00000  -0.53813
  4.81203   0.00000  -0.55263   0.00000  -0.55263   0.00000  -0.53813   0.00000  -0.53813
  4.86216   0.00000  -0.55263   0.00000  -0.55263   0.00000  -0.53813   0.00000  -0.53813
  4.91228   0.00000  -0.55263   0.00000  -0.55263   0.00000  -0.53813   0.00000  -0.53813
  4.96241   0.00000  -0.55263   0.00000  -0.55263   0.00000  -0.53813   0.00000  -0.53813
  5.01253   0.00000  -0.55263   0.00000  -0.55263   0.00000  -0.53813   0.00000  -0.53813
  5.06266   0.00000  -0.55263   0.00000  -0.55263   0.00000  -0.53813   0.00000  -0.53813
  5.11278   0.00000  -0.55263   0.00000  -0.55263   0.00000  -0.53813   0.00000  -0.53813
  5.16291   0.00000  -0.55263   0.00000  -0.55263   0.00000  -0.53813   0.00000  -0.53813
  5.21303   0.00000  -0.55263   0.00000  -0.55263   0.00000  -0.53813   0.00000  -0.53813
  5.26316   0.00000  -0.55263   0.00000  -0.55263   0.00000  -0.53813   0.00000  -0.53813
  5.31328   0.00000  -0.55263   0.00000  -0.55263   0.00000  -0.53813   0.00000  -0.53813
  5.36341   0.00000  -0.55263   0.00000  -0.55263   0.00000  -0.53813   0.00000  -0.53813
  5.41353   0.00000  -0.55263   0.00000  -0.55263   0.00000  -0.53813   0.00000  -0.53813
  5.46366   0.00000  -0.55263   0.00000  -0.55263   0.00000  -0.53813   0.00000  -0.53813
  5.51378   0.00000  -0.55263   0.00000  -0.55263   0.00000  -0.53813   0.00000  -0.53813
  5.56391   0.00000  -0.55263   0.00000  -0.55263   0.00000  -0.53813   0.00000  -0.53813
  5.61404   0.00000  -0.55263   0.00000  -0.55263   0.00000  -0.53813   0.00000  -0.53813
  5.66416   0.00000  -0.55263   0.00000  -0.55263   0.00000  -0.53813   0.00000  -0.53813
  5.71429   0.00000  -0.55263   0.00000  -0.55263   0.00000  -0.53813   0.00000  -0.53813
  5.76441   0.00000  -0.55263   0.00000  -0.55263   0.00000  -0.53813   0.00000  -0.53813
  5.81454   0.00000  -0.55263   0.00000  -0.55263   0.00000  -0.53813   0.00000  -0.53813
  5.86466   0.00000  -0.55263   0.00000  -0.55263   0.00000  -0.53813   0.00000  -0.53813
  5.91479   0.00000  -0.55263   0.00000  -0.55263   0.00000  -0.53813   0.00000  -0.53813
  5.96491   0.00009  -0.55262   0.00009  -0.55262   0.00000  -0.53813   0.00000  -0.53813
  6.01504   0.00124  -0.55256   0.00124  -0.55256   0.00000  -0.53813   0.00000  -0.53813
  6.06516   0.00344  -0.55239   0.00344  -0.55239   0.00000  -0.53813   0.00000  -0.53813
  6.11529   0.00576  -0.55210   0.00576  -0.55210   0.00000  -0.53813   0.00000  -0.53813
  6.16541   0.00647  -0.55178   0.00647  -0.55178   0.00000  -0.53813   0.00000  -0.53813
  6.21554   0.00618  -0.55147   0.00618  -0.55147   0.00020  -0.53812   0.00020  -0.53812
  6.26566   0.00680  -0.55113   0.00680  -0.55113   0.00169  -0.53803   0.00169  -0.53803
  6.31579   0.00946  -0.55065   0.00946  -0.55065   0.00400  -0.53783   0.00400  -0.53783
  6.36591   0.01410  -0.54995   0.01410  -0.54995   0.00610  -0.53753   0.00610  -0.53753
  6.41604   0.02246  -0.54882   0.02246  -0.54882   0.00621  -0.53722   0.00621  -0.53722
  6.46617   0.03500  -0.54707   0.03500  -0.54707   0.00608  -0.53691   0.00608  -0.53691
  6.51629   0.03286  -0.54542   0.03286  -0.54542   0.00764  -0.53653   0.00764  -0.53653
  6.56642   0.03050  -0.54389   0.03050  -0.54389   0.01129  -0.53596   0.01129  -0.53596
  6.61654   0.02876  -0.54245   0.02876  -0.54245   0.01728  -0.53510   0.01728  -0.53510
  6.66667   0.02665  -0.54111   0.02665  -0.54111   0.03079  -0.53355   0.03079  -0.53355
  6.71679   0.02599  -0.53981   0.02599  -0.53981   0.03366  -0.53187   0.03366  -0.53187
  6.76692   0.03129  -0.53824   0.03129  -0.53824   0.03003  -0.53036   0.03003  -0.53036
  6.81704   0.05464  -0.53550   0.05464  -0.53550   0.02897  -0.52891   0.02897  -0.52891
  6.86717   0.06496  -0.53225   0.06496  -0.53225   0.02668  -0.52757   0.02668  -0.52757
  6.91729   0.05964  -0.52926   0.05964  -0.52926   0.02563  -0.52629   0.02563  -0.52629
  6.96742   0.05488  -0.52651   0.05488  -0.52651   0.02775  -0.52490   0.02775  -0.52490
  7.01754   0.05428  -0.52378   0.05428  -0.52378   0.04694  -0.52254   0.04694  -0.52254
  7.06767   0.05499  -0.52103   0.05499  -0.52103   0.06260  -0.51940   0.06260  -0.51940
  7.11779   0.05432  -0.51831   0.05432  -0.51831   0.05945  -0.51642   0.05945  -0.51642
  7.16792   0.05620  -0.51549   0.05620  -0.51549   0.05200  -0.51382   0.05200  -0.51382
  7.21805   0.06287  -0.51234   0.06287  -0.51234   0.05133  -0.51125   0.05133  -0.51125
  7.26817   0.06730  -0.50896   0.06730  -0.50896   0.05443  -0.50852   0.05443  -0.50852
  7.31830   0.06629  -0.50564   0.06629  -0.50564   0.05483  -0.50577   0.05483  -0.50577
  7.36842   0.06681  -0.50229   0.06681  -0.50229   0.05578  -0.50297   0.05578  -0.50297
  7.41855   0.07048  -0.49876   0.07048  -0.49876   0.05782  -0.50007   0.05782  -0.50007
  7.46867   0.05499  -0.49600   0.05499  -0.49600   0.06026  -0.49705   0.06026  -0.49705
  7.51880   0.04824  -0.49358   0.04824  -0.49358   0.07072  -0.49351   0.07072  -0.49351
  7.56892   0.06169  -0.49049   0.06169  -0.49049   0.07522  -0.48974   0.07522  -0.48974
  7.61905   0.08286  -0.48634   0.08286  -0.48634   0.07581  -0.48594   0.07581  -0.48594
  7.66917   0.05605  -0.48353   0.05605  -0.48353   0.05965  -0.48295   0.05965  -0.48295
  7.71930   0.03711  -0.48167   0.03711  -0.48167   0.05257  -0.48031   0.05257  -0.48031
  7.76942   0.04338  -0.47949   0.04338  -0.47949   0.05205  -0.47770   0.05205  -0.47770
  7.81955   0.05397  -0.47679   0.05397  -0.47679   0.06882  -0.47425   0.06882  -0.47425
  7.86967   0.06195  -0.47368   0.06195  -0.47368   0.08857  -0.46982   0.08857  -0.46982
  7.91980   0.07115  -0.47012   0.07115  -0.47012   0.04914  -0.46735   0.04914  -0.46735
  7.96992   0.07435  -0.46639   0.07435  -0.46639   0.04468  -0.46511   0.04468  -0.46511
  8.02005   0.09589  -0.46158   0.09589  -0.46158   0.05860  -0.46218   0.05860  -0.46218
  8.07018   0.09133  -0.45701   0.09133  -0.45701   0.07340  -0.45850   0.07340  -0.45850
  8.12030   0.10155  -0.45192   0.10155  -0.45192   0.06656  -0.45516   0.06656  -0.45516
  8.17043   0.11610  -0.44610   0.11610  -0.44610   0.10698  -0.44980   0.10698  -0.44980
  8.22055   0.12449  -0.43986   0.12449  -0.43986   0.10313  -0.44463   0.10313  -0.44463
  8.27068   0.18061  -0.43080   0.18061  -0.43080   0.10891  -0.43917   0.10891  -0.43917
  8.32080   0.16174  -0.42270   0.16174  -0.42270   0.11609  -0.43335   0.11609  -0.43335
  8.37093   0.13324  -0.41602   0.13324  -0.41602   0.11974  -0.42735   0.11974  -0.42735
  8.42105   0.11961  -0.41002   0.11961  -0.41002   0.14754  -0.41995   0.14754  -0.41995
  8.47118   0.14056  -0.40298   0.14056  -0.40298   0.14621  -0.41262   0.14621  -0.41262
  8.52130   0.14084  -0.39592   0.14084  -0.39592   0.13864  -0.40567   0.13864  -0.40567
  8.57143   0.11247  -0.39028   0.11247  -0.39028   0.11922  -0.39970   0.11922  -0.39970
  8.62155   0.15303  -0.38261   0.15303  -0.38261   0.14464  -0.39245   0.14464  -0.39245
  8.67168   0.12763  -0.37621   0.12763  -0.37621   0.11301  -0.38678   0.11301  -0.38678
  8.72180   0.17236  -0.36757   0.17236  -0.36757   0.13251  -0.38014   0.13251  -0.38014
  8.77193   0.15644  -0.35973   0.15644  -0.35973   0.14896  -0.37267   0.14896  -0.37267
  8.82206   0.14717  -0.35235   0.14717  -0.35235   0.12971  -0.36617   0.12971  -0.36617
  8.87218   0.15927  -0.34437   0.15927  -0.34437   0.16025  -0.35814   0.16025  -0.35814
  8.92231   0.11164  -0.33877   0.11164  -0.33877   0.15447  -0.35040   0.15447  -0.35040
  8.97243   0.11534  -0.33299   0.11534  -0.33299   0.11850  -0.34446   0.11850  -0.34446
  9.02256   0.09677  -0.32814   0.09677  -0.32814   0.14236  -0.33732   0.14236  -0.33732
  9.07268   0.07387  -0.32444   0.07387  -0.32444   0.11611  -0.33150   0.11611  -0.33150
  9.12281   0.08166  -0.32035   0.08166  -0.32035   0.12701  -0.32514   0.12701  -0.32514
  9.17293   0.06160  -0.31726   0.06160  -0.31726   0.08900  -0.32067   0.08900  -0.32067
  9.22306   0.08593  -0.31295   0.08593  -0.31295   0.07866  -0.31673   0.07866  -0.31673
  9.27318   0.09251  -0.30831   0.09251  -0.30831   0.08135  -0.31265   0.08135  -0.31265
  9.32331   0.09734  -0.30343   0.09734  -0.30343   0.05689  -0.30980   0.05689  -0.30980
  9.37343   0.10761  -0.29804   0.10761  -0.29804   0.07369  -0.30611   0.07369  -0.30611
  9.42356   0.08921  -0.29357   0.08921  -0.29357   0.07519  -0.30234   0.07519  -0.30234
  9.47368   0.08428  -0.28934   0.08428  -0.28934   0.08639  -0.29801   0.08639  -0.29801
  9.52381   0.07569  -0.28555   0.07569  -0.28555   0.08929  -0.29353   0.08929  -0.29353
  9.57393   0.06917  -0.28208   0.06917  -0.28208   0.09129  -0.28896   0.09129  -0.28896
  9.62406   0.10299  -0.27692   0.10299  -0.27692   0.08197  -0.28485   0.08197  -0.28485
  9.67419   0.11150  -0.27133   0.11150  -0.27133   0.07282  -0.28120   0.07282  -0.28120
  9.72431   0.09440  -0.26660   0.09440  -0.26660   0.08063  -0.27716   0.08063  -0.27716
  9.77444   0.09278  -0.26195   0.09278  -0.26195   0.09573  -0.27236   0.09573  -0.27236
  9.82456   0.09117  -0.25738   0.09117  -0.25738   0.10564  -0.26706   0.10564  -0.26706
  9.87469   0.09766  -0.25248   0.09766  -0.25248   0.08832  -0.26264   0.08832  -0.26264
  9.92481   0.12426  -0.24626   0.12426  -0.24626   0.09220  -0.25801   0.09220  -0.25801
  9.97494   0.12774  -0.23985   0.12774  -0.23985   0.08945  -0.25353   0.08945  -0.25353
 10.02506   0.12409  -0.23363   0.12409  -0.23363   0.11324  -0.24785   0.11324  -0.24785