ESCALE ; pCOHP file generated by LOBSTER. Energy is shifted such that the Fermi level lies at 0 eV.
         2          2        401  -5.82964e+00   1.42205e+01   4.19543e+00 
Average
No.1:Mn47->O75(1.9255671003995112)
-10.02506   0.00000  -0.71574   0.00000  -0.71574   0.00000  -0.71050   0.00000  -0.71050
 -9.97494   0.00000  -0.71574   0.00000  -0.71574   0.00000  -0.71050   0.00000  -0.71050
 -9.92481   0.00000  -0.71574   0.00000  -0.71574   0.00000  -0.71050   0.00000  -0.71050
 -9.87469   0.00000  -0.71574   0.00000  -0.71574   0.00000  -0.71050   0.00000  -0.71050
 -9.82456   0.00000  -0.71574   0.00000  -0.71574   0.00000  -0.71050   0.00000  -0.71050
 -9.77444   0.00000  -0.71574   0.00000  -0.71574   0.00000  -0.71050   0.00000  -0.71050
 -9.72431   0.00000  -0.71574   0.00000  -0.71574   0.00000  -0.71050   0.00000  -0.71050
 -9.67419   0.00000  -0.71574   0.00000  -0.71574   0.00000  -0.71050   0.00000  -0.71050
 -9.62406   0.00000  -0.71574   0.00000  -0.71574   0.00000  -0.71050   0.00000  -0.71050
 -9.57393   0.00000  -0.71574   0.00000  -0.71574   0.00000  -0.71050   0.00000  -0.71050
 -9.52381   0.00000  -0.71574   0.00000  -0.71574   0.00000  -0.71050   0.00000  -0.71050
 -9.47368   0.00000  -0.71574   0.00000  -0.71574   0.00000  -0.71050   0.00000  -0.71050
 -9.42356   0.00000  -0.71574   0.00000  -0.71574   0.00000  -0.71050   0.00000  -0.71050
 -9.37343   0.00000  -0.71574   0.00000  -0.71574   0.00000  -0.71050   0.00000  -0.71050
 -9.32331   0.00000  -0.71574   0.00000  -0.71574   0.00000  -0.71050   0.00000  -0.71050
 -9.27318   0.00000  -0.71574   0.00000  -0.71574   0.00000  -0.71050   0.00000  -0.71050
 -9.22306   0.00000  -0.71574   0.00000  -0.71574   0.00000  -0.71050   0.00000  -0.71050
 -9.17293   0.00000  -0.71574   0.00000  -0.71574   0.00000  -0.71050   0.00000  -0.71050
 -9.12281   0.00000  -0.71574   0.00000  -0.71574   0.00000  -0.71050   0.00000  -0.71050
 -9.07268   0.00000  -0.71574   0.00000  -0.71574   0.00000  -0.71050   0.00000  -0.71050
 -9.02256   0.00000  -0.71574   0.00000  -0.71574   0.00000  -0.71050   0.00000  -0.71050
 -8.97243   0.00000  -0.71574   0.00000  -0.71574   0.00000  -0.71050   0.00000  -0.71050
 -8.92231   0.00000  -0.71574   0.00000  -0.71574   0.00000  -0.71050   0.00000  -0.71050
 -8.87218   0.00000  -0.71574   0.00000  -0.71574   0.00000  -0.71050   0.00000  -0.71050
 -8.82206   0.00000  -0.71574   0.00000  -0.71574   0.00000  -0.71050   0.00000  -0.71050
 -8.77193   0.00000  -0.71574   0.00000  -0.71574   0.00000  -0.71050   0.00000  -0.71050
 -8.72180   0.00000  -0.71574   0.00000  -0.71574   0.00000  -0.71050   0.00000  -0.71050
 -8.67168   0.00000  -0.71574   0.00000  -0.71574   0.00000  -0.71050   0.00000  -0.71050
 -8.62155   0.00000  -0.71574   0.00000  -0.71574   0.00000  -0.71050   0.00000  -0.71050
 -8.57143   0.00000  -0.71574   0.00000  -0.71574   0.00000  -0.71050   0.00000  -0.71050
 -8.52130   0.00000  -0.71574   0.00000  -0.71574   0.00000  -0.71050   0.00000  -0.71050
 -8.47118   0.00000  -0.71574   0.00000  -0.71574   0.00000  -0.71050   0.00000  -0.71050
 -8.42105   0.00000  -0.71574   0.00000  -0.71574   0.00000  -0.71050   0.00000  -0.71050
 -8.37093   0.00000  -0.71574   0.00000  -0.71574   0.00000  -0.71050   0.00000  -0.71050
 -8.32080   0.00000  -0.71574   0.00000  -0.71574   0.00000  -0.71050   0.00000  -0.71050
 -8.27068   0.00000  -0.71574   0.00000  -0.71574   0.00000  -0.71050   0.00000  -0.71050
 -8.22055   0.00000  -0.71574   0.00000  -0.71574   0.00000  -0.71050   0.00000  -0.71050
 -8.17043   0.00000  -0.71574   0.00000  -0.71574   0.00000  -0.71050   0.00000  -0.71050
 -8.12030   0.00000  -0.71574   0.00000  -0.71574   0.00000  -0.71050   0.00000  -0.71050
 -8.07018   0.00000  -0.71574   0.00000  -0.71574   0.00000  -0.71050   0.00000  -0.71050
 -8.02005   0.00000  -0.71574   0.00000  -0.71574   0.00000  -0.71050   0.00000  -0.71050
 -7.96992   0.00000  -0.71574   0.00000  -0.71574   0.00000  -0.71050   0.00000  -0.71050
 -7.91980   0.00000  -0.71574   0.00000  -0.71574   0.00000  -0.71050   0.00000  -0.71050
 -7.86967   0.00000  -0.71574   0.00000  -0.71574   0.00000  -0.71050   0.00000  -0.71050
 -7.81955   0.00000  -0.71574   0.00000  -0.71574   0.00000  -0.71050   0.00000  -0.71050
 -7.76942   0.00000  -0.71574   0.00000  -0.71574   0.00000  -0.71050   0.00000  -0.71050
 -7.71930   0.00000  -0.71574   0.00000  -0.71574   0.00000  -0.71050   0.00000  -0.71050
 -7.66917   0.00000  -0.71574   0.00000  -0.71574   0.00000  -0.71050   0.00000  -0.71050
 -7.61905   0.00000  -0.71574   0.00000  -0.71574   0.00000  -0.71050   0.00000  -0.71050
 -7.56892   0.00000  -0.71574   0.00000  -0.71574   0.00000  -0.71050   0.00000  -0.71050
 -7.51880   0.00000  -0.71574   0.00000  -0.71574   0.00000  -0.71050   0.00000  -0.71050
 -7.46867   0.00000  -0.71574   0.00000  -0.71574   0.00000  -0.71050   0.00000  -0.71050
 -7.41855   0.00000  -0.71574   0.00000  -0.71574   0.00000  -0.71050   0.00000  -0.71050
 -7.36842   0.00000  -0.71574   0.00000  -0.71574   0.00000  -0.71050   0.00000  -0.71050
 -7.31830   0.00000  -0.71574   0.00000  -0.71574   0.00000  -0.71050   0.00000  -0.71050
 -7.26817   0.00000  -0.71574   0.00000  -0.71574   0.00000  -0.71050   0.00000  -0.71050
 -7.21805   0.00000  -0.71574   0.00000  -0.71574   0.00000  -0.71050   0.00000  -0.71050
 -7.16792   0.00000  -0.71574   0.00000  -0.71574   0.00000  -0.71050   0.00000  -0.71050
 -7.11779   0.00000  -0.71574   0.00000  -0.71574   0.00000  -0.71050   0.00000  -0.71050
 -7.06767  -0.01363  -0.71642  -0.01363  -0.71642   0.00000  -0.71050   0.00000  -0.71050
 -7.01754  -0.08509  -0.72068  -0.08509  -0.72068   0.00000  -0.71050   0.00000  -0.71050
 -6.96742  -0.29791  -0.73562  -0.29791  -0.73562   0.00000  -0.71050   0.00000  -0.71050
 -6.91729  -0.56624  -0.76400  -0.56624  -0.76400   0.00000  -0.71050   0.00000  -0.71050
 -6.86717  -0.56840  -0.79249  -0.56840  -0.79249   0.00000  -0.71050   0.00000  -0.71050
 -6.81704  -0.41256  -0.81317  -0.41256  -0.81317   0.00000  -0.71050   0.00000  -0.71050
 -6.76692  -0.09429  -0.81790  -0.09429  -0.81790   0.00000  -0.71050   0.00000  -0.71050
 -6.71679  -0.10855  -0.82334  -0.10855  -0.82334   0.00000  -0.71050   0.00000  -0.71050
 -6.66667  -0.20170  -0.83345  -0.20170  -0.83345   0.00000  -0.71050   0.00000  -0.71050
 -6.61654  -0.36541  -0.85177  -0.36541  -0.85177   0.00000  -0.71050   0.00000  -0.71050
 -6.56642  -0.29523  -0.86656  -0.29523  -0.86656   0.00000  -0.71050   0.00000  -0.71050
 -6.51629  -0.38528  -0.88588  -0.38528  -0.88588   0.00000  -0.71050   0.00000  -0.71050
 -6.46617  -0.52290  -0.91209  -0.52290  -0.91209   0.00000  -0.71050   0.00000  -0.71050
 -6.41604  -0.29461  -0.92685  -0.29461  -0.92685   0.00000  -0.71050   0.00000  -0.71050
 -6.36591  -0.28479  -0.94113  -0.28479  -0.94113   0.00000  -0.71050   0.00000  -0.71050
 -6.31579  -0.20017  -0.95116  -0.20017  -0.95116   0.00000  -0.71050   0.00000  -0.71050
 -6.26566  -0.09876  -0.95611  -0.09876  -0.95611   0.00000  -0.71050   0.00000  -0.71050
 -6.21554  -0.11183  -0.96172  -0.11183  -0.96172   0.00000  -0.71050   0.00000  -0.71050
 -6.16541  -0.07792  -0.96562  -0.07792  -0.96562   0.00000  -0.71050   0.00000  -0.71050
 -6.11529  -0.09292  -0.97028  -0.09292  -0.97028   0.00000  -0.71050   0.00000  -0.71050
 -6.06516  -0.13612  -0.97711  -0.13612  -0.97711   0.00000  -0.71050   0.00000  -0.71050
 -6.01504  -0.17043  -0.98565  -0.17043  -0.98565   0.00000  -0.71050   0.00000  -0.71050
 -5.96491  -0.24025  -0.99769  -0.24025  -0.99769   0.00000  -0.71050   0.00000  -0.71050
 -5.91479  -0.35954  -1.01571  -0.35954  -1.01571   0.00000  -0.71050   0.00000  -0.71050
 -5.86466  -0.41589  -1.03656  -0.41589  -1.03656   0.00000  -0.71050   0.00000  -0.71050
 -5.81454  -0.27565  -1.05038  -0.27565  -1.05038   0.00000  -0.71050   0.00000  -0.71050
 -5.76441  -0.36535  -1.06869  -0.36535  -1.06869   0.00000  -0.71050   0.00000  -0.71050
 -5.71429  -0.46908  -1.09220  -0.46908  -1.09220  -0.00101  -0.71055  -0.00101  -0.71055
 -5.66416  -0.31876  -1.10818  -0.31876  -1.10818  -0.02167  -0.71163  -0.02167  -0.71163
 -5.61404  -0.43738  -1.13010  -0.43738  -1.13010  -0.03697  -0.71349  -0.03697  -0.71349
 -5.56391  -0.46628  -1.15348  -0.46628  -1.15348  -0.08935  -0.71797  -0.08935  -0.71797
 -5.51378  -0.40656  -1.17386  -0.40656  -1.17386  -0.15754  -0.72586  -0.15754  -0.72586
 -5.46366  -0.34748  -1.19127  -0.34748  -1.19127  -0.42164  -0.74700  -0.42164  -0.74700
 -5.41353  -0.24606  -1.20361  -0.24606  -1.20361  -0.45108  -0.76961  -0.45108  -0.76961
 -5.36341  -0.38802  -1.22306  -0.38802  -1.22306  -0.41310  -0.79031  -0.41310  -0.79031
 -5.31328  -0.42081  -1.24415  -0.42081  -1.24415  -0.19660  -0.80017  -0.19660  -0.80017
 -5.26316  -0.41805  -1.26510  -0.41805  -1.26510  -0.14435  -0.80740  -0.14435  -0.80740
 -5.21303  -0.69049  -1.29972  -0.69049  -1.29972  -0.10187  -0.81251  -0.10187  -0.81251
 -5.16291  -0.80397  -1.34002  -0.80397  -1.34002  -0.08770  -0.81691  -0.08770  -0.81691
 -5.11278  -0.48941  -1.36455  -0.48941  -1.36455  -0.07315  -0.82057  -0.07315  -0.82057
 -5.06266  -0.29673  -1.37942  -0.29673  -1.37942  -0.11682  -0.82643  -0.11682  -0.82643
 -5.01253  -0.22836  -1.39087  -0.22836  -1.39087  -0.17807  -0.83536  -0.17807  -0.83536
 -4.96241  -0.20844  -1.40132  -0.20844  -1.40132  -0.18767  -0.84476  -0.18767  -0.84476
 -4.91228  -0.19745  -1.41121  -0.19745  -1.41121  -0.28534  -0.85906  -0.28534  -0.85906
 -4.86216  -0.22322  -1.42240  -0.22322  -1.42240  -0.38726  -0.87848  -0.38726  -0.87848
 -4.81203  -0.17072  -1.43096  -0.17072  -1.43096  -0.35927  -0.89648  -0.35927  -0.89648
 -4.76190  -0.20599  -1.44128  -0.20599  -1.44128  -0.33703  -0.91338  -0.33703  -0.91338
 -4.71178  -0.17525  -1.45007  -0.17525  -1.45007  -0.30995  -0.92892  -0.30995  -0.92892
 -4.66165  -0.15461  -1.45782  -0.15461  -1.45782  -0.31490  -0.94470  -0.31490  -0.94470
 -4.61153  -0.17053  -1.46637  -0.17053  -1.46637  -0.34811  -0.96215  -0.34811  -0.96215
 -4.56140  -0.11736  -1.47225  -0.11736  -1.47225  -0.32110  -0.97824  -0.32110  -0.97824
 -4.51128  -0.09319  -1.47692  -0.09319  -1.47692  -0.26508  -0.99153  -0.26508  -0.99153
 -4.46115  -0.06153  -1.48000  -0.06153  -1.48000  -0.31295  -1.00722  -0.31295  -1.00722
 -4.41103  -0.09833  -1.48493  -0.09833  -1.48493  -0.29168  -1.02184  -0.29168  -1.02184
 -4.36090  -0.15571  -1.49274  -0.15571  -1.49274  -0.24436  -1.03409  -0.24436  -1.03409
 -4.31078  -0.11038  -1.49827  -0.11038  -1.49827  -0.21679  -1.04495  -0.21679  -1.04495
 -4.26065  -0.14298  -1.50544  -0.14298  -1.50544  -0.23076  -1.05652  -0.23076  -1.05652
 -4.21053  -0.15349  -1.51313  -0.15349  -1.51313  -0.31096  -1.07211  -0.31096  -1.07211
 -4.16040  -0.10734  -1.51851  -0.10734  -1.51851  -0.29612  -1.08695  -0.29612  -1.08695
 -4.11028  -0.12679  -1.52487  -0.12679  -1.52487  -0.26882  -1.10043  -0.26882  -1.10043
 -4.06015  -0.11715  -1.53074  -0.11715  -1.53074  -0.33216  -1.11708  -0.33216  -1.11708
 -4.01003  -0.06181  -1.53384  -0.06181  -1.53384  -0.47960  -1.14112  -0.47960  -1.14112
 -3.95990  -0.05827  -1.53676  -0.05827  -1.53676  -0.51984  -1.16717  -0.51984  -1.16717
 -3.90977  -0.08604  -1.54107  -0.08604  -1.54107  -0.52950  -1.19371  -0.52950  -1.19371
 -3.85965  -0.11583  -1.54688  -0.11583  -1.54688  -0.44702  -1.21612  -0.44702  -1.21612
 -3.80952  -0.02449  -1.54810  -0.02449  -1.54810  -0.48743  -1.24055  -0.48743  -1.24055
 -3.75940  -0.02673  -1.54944  -0.02673  -1.54944  -0.38777  -1.25999  -0.38777  -1.25999
 -3.70927  -0.00960  -1.54993  -0.00960  -1.54993  -0.41379  -1.28073  -0.41379  -1.28073
 -3.65915  -0.00811  -1.55033  -0.00811  -1.55033  -0.37149  -1.29935  -0.37149  -1.29935
 -3.60902  -0.03774  -1.55222  -0.03774  -1.55222  -0.33527  -1.31616  -0.33527  -1.31616
 -3.55890   0.02527  -1.55096   0.02527  -1.55096  -0.29021  -1.33071  -0.29021  -1.33071
 -3.50877  -0.02488  -1.55220  -0.02488  -1.55220  -0.17785  -1.33962  -0.17785  -1.33962
 -3.45865  -0.04150  -1.55428  -0.04150  -1.55428  -0.10766  -1.34502  -0.10766  -1.34502
 -3.40852   0.01537  -1.55351   0.01537  -1.55351  -0.09120  -1.34959  -0.09120  -1.34959
 -3.35840   0.07359  -1.54983   0.07359  -1.54983  -0.11599  -1.35540  -0.11599  -1.35540
 -3.30827   0.04314  -1.54766   0.04314  -1.54766  -0.10135  -1.36048  -0.10135  -1.36048
 -3.25815   0.01459  -1.54693   0.01459  -1.54693  -0.12102  -1.36655  -0.12102  -1.36655
 -3.20802   0.02624  -1.54562   0.02624  -1.54562  -0.11312  -1.37222  -0.11312  -1.37222
 -3.15789   0.01087  -1.54507   0.01087  -1.54507  -0.10566  -1.37751  -0.10566  -1.37751
 -3.10777   0.01300  -1.54442   0.01300  -1.54442  -0.14926  -1.38500  -0.14926  -1.38500
 -3.05764   0.06340  -1.54124   0.06340  -1.54124  -0.15312  -1.39267  -0.15312  -1.39267
 -3.00752   0.07141  -1.53766   0.07141  -1.53766  -0.12638  -1.39901  -0.12638  -1.39901
 -2.95739   0.09658  -1.53282   0.09658  -1.53282  -0.13959  -1.40600  -0.13959  -1.40600
 -2.90727   0.13444  -1.52608   0.13444  -1.52608  -0.14066  -1.41305  -0.14066  -1.41305
 -2.85714   0.12045  -1.52004   0.12045  -1.52004  -0.17373  -1.42176  -0.17373  -1.42176
 -2.80702   0.07830  -1.51612   0.07830  -1.51612  -0.18164  -1.43087  -0.18164  -1.43087
 -2.75689   0.09963  -1.51113   0.09963  -1.51113  -0.09171  -1.43546  -0.09171  -1.43546
 -2.70677   0.10849  -1.50569   0.10849  -1.50569  -0.08599  -1.43977  -0.08599  -1.43977
 -2.65664   0.13283  -1.49903   0.13283  -1.49903  -0.04522  -1.44204  -0.04522  -1.44204
 -2.60652   0.16423  -1.49080   0.16423  -1.49080  -0.05914  -1.44501  -0.05914  -1.44501
 -2.55639   0.13437  -1.48406   0.13437  -1.48406  -0.03226  -1.44662  -0.03226  -1.44662
 -2.50627   0.13265  -1.47741   0.13265  -1.47741  -0.02986  -1.44812  -0.02986  -1.44812
 -2.45614   0.15369  -1.46971   0.15369  -1.46971  -0.05415  -1.45083  -0.05415  -1.45083
 -2.40602   0.17394  -1.46099   0.17394  -1.46099  -0.08729  -1.45521  -0.08729  -1.45521
 -2.35589   0.18513  -1.45171   0.18513  -1.45171  -0.11881  -1.46116  -0.11881  -1.46116
 -2.30576   0.16253  -1.44356   0.16253  -1.44356  -0.12329  -1.46734  -0.12329  -1.46734
 -2.25564   0.14423  -1.43633   0.14423  -1.43633  -0.05590  -1.47015  -0.05590  -1.47015
 -2.20551   0.15991  -1.42832   0.15991  -1.42832  -0.05015  -1.47266  -0.05015  -1.47266
 -2.15539   0.14606  -1.42100   0.14606  -1.42100  -0.01881  -1.47360  -0.01881  -1.47360
 -2.10526   0.13072  -1.41445   0.13072  -1.41445   0.00043  -1.47358   0.00043  -1.47358
 -2.05514   0.18410  -1.40522   0.18410  -1.40522  -0.02291  -1.47473  -0.02291  -1.47473
 -2.00501   0.24949  -1.39271   0.24949  -1.39271   0.00730  -1.47436   0.00730  -1.47436
 -1.95489   0.25746  -1.37981   0.25746  -1.37981  -0.00548  -1.47464  -0.00548  -1.47464
 -1.90476   0.20459  -1.36955   0.20459  -1.36955  -0.04139  -1.47671  -0.04139  -1.47671
 -1.85464   0.21686  -1.35868   0.21686  -1.35868  -0.05411  -1.47942  -0.05411  -1.47942
 -1.80451   0.20223  -1.34854   0.20223  -1.34854  -0.04312  -1.48159  -0.04312  -1.48159
 -1.75439   0.18892  -1.33907   0.18892  -1.33907  -0.04074  -1.48363  -0.04074  -1.48363
 -1.70426   0.15803  -1.33115   0.15803  -1.33115  -0.02870  -1.48507  -0.02870  -1.48507
 -1.65414   0.13576  -1.32435   0.13576  -1.32435  -0.03381  -1.48676  -0.03381  -1.48676
 -1.60401   0.14113  -1.31727   0.14113  -1.31727  -0.04574  -1.48905  -0.04574  -1.48905
 -1.55388   0.16090  -1.30921   0.16090  -1.30921  -0.04734  -1.49143  -0.04734  -1.49143
 -1.50376   0.23769  -1.29729   0.23769  -1.29729  -0.08111  -1.49549  -0.08111  -1.49549
 -1.45363   0.32953  -1.28078   0.32953  -1.28078  -0.04425  -1.49771  -0.04425  -1.49771
 -1.40351   0.33963  -1.26375   0.33963  -1.26375  -0.02296  -1.49886  -0.02296  -1.49886
 -1.35338   0.24358  -1.25154   0.24358  -1.25154   0.00057  -1.49883   0.00057  -1.49883
 -1.30326   0.12821  -1.24512   0.12821  -1.24512  -0.01417  -1.49954  -0.01417  -1.49954
 -1.25313   0.09607  -1.24030   0.09607  -1.24030  -0.00898  -1.49999  -0.00898  -1.49999
 -1.20301   0.11648  -1.23446   0.11648  -1.23446   0.00120  -1.49993   0.00120  -1.49993
 -1.15288   0.14458  -1.22721   0.14458  -1.22721   0.02153  -1.49886   0.02153  -1.49886
 -1.10276   0.13421  -1.22049   0.13421  -1.22049   0.02431  -1.49764   0.02431  -1.49764
 -1.05263   0.21311  -1.20980   0.21311  -1.20980   0.01007  -1.49713   0.01007  -1.49713
 -1.00251   0.12852  -1.20336   0.12852  -1.20336   0.01752  -1.49625   0.01752  -1.49625
 -0.95238   0.05399  -1.20066   0.05399  -1.20066   0.00442  -1.49603   0.00442  -1.49603
 -0.90226   0.04146  -1.19858   0.04146  -1.19858  -0.00156  -1.49611  -0.00156  -1.49611
 -0.85213   0.02367  -1.19739   0.02367  -1.19739  -0.00052  -1.49614  -0.00052  -1.49614
 -0.80201   0.01725  -1.19653   0.01725  -1.19653  -0.00045  -1.49616  -0.00045  -1.49616
 -0.75188   0.01846  -1.19560   0.01846  -1.19560   0.00601  -1.49586   0.00601  -1.49586
 -0.70175   0.00648  -1.19528   0.00648  -1.19528   0.02092  -1.49481   0.02092  -1.49481
 -0.65163   0.00500  -1.19503   0.00500  -1.19503   0.00768  -1.49442   0.00768  -1.49442
 -0.60150   0.00899  -1.19458   0.00899  -1.19458   0.00000  -1.49442   0.00000  -1.49442
 -0.55138   0.00300  -1.19443   0.00300  -1.19443   0.00000  -1.49442   0.00000  -1.49442
 -0.50125   0.00456  -1.19420   0.00456  -1.19420   0.00000  -1.49442   0.00000  -1.49442
 -0.45113   0.00472  -1.19396   0.00472  -1.19396   0.00000  -1.49442   0.00000  -1.49442
 -0.40100   0.00124  -1.19390   0.00124  -1.19390   0.00000  -1.49442   0.00000  -1.49442
 -0.35088  -0.00264  -1.19403  -0.00264  -1.19403   0.00000  -1.49442   0.00000  -1.49442
 -0.30075   0.00153  -1.19395   0.00153  -1.19395   0.00000  -1.49442   0.00000  -1.49442
 -0.25063   0.00442  -1.19373   0.00442  -1.19373   0.00000  -1.49442   0.00000  -1.49442
 -0.20050   0.00265  -1.19360   0.00265  -1.19360   0.00000  -1.49442   0.00000  -1.49442
 -0.15038   0.00029  -1.19359   0.00029  -1.19359   0.00000  -1.49442   0.00000  -1.49442
 -0.10025   0.01557  -1.19280   0.01557  -1.19280   0.00000  -1.49442   0.00000  -1.49442
 -0.05013   0.01273  -1.19217   0.01273  -1.19217   0.00000  -1.49442   0.00000  -1.49442
  0.00000   0.02146  -1.19109   0.02146  -1.19109   0.00000  -1.49442   0.00000  -1.49442
  0.05013   0.00000  -1.19109   0.00000  -1.19109   0.00000  -1.49442   0.00000  -1.49442
  0.10025   0.00000  -1.19109   0.00000  -1.19109   0.00000  -1.49442   0.00000  -1.49442
  0.15038   0.00000  -1.19109   0.00000  -1.19109   0.00000  -1.49442   0.00000  -1.49442
  0.20050   0.00000  -1.19109   0.00000  -1.19109   0.00000  -1.49442   0.00000  -1.49442
  0.25063   0.00000  -1.19109   0.00000  -1.19109   0.00000  -1.49442   0.00000  -1.49442
  0.30075   0.00000  -1.19109   0.00000  -1.19109   0.00000  -1.49442   0.00000  -1.49442
  0.35088   0.00000  -1.19109   0.00000  -1.19109   0.00000  -1.49442   0.00000  -1.49442
  0.40100   0.00000  -1.19109   0.00000  -1.19109   0.00000  -1.49442   0.00000  -1.49442
  0.45113   0.00000  -1.19109   0.00000  -1.19109   0.00000  -1.49442   0.00000  -1.49442
  0.50125   0.00000  -1.19109   0.00000  -1.19109   0.00000  -1.49442   0.00000  -1.49442
  0.55138   0.00000  -1.19109   0.00000  -1.19109   0.00000  -1.49442   0.00000  -1.49442
  0.60150   0.00000  -1.19109   0.00000  -1.19109   0.00000  -1.49442   0.00000  -1.49442
  0.65163   0.00000  -1.19109   0.00000  -1.19109   0.00000  -1.49442   0.00000  -1.49442
  0.70175   0.00000  -1.19109   0.00000  -1.19109   0.00000  -1.49442   0.00000  -1.49442
  0.75188   0.00000  -1.19109   0.00000  -1.19109   0.00000  -1.49442   0.00000  -1.49442
  0.80201   0.00000  -1.19109   0.00000  -1.19109   0.00000  -1.49442   0.00000  -1.49442
  0.85213   0.00000  -1.19109   0.00000  -1.19109   0.00000  -1.49442   0.00000  -1.49442
  0.90226   0.00000  -1.19109   0.00000  -1.19109   0.00000  -1.49442   0.00000  -1.49442
  0.95238   0.00000  -1.19109   0.00000  -1.19109   0.00000  -1.49442   0.00000  -1.49442
  1.00251   0.07497  -1.18733   0.07497  -1.18733   0.00000  -1.49442   0.00000  -1.49442
  1.05263   0.25579  -1.17451   0.25579  -1.17451   0.00000  -1.49442   0.00000  -1.49442
  1.10276   0.61699  -1.14358   0.61699  -1.14358   0.00000  -1.49442   0.00000  -1.49442
  1.15288   0.82282  -1.10234   0.82282  -1.10234   0.00000  -1.49442   0.00000  -1.49442
  1.20301   0.72889  -1.06580   0.72889  -1.06580   0.00000  -1.49442   0.00000  -1.49442
  1.25313   0.65501  -1.03297   0.65501  -1.03297   0.00000  -1.49442   0.00000  -1.49442
  1.30326   0.66510  -0.99963   0.66510  -0.99963   0.00000  -1.49442   0.00000  -1.49442
  1.35338   0.63126  -0.96799   0.63126  -0.96799   0.00000  -1.49442   0.00000  -1.49442
  1.40351   0.65567  -0.93513   0.65567  -0.93513   0.00000  -1.49442   0.00000  -1.49442
  1.45363   0.75509  -0.89728   0.75509  -0.89728   0.00000  -1.49442   0.00000  -1.49442
  1.50376   0.91054  -0.85164   0.91054  -0.85164   0.00000  -1.49442   0.00000  -1.49442
  1.55388   0.67088  -0.81801   0.67088  -0.81801   0.00000  -1.49442   0.00000  -1.49442
  1.60401   0.83210  -0.77630   0.83210  -0.77630   0.00000  -1.49442   0.00000  -1.49442
  1.65414   0.77627  -0.73739   0.77627  -0.73739   0.00000  -1.49442   0.00000  -1.49442
  1.70426   0.83305  -0.69563   0.83305  -0.69563   0.00000  -1.49442   0.00000  -1.49442
  1.75439   0.35580  -0.67780   0.35580  -0.67780   0.00000  -1.49442   0.00000  -1.49442
  1.80451   0.60017  -0.64771   0.60017  -0.64771   0.00000  -1.49442   0.00000  -1.49442
  1.85464   0.69249  -0.61300   0.69249  -0.61300   0.00000  -1.49442   0.00000  -1.49442
  1.90476   0.52449  -0.58671   0.52449  -0.58671   0.00000  -1.49442   0.00000  -1.49442
  1.95489   0.39249  -0.56704   0.39249  -0.56704   0.00000  -1.49442   0.00000  -1.49442
  2.00501   0.16535  -0.55875   0.16535  -0.55875   0.00000  -1.49442   0.00000  -1.49442
  2.05514   0.06249  -0.55562   0.06249  -0.55562   0.00000  -1.49442   0.00000  -1.49442
  2.10526   0.04128  -0.55355   0.04128  -0.55355   0.00000  -1.49442   0.00000  -1.49442
  2.15539   0.02087  -0.55250   0.02087  -0.55250   0.00000  -1.49442   0.00000  -1.49442
  2.20551   0.00045  -0.55248   0.00045  -0.55248   0.00000  -1.49442   0.00000  -1.49442
  2.25564   0.00000  -0.55248   0.00000  -0.55248   0.00000  -1.49442   0.00000  -1.49442
  2.30576   0.00000  -0.55248   0.00000  -0.55248   0.00000  -1.49442   0.00000  -1.49442
  2.35589   0.00000  -0.55248   0.00000  -0.55248   0.00000  -1.49442   0.00000  -1.49442
  2.40602   0.00000  -0.55248   0.00000  -0.55248   0.00000  -1.49442   0.00000  -1.49442
  2.45614   0.00000  -0.55248   0.00000  -0.55248   0.00000  -1.49442   0.00000  -1.49442
  2.50627   0.00000  -0.55248   0.00000  -0.55248   0.00000  -1.49442   0.00000  -1.49442
  2.55639   0.00000  -0.55248   0.00000  -0.55248   0.00000  -1.49442   0.00000  -1.49442
  2.60652   0.00000  -0.55248   0.00000  -0.55248   0.11102  -1.48886   0.11102  -1.48886
  2.65664   0.00000  -0.55248   0.00000  -0.55248   0.25142  -1.47626   0.25142  -1.47626
  2.70677   0.00000  -0.55248   0.00000  -0.55248   0.43869  -1.45427   0.43869  -1.45427
  2.75689   0.00000  -0.55248   0.00000  -0.55248   0.27591  -1.44044   0.27591  -1.44044
  2.80702   0.00000  -0.55248   0.00000  -0.55248   0.22350  -1.42923   0.22350  -1.42923
  2.85714   0.00000  -0.55248   0.00000  -0.55248   0.21300  -1.41856   0.21300  -1.41856
  2.90727   0.00000  -0.55248   0.00000  -0.55248   0.28621  -1.40421   0.28621  -1.40421
  2.95739   0.00000  -0.55248   0.00000  -0.55248   0.22840  -1.39276   0.22840  -1.39276
  3.00752   0.00000  -0.55248   0.00000  -0.55248   0.62625  -1.36137   0.62625  -1.36137
  3.05764   0.00000  -0.55248   0.00000  -0.55248   0.61828  -1.33038   0.61828  -1.33038
  3.10777   0.00000  -0.55248   0.00000  -0.55248   0.41943  -1.30936   0.41943  -1.30936
  3.15789   0.00000  -0.55248   0.00000  -0.55248   0.33528  -1.29255   0.33528  -1.29255
  3.20802   0.00000  -0.55248   0.00000  -0.55248   0.25380  -1.27983   0.25380  -1.27983
  3.25815   0.00000  -0.55248   0.00000  -0.55248   0.32268  -1.26365   0.32268  -1.26365
  3.30827   0.00000  -0.55248   0.00000  -0.55248   0.80016  -1.22354   0.80016  -1.22354
  3.35840   0.00000  -0.55248   0.00000  -0.55248   0.42509  -1.20224   0.42509  -1.20224
  3.40852   0.00000  -0.55248   0.00000  -0.55248   0.45631  -1.17936   0.45631  -1.17936
  3.45865   0.00000  -0.55248   0.00000  -0.55248   0.13213  -1.17274   0.13213  -1.17274
  3.50877   0.00000  -0.55248   0.00000  -0.55248   0.09978  -1.16774   0.09978  -1.16774
  3.55890   0.00000  -0.55248   0.00000  -0.55248   0.19644  -1.15789   0.19644  -1.15789
  3.60902   0.00000  -0.55248   0.00000  -0.55248   0.42873  -1.13640   0.42873  -1.13640
  3.65915   0.00000  -0.55248   0.00000  -0.55248   0.48791  -1.11194   0.48791  -1.11194
  3.70927   0.00000  -0.55248   0.00000  -0.55248   0.83963  -1.06986   0.83963  -1.06986
  3.75940   0.00000  -0.55248   0.00000  -0.55248   1.10906  -1.01427   1.10906  -1.01427
  3.80952   0.00000  -0.55248   0.00000  -0.55248   1.55764  -0.93619   1.55764  -0.93619
  3.85965   0.00000  -0.55248   0.00000  -0.55248   1.44379  -0.86382   1.44379  -0.86382
  3.90977   0.00000  -0.55248   0.00000  -0.55248   1.57565  -0.78484   1.57565  -0.78484
  3.95990   0.00000  -0.55248   0.00000  -0.55248   1.01975  -0.73372   1.01975  -0.73372
  4.01003   0.00000  -0.55248   0.00000  -0.55248   0.70861  -0.69820   0.70861  -0.69820
  4.06015   0.00000  -0.55248   0.00000  -0.55248   1.02024  -0.64706   1.02024  -0.64706
  4.11028   0.00000  -0.55248   0.00000  -0.55248   1.27917  -0.58295   1.27917  -0.58295
  4.16040   0.00000  -0.55248   0.00000  -0.55248   0.47539  -0.55912   0.47539  -0.55912
  4.21053   0.00000  -0.55248   0.00000  -0.55248   0.19027  -0.54958   0.19027  -0.54958
  4.26065   0.00000  -0.55248   0.00000  -0.55248   0.06326  -0.54641   0.06326  -0.54641
  4.31078   0.00000  -0.55248   0.00000  -0.55248   0.02446  -0.54518   0.02446  -0.54518
  4.36090   0.00000  -0.55248   0.00000  -0.55248   0.01605  -0.54438   0.01605  -0.54438
  4.41103   0.00000  -0.55248   0.00000  -0.55248   0.03696  -0.54252   0.03696  -0.54252
  4.46115   0.00000  -0.55248   0.00000  -0.55248   0.05348  -0.53984   0.05348  -0.53984
  4.51128   0.00000  -0.55248   0.00000  -0.55248   0.00000  -0.53984   0.00000  -0.53984
  4.56140   0.00000  -0.55248   0.00000  -0.55248   0.00000  -0.53984   0.00000  -0.53984
  4.61153   0.00000  -0.55248   0.00000  -0.55248   0.00000  -0.53984   0.00000  -0.53984
  4.66165   0.00000  -0.55248   0.00000  -0.55248   0.00000  -0.53984   0.00000  -0.53984
  4.71178   0.00000  -0.55248   0.00000  -0.55248   0.00000  -0.53984   0.00000  -0.53984
  4.76190   0.00000  -0.55248   0.00000  -0.55248   0.00000  -0.53984   0.00000  -0.53984
  4.81203   0.00000  -0.55248   0.00000  -0.55248   0.00000  -0.53984   0.00000  -0.53984
  4.86216   0.00000  -0.55248   0.00000  -0.55248   0.00000  -0.53984   0.00000  -0.53984
  4.91228   0.00000  -0.55248   0.00000  -0.55248   0.00000  -0.53984   0.00000  -0.53984
  4.96241   0.00000  -0.55248   0.00000  -0.55248   0.00000  -0.53984   0.00000  -0.53984
  5.01253   0.00000  -0.55248   0.00000  -0.55248   0.00000  -0.53984   0.00000  -0.53984
  5.06266   0.00000  -0.55248   0.00000  -0.55248   0.00000  -0.53984   0.00000  -0.53984
  5.11278   0.00000  -0.55248   0.00000  -0.55248   0.00000  -0.53984   0.00000  -0.53984
  5.16291   0.00000  -0.55248   0.00000  -0.55248   0.00000  -0.53984   0.00000  -0.53984
  5.21303   0.00000  -0.55248   0.00000  -0.55248   0.00000  -0.53984   0.00000  -0.53984
  5.26316   0.00000  -0.55248   0.00000  -0.55248   0.00000  -0.53984   0.00000  -0.53984
  5.31328   0.00000  -0.55248   0.00000  -0.55248   0.00000  -0.53984   0.00000  -0.53984
  5.36341   0.00000  -0.55248   0.00000  -0.55248   0.00000  -0.53984   0.00000  -0.53984
  5.41353   0.00000  -0.55248   0.00000  -0.55248   0.00000  -0.53984   0.00000  -0.53984
  5.46366   0.00000  -0.55248   0.00000  -0.55248   0.00000  -0.53984   0.00000  -0.53984
  5.51378   0.00000  -0.55248   0.00000  -0.55248   0.00000  -0.53984   0.00000  -0.53984
  5.56391   0.00000  -0.55248   0.00000  -0.55248   0.00000  -0.53984   0.00000  -0.53984
  5.61404   0.00000  -0.55248   0.00000  -0.55248   0.00000  -0.53984   0.00000  -0.53984
  5.66416   0.00000  -0.55248   0.00000  -0.55248   0.00000  -0.53984   0.00000  -0.53984
  5.71429   0.00000  -0.55248   0.00000  -0.55248   0.00000  -0.53984   0.00000  -0.53984
  5.76441   0.00000  -0.55248   0.00000  -0.55248   0.00000  -0.53984   0.00000  -0.53984
  5.81454   0.00000  -0.55248   0.00000  -0.55248   0.00000  -0.53984   0.00000  -0.53984
  5.86466   0.00000  -0.55248   0.00000  -0.55248   0.00000  -0.53984   0.00000  -0.53984
  5.91479   0.00000  -0.55248   0.00000  -0.55248   0.00000  -0.53984   0.00000  -0.53984
  5.96491   0.00009  -0.55248   0.00009  -0.55248   0.00000  -0.53984   0.00000  -0.53984
  6.01504   0.00124  -0.55241   0.00124  -0.55241   0.00000  -0.53984   0.00000  -0.53984
  6.06516   0.00344  -0.55224   0.00344  -0.55224   0.00000  -0.53984   0.00000  -0.53984
  6.11529   0.00578  -0.55195   0.00578  -0.55195   0.00000  -0.53984   0.00000  -0.53984
  6.16541   0.00650  -0.55163   0.00650  -0.55163   0.00000  -0.53984   0.00000  -0.53984
  6.21554   0.00612  -0.55132   0.00612  -0.55132   0.00019  -0.53983   0.00019  -0.53983
  6.26566   0.00640  -0.55100   0.00640  -0.55100   0.00161  -0.53975   0.00161  -0.53975
  6.31579   0.00820  -0.55059   0.00820  -0.55059   0.00382  -0.53956   0.00382  -0.53956
  6.36591   0.01144  -0.55001   0.01144  -0.55001   0.00587  -0.53927   0.00587  -0.53927
  6.41604   0.01722  -0.54915   0.01722  -0.54915   0.00602  -0.53897   0.00602  -0.53897
  6.46617   0.02688  -0.54780   0.02688  -0.54780   0.00575  -0.53868   0.00575  -0.53868
  6.51629   0.02911  -0.54634   0.02911  -0.54634   0.00668  -0.53834   0.00668  -0.53834
  6.56642   0.03183  -0.54475   0.03183  -0.54475   0.00908  -0.53789   0.00908  -0.53789
  6.61654   0.03242  -0.54312   0.03242  -0.54312   0.01313  -0.53723   0.01313  -0.53723
  6.66667   0.03004  -0.54162   0.03004  -0.54162   0.02231  -0.53611   0.02231  -0.53611
  6.71679   0.02800  -0.54021   0.02800  -0.54021   0.02718  -0.53475   0.02718  -0.53475
  6.76692   0.02960  -0.53873   0.02960  -0.53873   0.02856  -0.53332   0.02856  -0.53332
  6.81704   0.04245  -0.53660   0.04245  -0.53660   0.03100  -0.53176   0.03100  -0.53176
  6.86717   0.04883  -0.53415   0.04883  -0.53415   0.02901  -0.53031   0.02901  -0.53031
  6.91729   0.04635  -0.53183   0.04635  -0.53183   0.02720  -0.52895   0.02720  -0.52895
  6.96742   0.04408  -0.52962   0.04408  -0.52962   0.02662  -0.52761   0.02662  -0.52761
  7.01754   0.04211  -0.52751   0.04211  -0.52751   0.03681  -0.52577   0.03681  -0.52577
  7.06767   0.04121  -0.52545   0.04121  -0.52545   0.04575  -0.52347   0.04575  -0.52347
  7.11779   0.04000  -0.52344   0.04000  -0.52344   0.04440  -0.52125   0.04440  -0.52125
  7.16792   0.04188  -0.52134   0.04188  -0.52134   0.03931  -0.51928   0.03931  -0.51928
  7.21805   0.04872  -0.51890   0.04872  -0.51890   0.03821  -0.51736   0.03821  -0.51736
  7.26817   0.05335  -0.51623   0.05335  -0.51623   0.04010  -0.51535   0.04010  -0.51535
  7.31830   0.05184  -0.51363   0.05184  -0.51363   0.04043  -0.51333   0.04043  -0.51333
  7.36842   0.05138  -0.51105   0.05138  -0.51105   0.04135  -0.51125   0.04135  -0.51125
  7.41855   0.05377  -0.50836   0.05377  -0.50836   0.04373  -0.50906   0.04373  -0.50906
  7.46867   0.04626  -0.50604   0.04626  -0.50604   0.04653  -0.50673   0.04653  -0.50673
  7.51880   0.03953  -0.50406   0.03953  -0.50406   0.05309  -0.50407   0.05309  -0.50407
  7.56892   0.06252  -0.50092   0.06252  -0.50092   0.05201  -0.50146   0.05201  -0.50146
  7.61905   0.07770  -0.49703   0.07770  -0.49703   0.05405  -0.49875   0.05405  -0.49875
  7.66917   0.06454  -0.49379   0.06454  -0.49379   0.05597  -0.49595   0.05597  -0.49595
  7.71930   0.05353  -0.49111   0.05353  -0.49111   0.05080  -0.49340   0.05080  -0.49340
  7.76942   0.06263  -0.48797   0.06263  -0.48797   0.05080  -0.49085   0.05080  -0.49085
  7.81955   0.08026  -0.48395   0.08026  -0.48395   0.07511  -0.48709   0.07511  -0.48709
  7.86967   0.08385  -0.47974   0.08385  -0.47974   0.08304  -0.48293   0.08304  -0.48293
  7.91980   0.08982  -0.47524   0.08982  -0.47524   0.05851  -0.47999   0.05851  -0.47999
  7.96992   0.08114  -0.47118   0.08114  -0.47118   0.06636  -0.47667   0.06636  -0.47667
  8.02005   0.09048  -0.46664   0.09048  -0.46664   0.08596  -0.47236   0.08596  -0.47236
  8.07018   0.10478  -0.46139   0.10478  -0.46139   0.08972  -0.46786   0.08972  -0.46786
  8.12030   0.10202  -0.45627   0.10202  -0.45627   0.08303  -0.46370   0.08303  -0.46370
  8.17043   0.11424  -0.45055   0.11424  -0.45055   0.09049  -0.45916   0.09049  -0.45916
  8.22055   0.12585  -0.44424   0.12585  -0.44424   0.11339  -0.45348   0.11339  -0.45348
  8.27068   0.13668  -0.43739   0.13668  -0.43739   0.10176  -0.44838   0.10176  -0.44838
  8.32080   0.15036  -0.42985   0.15036  -0.42985   0.10092  -0.44332   0.10092  -0.44332
  8.37093   0.16872  -0.42139   0.16872  -0.42139   0.10139  -0.43824   0.10139  -0.43824
  8.42105   0.15895  -0.41343   0.15895  -0.41343   0.11327  -0.43256   0.11327  -0.43256
  8.47118   0.16686  -0.40506   0.16686  -0.40506   0.12564  -0.42626   0.12564  -0.42626
  8.52130   0.14491  -0.39780   0.14491  -0.39780   0.16438  -0.41802   0.16438  -0.41802
  8.57143   0.12120  -0.39172   0.12120  -0.39172   0.16010  -0.41000   0.16010  -0.41000
  8.62155   0.16701  -0.38335   0.16701  -0.38335   0.18125  -0.40091   0.18125  -0.40091
  8.67168   0.12475  -0.37710   0.12475  -0.37710   0.13898  -0.39395   0.13898  -0.39395
  8.72180   0.14481  -0.36984   0.14481  -0.36984   0.16783  -0.38553   0.16783  -0.38553
  8.77193   0.13544  -0.36305   0.13544  -0.36305   0.16626  -0.37720   0.16626  -0.37720
  8.82206   0.13283  -0.35639   0.13283  -0.35639   0.13172  -0.37060   0.13172  -0.37060
  8.87218   0.11501  -0.35063   0.11501  -0.35063   0.12023  -0.36457   0.12023  -0.36457
  8.92231   0.14570  -0.34332   0.14570  -0.34332   0.13824  -0.35764   0.13824  -0.35764
  8.97243   0.14053  -0.33628   0.14053  -0.33628   0.13559  -0.35084   0.13559  -0.35084
  9.02256   0.11344  -0.33059   0.11344  -0.33059   0.12543  -0.34456   0.12543  -0.34456
  9.07268   0.12284  -0.32444   0.12284  -0.32444   0.13570  -0.33776   0.13570  -0.33776
  9.12281   0.17928  -0.31545   0.17928  -0.31545   0.14276  -0.33060   0.14276  -0.33060
  9.17293   0.12578  -0.30915   0.12578  -0.30915   0.11271  -0.32495   0.11271  -0.32495
  9.22306   0.09737  -0.30426   0.09737  -0.30426   0.12549  -0.31866   0.12549  -0.31866
  9.27318   0.10124  -0.29919   0.10124  -0.29919   0.13545  -0.31187   0.13545  -0.31187
  9.32331   0.09318  -0.29452   0.09318  -0.29452   0.08897  -0.30741   0.08897  -0.30741
  9.37343   0.08304  -0.29036   0.08304  -0.29036   0.08156  -0.30332   0.08156  -0.30332
  9.42356   0.07566  -0.28656   0.07566  -0.28656   0.09175  -0.29872   0.09175  -0.29872
  9.47368   0.09426  -0.28184   0.09426  -0.28184   0.09568  -0.29393   0.09568  -0.29393
  9.52381   0.11151  -0.27625   0.11151  -0.27625   0.08522  -0.28966   0.08522  -0.28966
  9.57393   0.11991  -0.27024   0.11991  -0.27024   0.06851  -0.28622   0.06851  -0.28622
  9.62406   0.13633  -0.26341   0.13633  -0.26341   0.08547  -0.28194   0.08547  -0.28194
  9.67419   0.14134  -0.25632   0.14134  -0.25632   0.10672  -0.27659   0.10672  -0.27659
  9.72431   0.14606  -0.24900   0.14606  -0.24900   0.11997  -0.27057   0.11997  -0.27057
  9.77444   0.13336  -0.24232   0.13336  -0.24232   0.12717  -0.26420   0.12717  -0.26420
  9.82456   0.13898  -0.23535   0.13898  -0.23535   0.15815  -0.25627   0.15815  -0.25627
  9.87469   0.14819  -0.22792   0.14819  -0.22792   0.15405  -0.24855   0.15405  -0.24855
  9.92481   0.20162  -0.21781   0.20162  -0.21781   0.15233  -0.24092   0.15233  -0.24092
  9.97494   0.15758  -0.20992   0.15758  -0.20992   0.14057  -0.23387   0.14057  -0.23387
 10.02506   0.13788  -0.20301   0.13788  -0.20301   0.13717  -0.22699   0.13717  -0.22699