ESCALE ; pCOHP file generated by LOBSTER. Energy is shifted such that the Fermi level lies at 0 eV.
         2          2        401  -5.82964e+00   1.42205e+01   4.19543e+00 
Average
No.1:Mn48->O97(8.5057709016890133)
-10.02506   0.00000  -0.00011   0.00000  -0.00011   0.00000  -0.00008   0.00000  -0.00008
 -9.97494   0.00000  -0.00011   0.00000  -0.00011   0.00000  -0.00008   0.00000  -0.00008
 -9.92481   0.00000  -0.00011   0.00000  -0.00011   0.00000  -0.00008   0.00000  -0.00008
 -9.87469   0.00000  -0.00011   0.00000  -0.00011   0.00000  -0.00008   0.00000  -0.00008
 -9.82456   0.00000  -0.00011   0.00000  -0.00011   0.00000  -0.00008   0.00000  -0.00008
 -9.77444   0.00000  -0.00011   0.00000  -0.00011   0.00000  -0.00008   0.00000  -0.00008
 -9.72431   0.00000  -0.00011   0.00000  -0.00011   0.00000  -0.00008   0.00000  -0.00008
 -9.67419   0.00000  -0.00011   0.00000  -0.00011   0.00000  -0.00008   0.00000  -0.00008
 -9.62406   0.00000  -0.00011   0.00000  -0.00011   0.00000  -0.00008   0.00000  -0.00008
 -9.57393   0.00000  -0.00011   0.00000  -0.00011   0.00000  -0.00008   0.00000  -0.00008
 -9.52381   0.00000  -0.00011   0.00000  -0.00011   0.00000  -0.00008   0.00000  -0.00008
 -9.47368   0.00000  -0.00011   0.00000  -0.00011   0.00000  -0.00008   0.00000  -0.00008
 -9.42356   0.00000  -0.00011   0.00000  -0.00011   0.00000  -0.00008   0.00000  -0.00008
 -9.37343   0.00000  -0.00011   0.00000  -0.00011   0.00000  -0.00008   0.00000  -0.00008
 -9.32331   0.00000  -0.00011   0.00000  -0.00011   0.00000  -0.00008   0.00000  -0.00008
 -9.27318   0.00000  -0.00011   0.00000  -0.00011   0.00000  -0.00008   0.00000  -0.00008
 -9.22306   0.00000  -0.00011   0.00000  -0.00011   0.00000  -0.00008   0.00000  -0.00008
 -9.17293   0.00000  -0.00011   0.00000  -0.00011   0.00000  -0.00008   0.00000  -0.00008
 -9.12281   0.00000  -0.00011   0.00000  -0.00011   0.00000  -0.00008   0.00000  -0.00008
 -9.07268   0.00000  -0.00011   0.00000  -0.00011   0.00000  -0.00008   0.00000  -0.00008
 -9.02256   0.00000  -0.00011   0.00000  -0.00011   0.00000  -0.00008   0.00000  -0.00008
 -8.97243   0.00000  -0.00011   0.00000  -0.00011   0.00000  -0.00008   0.00000  -0.00008
 -8.92231   0.00000  -0.00011   0.00000  -0.00011   0.00000  -0.00008   0.00000  -0.00008
 -8.87218   0.00000  -0.00011   0.00000  -0.00011   0.00000  -0.00008   0.00000  -0.00008
 -8.82206   0.00000  -0.00011   0.00000  -0.00011   0.00000  -0.00008   0.00000  -0.00008
 -8.77193   0.00000  -0.00011   0.00000  -0.00011   0.00000  -0.00008   0.00000  -0.00008
 -8.72180   0.00000  -0.00011   0.00000  -0.00011   0.00000  -0.00008   0.00000  -0.00008
 -8.67168   0.00000  -0.00011   0.00000  -0.00011   0.00000  -0.00008   0.00000  -0.00008
 -8.62155   0.00000  -0.00011   0.00000  -0.00011   0.00000  -0.00008   0.00000  -0.00008
 -8.57143   0.00000  -0.00011   0.00000  -0.00011   0.00000  -0.00008   0.00000  -0.00008
 -8.52130   0.00000  -0.00011   0.00000  -0.00011   0.00000  -0.00008   0.00000  -0.00008
 -8.47118   0.00000  -0.00011   0.00000  -0.00011   0.00000  -0.00008   0.00000  -0.00008
 -8.42105   0.00000  -0.00011   0.00000  -0.00011   0.00000  -0.00008   0.00000  -0.00008
 -8.37093   0.00000  -0.00011   0.00000  -0.00011   0.00000  -0.00008   0.00000  -0.00008
 -8.32080   0.00000  -0.00011   0.00000  -0.00011   0.00000  -0.00008   0.00000  -0.00008
 -8.27068   0.00000  -0.00011   0.00000  -0.00011   0.00000  -0.00008   0.00000  -0.00008
 -8.22055   0.00000  -0.00011   0.00000  -0.00011   0.00000  -0.00008   0.00000  -0.00008
 -8.17043   0.00000  -0.00011   0.00000  -0.00011   0.00000  -0.00008   0.00000  -0.00008
 -8.12030   0.00000  -0.00011   0.00000  -0.00011   0.00000  -0.00008   0.00000  -0.00008
 -8.07018   0.00000  -0.00011   0.00000  -0.00011   0.00000  -0.00008   0.00000  -0.00008
 -8.02005   0.00000  -0.00011   0.00000  -0.00011   0.00000  -0.00008   0.00000  -0.00008
 -7.96992   0.00000  -0.00011   0.00000  -0.00011   0.00000  -0.00008   0.00000  -0.00008
 -7.91980   0.00000  -0.00011   0.00000  -0.00011   0.00000  -0.00008   0.00000  -0.00008
 -7.86967   0.00000  -0.00011   0.00000  -0.00011   0.00000  -0.00008   0.00000  -0.00008
 -7.81955   0.00000  -0.00011   0.00000  -0.00011   0.00000  -0.00008   0.00000  -0.00008
 -7.76942   0.00000  -0.00011   0.00000  -0.00011   0.00000  -0.00008   0.00000  -0.00008
 -7.71930   0.00000  -0.00011   0.00000  -0.00011   0.00000  -0.00008   0.00000  -0.00008
 -7.66917   0.00000  -0.00011   0.00000  -0.00011   0.00000  -0.00008   0.00000  -0.00008
 -7.61905   0.00000  -0.00011   0.00000  -0.00011   0.00000  -0.00008   0.00000  -0.00008
 -7.56892   0.00000  -0.00011   0.00000  -0.00011   0.00000  -0.00008   0.00000  -0.00008
 -7.51880   0.00000  -0.00011   0.00000  -0.00011   0.00000  -0.00008   0.00000  -0.00008
 -7.46867   0.00000  -0.00011   0.00000  -0.00011   0.00000  -0.00008   0.00000  -0.00008
 -7.41855   0.00000  -0.00011   0.00000  -0.00011   0.00000  -0.00008   0.00000  -0.00008
 -7.36842   0.00000  -0.00011   0.00000  -0.00011   0.00000  -0.00008   0.00000  -0.00008
 -7.31830   0.00000  -0.00011   0.00000  -0.00011   0.00000  -0.00008   0.00000  -0.00008
 -7.26817   0.00000  -0.00011   0.00000  -0.00011   0.00000  -0.00008   0.00000  -0.00008
 -7.21805   0.00000  -0.00011   0.00000  -0.00011   0.00000  -0.00008   0.00000  -0.00008
 -7.16792   0.00000  -0.00011   0.00000  -0.00011   0.00000  -0.00008   0.00000  -0.00008
 -7.11779   0.00000  -0.00011   0.00000  -0.00011   0.00000  -0.00008   0.00000  -0.00008
 -7.06767  -0.00000  -0.00011  -0.00000  -0.00011   0.00000  -0.00008   0.00000  -0.00008
 -7.01754  -0.00028  -0.00012  -0.00028  -0.00012   0.00000  -0.00008   0.00000  -0.00008
 -6.96742  -0.00045  -0.00014  -0.00045  -0.00014   0.00000  -0.00008   0.00000  -0.00008
 -6.91729  -0.00287  -0.00029  -0.00287  -0.00029   0.00000  -0.00008   0.00000  -0.00008
 -6.86717  -0.00061  -0.00032  -0.00061  -0.00032   0.00000  -0.00008   0.00000  -0.00008
 -6.81704  -0.00075  -0.00036  -0.00075  -0.00036   0.00000  -0.00008   0.00000  -0.00008
 -6.76692   0.00009  -0.00035   0.00009  -0.00035   0.00000  -0.00008   0.00000  -0.00008
 -6.71679   0.00067  -0.00032   0.00067  -0.00032   0.00000  -0.00008   0.00000  -0.00008
 -6.66667   0.00080  -0.00028   0.00080  -0.00028   0.00000  -0.00008   0.00000  -0.00008
 -6.61654   0.00140  -0.00021   0.00140  -0.00021   0.00000  -0.00008   0.00000  -0.00008
 -6.56642   0.00133  -0.00014   0.00133  -0.00014   0.00000  -0.00008   0.00000  -0.00008
 -6.51629   0.00131  -0.00008   0.00131  -0.00008   0.00000  -0.00008   0.00000  -0.00008
 -6.46617   0.00054  -0.00005   0.00054  -0.00005   0.00000  -0.00008   0.00000  -0.00008
 -6.41604   0.00026  -0.00004   0.00026  -0.00004   0.00000  -0.00008   0.00000  -0.00008
 -6.36591   0.00036  -0.00002   0.00036  -0.00002   0.00000  -0.00008   0.00000  -0.00008
 -6.31579   0.00045   0.00000   0.00045   0.00000   0.00000  -0.00008   0.00000  -0.00008
 -6.26566   0.00019   0.00001   0.00019   0.00001   0.00000  -0.00008   0.00000  -0.00008
 -6.21554  -0.00042  -0.00001  -0.00042  -0.00001   0.00000  -0.00008   0.00000  -0.00008
 -6.16541  -0.00027  -0.00002  -0.00027  -0.00002   0.00000  -0.00008   0.00000  -0.00008
 -6.11529  -0.00002  -0.00002  -0.00002  -0.00002   0.00000  -0.00008   0.00000  -0.00008
 -6.06516   0.00016  -0.00001   0.00016  -0.00001   0.00000  -0.00008   0.00000  -0.00008
 -6.01504  -0.00009  -0.00002  -0.00009  -0.00002   0.00000  -0.00008   0.00000  -0.00008
 -5.96491  -0.00025  -0.00003  -0.00025  -0.00003   0.00000  -0.00008   0.00000  -0.00008
 -5.91479  -0.00036  -0.00005  -0.00036  -0.00005   0.00000  -0.00008   0.00000  -0.00008
 -5.86466   0.00007  -0.00005   0.00007  -0.00005   0.00000  -0.00008   0.00000  -0.00008
 -5.81454   0.00029  -0.00003   0.00029  -0.00003   0.00000  -0.00008   0.00000  -0.00008
 -5.76441  -0.00065  -0.00006  -0.00065  -0.00006   0.00000  -0.00008   0.00000  -0.00008
 -5.71429  -0.00087  -0.00011  -0.00087  -0.00011  -0.00001  -0.00008  -0.00001  -0.00008
 -5.66416  -0.00017  -0.00012  -0.00017  -0.00012  -0.00012  -0.00009  -0.00012  -0.00009
 -5.61404  -0.00092  -0.00016  -0.00092  -0.00016  -0.00005  -0.00009  -0.00005  -0.00009
 -5.56391  -0.00072  -0.00020  -0.00072  -0.00020  -0.00012  -0.00010  -0.00012  -0.00010
 -5.51378   0.00029  -0.00018   0.00029  -0.00018  -0.00096  -0.00015  -0.00096  -0.00015
 -5.46366  -0.00005  -0.00019  -0.00005  -0.00019  -0.00219  -0.00026  -0.00219  -0.00026
 -5.41353   0.00046  -0.00016   0.00046  -0.00016  -0.00200  -0.00036  -0.00200  -0.00036
 -5.36341  -0.00056  -0.00019  -0.00056  -0.00019  -0.00141  -0.00043  -0.00141  -0.00043
 -5.31328   0.00055  -0.00016   0.00055  -0.00016  -0.00071  -0.00046  -0.00071  -0.00046
 -5.26316   0.00051  -0.00014   0.00051  -0.00014  -0.00032  -0.00048  -0.00032  -0.00048
 -5.21303   0.00039  -0.00012   0.00039  -0.00012  -0.00006  -0.00048  -0.00006  -0.00048
 -5.16291  -0.00009  -0.00012  -0.00009  -0.00012   0.00006  -0.00048   0.00006  -0.00048
 -5.11278  -0.00028  -0.00014  -0.00028  -0.00014   0.00075  -0.00044   0.00075  -0.00044
 -5.06266  -0.00023  -0.00015  -0.00023  -0.00015   0.00125  -0.00038   0.00125  -0.00038
 -5.01253   0.00060  -0.00012   0.00060  -0.00012   0.00301  -0.00023   0.00301  -0.00023
 -4.96241   0.00053  -0.00009   0.00053  -0.00009   0.00302  -0.00008   0.00302  -0.00008
 -4.91228   0.00003  -0.00009   0.00003  -0.00009   0.00545   0.00020   0.00545   0.00020
 -4.86216   0.00020  -0.00008   0.00020  -0.00008   0.00147   0.00027   0.00147   0.00027
 -4.81203   0.00041  -0.00006   0.00041  -0.00006   0.00206   0.00037   0.00206   0.00037
 -4.76190   0.00035  -0.00004   0.00035  -0.00004   0.00037   0.00039   0.00037   0.00039
 -4.71178   0.00018  -0.00003   0.00018  -0.00003  -0.00164   0.00031  -0.00164   0.00031
 -4.66165  -0.00047  -0.00006  -0.00047  -0.00006   0.00092   0.00036   0.00092   0.00036
 -4.61153  -0.00019  -0.00007  -0.00019  -0.00007  -0.00130   0.00029  -0.00130   0.00029
 -4.56140  -0.00049  -0.00009  -0.00049  -0.00009  -0.00122   0.00023  -0.00122   0.00023
 -4.51128  -0.00075  -0.00013  -0.00075  -0.00013  -0.00009   0.00023  -0.00009   0.00023
 -4.46115  -0.00074  -0.00017  -0.00074  -0.00017   0.00049   0.00025   0.00049   0.00025
 -4.41103  -0.00066  -0.00020  -0.00066  -0.00020  -0.00001   0.00025  -0.00001   0.00025
 -4.36090  -0.00026  -0.00021  -0.00026  -0.00021  -0.00037   0.00023  -0.00037   0.00023
 -4.31078  -0.00032  -0.00023  -0.00032  -0.00023  -0.00041   0.00021  -0.00041   0.00021
 -4.26065  -0.00022  -0.00024  -0.00022  -0.00024  -0.00157   0.00013  -0.00157   0.00013
 -4.21053  -0.00042  -0.00026  -0.00042  -0.00026  -0.00149   0.00006  -0.00149   0.00006
 -4.16040  -0.00075  -0.00030  -0.00075  -0.00030  -0.00186  -0.00003  -0.00186  -0.00003
 -4.11028  -0.00042  -0.00032  -0.00042  -0.00032  -0.00166  -0.00012  -0.00166  -0.00012
 -4.06015  -0.00074  -0.00036  -0.00074  -0.00036  -0.00199  -0.00022  -0.00199  -0.00022
 -4.01003  -0.00079  -0.00040  -0.00079  -0.00040  -0.00196  -0.00032  -0.00196  -0.00032
 -3.95990  -0.00351  -0.00057  -0.00351  -0.00057   0.00011  -0.00031   0.00011  -0.00031
 -3.90977  -0.00289  -0.00072  -0.00289  -0.00072   0.00003  -0.00031   0.00003  -0.00031
 -3.85965   0.00041  -0.00070   0.00041  -0.00070   0.00037  -0.00029   0.00037  -0.00029
 -3.80952  -0.00025  -0.00071  -0.00025  -0.00071  -0.00054  -0.00032  -0.00054  -0.00032
 -3.75940   0.00008  -0.00070   0.00008  -0.00070  -0.00063  -0.00035  -0.00063  -0.00035
 -3.70927   0.00074  -0.00067   0.00074  -0.00067  -0.00041  -0.00037  -0.00041  -0.00037
 -3.65915   0.00112  -0.00061   0.00112  -0.00061  -0.00020  -0.00038  -0.00020  -0.00038
 -3.60902   0.00087  -0.00057   0.00087  -0.00057  -0.00051  -0.00040  -0.00051  -0.00040
 -3.55890   0.00156  -0.00049   0.00156  -0.00049  -0.00050  -0.00043  -0.00050  -0.00043
 -3.50877   0.00036  -0.00047   0.00036  -0.00047  -0.00042  -0.00045  -0.00042  -0.00045
 -3.45865   0.00042  -0.00045   0.00042  -0.00045  -0.00036  -0.00047  -0.00036  -0.00047
 -3.40852   0.00105  -0.00040   0.00105  -0.00040  -0.00022  -0.00048  -0.00022  -0.00048
 -3.35840   0.00112  -0.00034   0.00112  -0.00034  -0.00023  -0.00049  -0.00023  -0.00049
 -3.30827   0.00005  -0.00034   0.00005  -0.00034  -0.00016  -0.00050  -0.00016  -0.00050
 -3.25815  -0.00011  -0.00034  -0.00011  -0.00034   0.00002  -0.00050   0.00002  -0.00050
 -3.20802  -0.00020  -0.00035  -0.00020  -0.00035  -0.00003  -0.00050  -0.00003  -0.00050
 -3.15789   0.00074  -0.00032   0.00074  -0.00032  -0.00008  -0.00050  -0.00008  -0.00050
 -3.10777   0.00106  -0.00026   0.00106  -0.00026  -0.00006  -0.00051  -0.00006  -0.00051
 -3.05764   0.00018  -0.00026   0.00018  -0.00026  -0.00047  -0.00053  -0.00047  -0.00053
 -3.00752  -0.00036  -0.00027  -0.00036  -0.00027  -0.00038  -0.00055  -0.00038  -0.00055
 -2.95739  -0.00028  -0.00029  -0.00028  -0.00029  -0.00057  -0.00058  -0.00057  -0.00058
 -2.90727  -0.00045  -0.00031  -0.00045  -0.00031  -0.00017  -0.00059  -0.00017  -0.00059
 -2.85714  -0.00032  -0.00033  -0.00032  -0.00033  -0.00033  -0.00060  -0.00033  -0.00060
 -2.80702  -0.00052  -0.00035  -0.00052  -0.00035   0.00005  -0.00060   0.00005  -0.00060
 -2.75689  -0.00061  -0.00038  -0.00061  -0.00038  -0.00055  -0.00063  -0.00055  -0.00063
 -2.70677  -0.00064  -0.00042  -0.00064  -0.00042  -0.00028  -0.00064  -0.00028  -0.00064
 -2.65664  -0.00053  -0.00044  -0.00053  -0.00044   0.00006  -0.00064   0.00006  -0.00064
 -2.60652  -0.00031  -0.00046  -0.00031  -0.00046  -0.00001  -0.00064  -0.00001  -0.00064
 -2.55639  -0.00041  -0.00048  -0.00041  -0.00048   0.00045  -0.00062   0.00045  -0.00062
 -2.50627  -0.00032  -0.00049  -0.00032  -0.00049   0.00037  -0.00060   0.00037  -0.00060
 -2.45614   0.00004  -0.00049   0.00004  -0.00049   0.00038  -0.00058   0.00038  -0.00058
 -2.40602   0.00002  -0.00049   0.00002  -0.00049   0.00027  -0.00057   0.00027  -0.00057
 -2.35589   0.00009  -0.00049   0.00009  -0.00049   0.00018  -0.00056   0.00018  -0.00056
 -2.30576   0.00003  -0.00049   0.00003  -0.00049   0.00014  -0.00055   0.00014  -0.00055
 -2.25564   0.00023  -0.00047   0.00023  -0.00047   0.00006  -0.00055   0.00006  -0.00055
 -2.20551  -0.00020  -0.00048  -0.00020  -0.00048   0.00012  -0.00054   0.00012  -0.00054
 -2.15539  -0.00021  -0.00049  -0.00021  -0.00049   0.00016  -0.00053   0.00016  -0.00053
 -2.10526   0.00020  -0.00048   0.00020  -0.00048  -0.00004  -0.00054  -0.00004  -0.00054
 -2.05514   0.00018  -0.00047   0.00018  -0.00047   0.00022  -0.00052   0.00022  -0.00052
 -2.00501  -0.00048  -0.00050  -0.00048  -0.00050  -0.00025  -0.00054  -0.00025  -0.00054
 -1.95489  -0.00042  -0.00052  -0.00042  -0.00052  -0.00003  -0.00054  -0.00003  -0.00054
 -1.90476  -0.00039  -0.00054  -0.00039  -0.00054   0.00000  -0.00054   0.00000  -0.00054
 -1.85464   0.00021  -0.00053   0.00021  -0.00053   0.00038  -0.00052   0.00038  -0.00052
 -1.80451  -0.00004  -0.00053  -0.00004  -0.00053   0.00019  -0.00051   0.00019  -0.00051
 -1.75439  -0.00029  -0.00055  -0.00029  -0.00055   0.00018  -0.00050   0.00018  -0.00050
 -1.70426   0.00006  -0.00054   0.00006  -0.00054   0.00005  -0.00050   0.00005  -0.00050
 -1.65414  -0.00009  -0.00055  -0.00009  -0.00055   0.00029  -0.00048   0.00029  -0.00048
 -1.60401   0.00018  -0.00054   0.00018  -0.00054   0.00012  -0.00048   0.00012  -0.00048
 -1.55388   0.00012  -0.00053   0.00012  -0.00053   0.00015  -0.00047   0.00015  -0.00047
 -1.50376   0.00029  -0.00052   0.00029  -0.00052   0.00033  -0.00045   0.00033  -0.00045
 -1.45363   0.00057  -0.00049   0.00057  -0.00049   0.00036  -0.00044   0.00036  -0.00044
 -1.40351   0.00003  -0.00049   0.00003  -0.00049   0.00021  -0.00043   0.00021  -0.00043
 -1.35338   0.00015  -0.00048   0.00015  -0.00048   0.00017  -0.00042   0.00017  -0.00042
 -1.30326  -0.00000  -0.00048  -0.00000  -0.00048   0.00014  -0.00041   0.00014  -0.00041
 -1.25313   0.00013  -0.00047   0.00013  -0.00047   0.00002  -0.00041   0.00002  -0.00041
 -1.20301   0.00014  -0.00047   0.00014  -0.00047  -0.00003  -0.00041  -0.00003  -0.00041
 -1.15288   0.00014  -0.00046   0.00014  -0.00046   0.00005  -0.00041   0.00005  -0.00041
 -1.10276   0.00000  -0.00046   0.00000  -0.00046  -0.00000  -0.00041  -0.00000  -0.00041
 -1.05263   0.00009  -0.00046   0.00009  -0.00046   0.00003  -0.00041   0.00003  -0.00041
 -1.00251  -0.00020  -0.00047  -0.00020  -0.00047  -0.00010  -0.00041  -0.00010  -0.00041
 -0.95238  -0.00007  -0.00047  -0.00007  -0.00047  -0.00015  -0.00042  -0.00015  -0.00042
 -0.90226  -0.00004  -0.00047  -0.00004  -0.00047  -0.00002  -0.00042  -0.00002  -0.00042
 -0.85213   0.00008  -0.00047   0.00008  -0.00047  -0.00003  -0.00042  -0.00003  -0.00042
 -0.80201  -0.00003  -0.00047  -0.00003  -0.00047  -0.00005  -0.00042  -0.00005  -0.00042
 -0.75188  -0.00004  -0.00047  -0.00004  -0.00047   0.00003  -0.00042   0.00003  -0.00042
 -0.70175  -0.00008  -0.00048  -0.00008  -0.00048   0.00002  -0.00042   0.00002  -0.00042
 -0.65163   0.00002  -0.00047   0.00002  -0.00047   0.00000  -0.00042   0.00000  -0.00042
 -0.60150   0.00000  -0.00047   0.00000  -0.00047   0.00000  -0.00042   0.00000  -0.00042
 -0.55138   0.00002  -0.00047   0.00002  -0.00047   0.00000  -0.00042   0.00000  -0.00042
 -0.50125  -0.00003  -0.00047  -0.00003  -0.00047   0.00000  -0.00042   0.00000  -0.00042
 -0.45113  -0.00003  -0.00048  -0.00003  -0.00048   0.00000  -0.00042   0.00000  -0.00042
 -0.40100   0.00002  -0.00047   0.00002  -0.00047   0.00000  -0.00042   0.00000  -0.00042
 -0.35088   0.00003  -0.00047   0.00003  -0.00047   0.00000  -0.00042   0.00000  -0.00042
 -0.30075   0.00000  -0.00047   0.00000  -0.00047   0.00000  -0.00042   0.00000  -0.00042
 -0.25063  -0.00000  -0.00047  -0.00000  -0.00047   0.00000  -0.00042   0.00000  -0.00042
 -0.20050  -0.00001  -0.00047  -0.00001  -0.00047   0.00000  -0.00042   0.00000  -0.00042
 -0.15038  -0.00000  -0.00047  -0.00000  -0.00047   0.00000  -0.00042   0.00000  -0.00042
 -0.10025   0.00000  -0.00047   0.00000  -0.00047   0.00000  -0.00042   0.00000  -0.00042
 -0.05013   0.00000  -0.00047   0.00000  -0.00047   0.00000  -0.00042   0.00000  -0.00042
  0.00000  -0.00002  -0.00047  -0.00002  -0.00047   0.00000  -0.00042   0.00000  -0.00042
  0.05013   0.00000  -0.00047   0.00000  -0.00047   0.00000  -0.00042   0.00000  -0.00042
  0.10025   0.00000  -0.00047   0.00000  -0.00047   0.00000  -0.00042   0.00000  -0.00042
  0.15038   0.00000  -0.00047   0.00000  -0.00047   0.00000  -0.00042   0.00000  -0.00042
  0.20050   0.00000  -0.00047   0.00000  -0.00047   0.00000  -0.00042   0.00000  -0.00042
  0.25063   0.00000  -0.00047   0.00000  -0.00047   0.00000  -0.00042   0.00000  -0.00042
  0.30075   0.00000  -0.00047   0.00000  -0.00047   0.00000  -0.00042   0.00000  -0.00042
  0.35088   0.00000  -0.00047   0.00000  -0.00047   0.00000  -0.00042   0.00000  -0.00042
  0.40100   0.00000  -0.00047   0.00000  -0.00047   0.00000  -0.00042   0.00000  -0.00042
  0.45113   0.00000  -0.00047   0.00000  -0.00047   0.00000  -0.00042   0.00000  -0.00042
  0.50125   0.00000  -0.00047   0.00000  -0.00047   0.00000  -0.00042   0.00000  -0.00042
  0.55138   0.00000  -0.00047   0.00000  -0.00047   0.00000  -0.00042   0.00000  -0.00042
  0.60150   0.00000  -0.00047   0.00000  -0.00047   0.00000  -0.00042   0.00000  -0.00042
  0.65163   0.00000  -0.00047   0.00000  -0.00047   0.00000  -0.00042   0.00000  -0.00042
  0.70175   0.00000  -0.00047   0.00000  -0.00047   0.00000  -0.00042   0.00000  -0.00042
  0.75188   0.00000  -0.00047   0.00000  -0.00047   0.00000  -0.00042   0.00000  -0.00042
  0.80201   0.00000  -0.00047   0.00000  -0.00047   0.00000  -0.00042   0.00000  -0.00042
  0.85213   0.00000  -0.00047   0.00000  -0.00047   0.00000  -0.00042   0.00000  -0.00042
  0.90226   0.00000  -0.00047   0.00000  -0.00047   0.00000  -0.00042   0.00000  -0.00042
  0.95238   0.00000  -0.00047   0.00000  -0.00047   0.00000  -0.00042   0.00000  -0.00042
  1.00251   0.00007  -0.00047   0.00007  -0.00047   0.00000  -0.00042   0.00000  -0.00042
  1.05263   0.00004  -0.00047   0.00004  -0.00047   0.00000  -0.00042   0.00000  -0.00042
  1.10276  -0.00007  -0.00047  -0.00007  -0.00047   0.00000  -0.00042   0.00000  -0.00042
  1.15288  -0.00030  -0.00049  -0.00030  -0.00049   0.00000  -0.00042   0.00000  -0.00042
  1.20301  -0.00009  -0.00049  -0.00009  -0.00049   0.00000  -0.00042   0.00000  -0.00042
  1.25313  -0.00015  -0.00050  -0.00015  -0.00050   0.00000  -0.00042   0.00000  -0.00042
  1.30326  -0.00029  -0.00051  -0.00029  -0.00051   0.00000  -0.00042   0.00000  -0.00042
  1.35338  -0.00005  -0.00052  -0.00005  -0.00052   0.00000  -0.00042   0.00000  -0.00042
  1.40351   0.00008  -0.00051   0.00008  -0.00051   0.00000  -0.00042   0.00000  -0.00042
  1.45363  -0.00013  -0.00052  -0.00013  -0.00052   0.00000  -0.00042   0.00000  -0.00042
  1.50376  -0.00014  -0.00053  -0.00014  -0.00053   0.00000  -0.00042   0.00000  -0.00042
  1.55388  -0.00062  -0.00056  -0.00062  -0.00056   0.00000  -0.00042   0.00000  -0.00042
  1.60401  -0.00040  -0.00058  -0.00040  -0.00058   0.00000  -0.00042   0.00000  -0.00042
  1.65414  -0.00051  -0.00060  -0.00051  -0.00060   0.00000  -0.00042   0.00000  -0.00042
  1.70426   0.00027  -0.00059   0.00027  -0.00059   0.00000  -0.00042   0.00000  -0.00042
  1.75439   0.00023  -0.00058   0.00023  -0.00058   0.00000  -0.00042   0.00000  -0.00042
  1.80451   0.00019  -0.00057   0.00019  -0.00057   0.00000  -0.00042   0.00000  -0.00042
  1.85464   0.00001  -0.00057   0.00001  -0.00057   0.00000  -0.00042   0.00000  -0.00042
  1.90476   0.00032  -0.00055   0.00032  -0.00055   0.00000  -0.00042   0.00000  -0.00042
  1.95489   0.00011  -0.00055   0.00011  -0.00055   0.00000  -0.00042   0.00000  -0.00042
  2.00501  -0.00006  -0.00055  -0.00006  -0.00055   0.00000  -0.00042   0.00000  -0.00042
  2.05514  -0.00007  -0.00055  -0.00007  -0.00055   0.00000  -0.00042   0.00000  -0.00042
  2.10526  -0.00002  -0.00055  -0.00002  -0.00055   0.00000  -0.00042   0.00000  -0.00042
  2.15539  -0.00001  -0.00055  -0.00001  -0.00055   0.00000  -0.00042   0.00000  -0.00042
  2.20551  -0.00000  -0.00055  -0.00000  -0.00055   0.00000  -0.00042   0.00000  -0.00042
  2.25564   0.00000  -0.00055   0.00000  -0.00055   0.00000  -0.00042   0.00000  -0.00042
  2.30576   0.00000  -0.00055   0.00000  -0.00055   0.00000  -0.00042   0.00000  -0.00042
  2.35589   0.00000  -0.00055   0.00000  -0.00055   0.00000  -0.00042   0.00000  -0.00042
  2.40602   0.00000  -0.00055   0.00000  -0.00055   0.00000  -0.00042   0.00000  -0.00042
  2.45614   0.00000  -0.00055   0.00000  -0.00055   0.00000  -0.00042   0.00000  -0.00042
  2.50627   0.00000  -0.00055   0.00000  -0.00055   0.00000  -0.00042   0.00000  -0.00042
  2.55639   0.00000  -0.00055   0.00000  -0.00055   0.00000  -0.00042   0.00000  -0.00042
  2.60652   0.00000  -0.00055   0.00000  -0.00055  -0.00009  -0.00043  -0.00009  -0.00043
  2.65664   0.00000  -0.00055   0.00000  -0.00055  -0.00008  -0.00043  -0.00008  -0.00043
  2.70677   0.00000  -0.00055   0.00000  -0.00055  -0.00004  -0.00043  -0.00004  -0.00043
  2.75689   0.00000  -0.00055   0.00000  -0.00055   0.00003  -0.00043   0.00003  -0.00043
  2.80702   0.00000  -0.00055   0.00000  -0.00055  -0.00018  -0.00044  -0.00018  -0.00044
  2.85714   0.00000  -0.00055   0.00000  -0.00055  -0.00040  -0.00046  -0.00040  -0.00046
  2.90727   0.00000  -0.00055   0.00000  -0.00055   0.00048  -0.00044   0.00048  -0.00044
  2.95739   0.00000  -0.00055   0.00000  -0.00055  -0.00004  -0.00044  -0.00004  -0.00044
  3.00752   0.00000  -0.00055   0.00000  -0.00055  -0.00016  -0.00045  -0.00016  -0.00045
  3.05764   0.00000  -0.00055   0.00000  -0.00055   0.00023  -0.00043   0.00023  -0.00043
  3.10777   0.00000  -0.00055   0.00000  -0.00055   0.00044  -0.00041   0.00044  -0.00041
  3.15789   0.00000  -0.00055   0.00000  -0.00055   0.00009  -0.00041   0.00009  -0.00041
  3.20802   0.00000  -0.00055   0.00000  -0.00055  -0.00022  -0.00042  -0.00022  -0.00042
  3.25815   0.00000  -0.00055   0.00000  -0.00055   0.00008  -0.00041   0.00008  -0.00041
  3.30827   0.00000  -0.00055   0.00000  -0.00055  -0.00024  -0.00043  -0.00024  -0.00043
  3.35840   0.00000  -0.00055   0.00000  -0.00055   0.00021  -0.00042   0.00021  -0.00042
  3.40852   0.00000  -0.00055   0.00000  -0.00055  -0.00057  -0.00044  -0.00057  -0.00044
  3.45865   0.00000  -0.00055   0.00000  -0.00055  -0.00014  -0.00045  -0.00014  -0.00045
  3.50877   0.00000  -0.00055   0.00000  -0.00055  -0.00002  -0.00045  -0.00002  -0.00045
  3.55890   0.00000  -0.00055   0.00000  -0.00055   0.00007  -0.00045   0.00007  -0.00045
  3.60902   0.00000  -0.00055   0.00000  -0.00055   0.00011  -0.00044   0.00011  -0.00044
  3.65915   0.00000  -0.00055   0.00000  -0.00055   0.00007  -0.00044   0.00007  -0.00044
  3.70927   0.00000  -0.00055   0.00000  -0.00055   0.00002  -0.00044   0.00002  -0.00044
  3.75940   0.00000  -0.00055   0.00000  -0.00055  -0.00010  -0.00044  -0.00010  -0.00044
  3.80952   0.00000  -0.00055   0.00000  -0.00055  -0.00006  -0.00045  -0.00006  -0.00045
  3.85965   0.00000  -0.00055   0.00000  -0.00055  -0.00013  -0.00045  -0.00013  -0.00045
  3.90977   0.00000  -0.00055   0.00000  -0.00055  -0.00035  -0.00047  -0.00035  -0.00047
  3.95990   0.00000  -0.00055   0.00000  -0.00055  -0.00011  -0.00048  -0.00011  -0.00048
  4.01003   0.00000  -0.00055   0.00000  -0.00055   0.00034  -0.00046   0.00034  -0.00046
  4.06015   0.00000  -0.00055   0.00000  -0.00055  -0.00050  -0.00048  -0.00050  -0.00048
  4.11028   0.00000  -0.00055   0.00000  -0.00055   0.00029  -0.00047   0.00029  -0.00047
  4.16040   0.00000  -0.00055   0.00000  -0.00055   0.00010  -0.00047   0.00010  -0.00047
  4.21053   0.00000  -0.00055   0.00000  -0.00055  -0.00020  -0.00048  -0.00020  -0.00048
  4.26065   0.00000  -0.00055   0.00000  -0.00055  -0.00012  -0.00048  -0.00012  -0.00048
  4.31078   0.00000  -0.00055   0.00000  -0.00055  -0.00005  -0.00048  -0.00005  -0.00048
  4.36090   0.00000  -0.00055   0.00000  -0.00055  -0.00001  -0.00048  -0.00001  -0.00048
  4.41103   0.00000  -0.00055   0.00000  -0.00055   0.00003  -0.00048   0.00003  -0.00048
  4.46115   0.00000  -0.00055   0.00000  -0.00055   0.00003  -0.00048   0.00003  -0.00048
  4.51128   0.00000  -0.00055   0.00000  -0.00055   0.00000  -0.00048   0.00000  -0.00048
  4.56140   0.00000  -0.00055   0.00000  -0.00055   0.00000  -0.00048   0.00000  -0.00048
  4.61153   0.00000  -0.00055   0.00000  -0.00055   0.00000  -0.00048   0.00000  -0.00048
  4.66165   0.00000  -0.00055   0.00000  -0.00055   0.00000  -0.00048   0.00000  -0.00048
  4.71178   0.00000  -0.00055   0.00000  -0.00055   0.00000  -0.00048   0.00000  -0.00048
  4.76190   0.00000  -0.00055   0.00000  -0.00055   0.00000  -0.00048   0.00000  -0.00048
  4.81203   0.00000  -0.00055   0.00000  -0.00055   0.00000  -0.00048   0.00000  -0.00048
  4.86216   0.00000  -0.00055   0.00000  -0.00055   0.00000  -0.00048   0.00000  -0.00048
  4.91228   0.00000  -0.00055   0.00000  -0.00055   0.00000  -0.00048   0.00000  -0.00048
  4.96241   0.00000  -0.00055   0.00000  -0.00055   0.00000  -0.00048   0.00000  -0.00048
  5.01253   0.00000  -0.00055   0.00000  -0.00055   0.00000  -0.00048   0.00000  -0.00048
  5.06266   0.00000  -0.00055   0.00000  -0.00055   0.00000  -0.00048   0.00000  -0.00048
  5.11278   0.00000  -0.00055   0.00000  -0.00055   0.00000  -0.00048   0.00000  -0.00048
  5.16291   0.00000  -0.00055   0.00000  -0.00055   0.00000  -0.00048   0.00000  -0.00048
  5.21303   0.00000  -0.00055   0.00000  -0.00055   0.00000  -0.00048   0.00000  -0.00048
  5.26316   0.00000  -0.00055   0.00000  -0.00055   0.00000  -0.00048   0.00000  -0.00048
  5.31328   0.00000  -0.00055   0.00000  -0.00055   0.00000  -0.00048   0.00000  -0.00048
  5.36341   0.00000  -0.00055   0.00000  -0.00055   0.00000  -0.00048   0.00000  -0.00048
  5.41353   0.00000  -0.00055   0.00000  -0.00055   0.00000  -0.00048   0.00000  -0.00048
  5.46366   0.00000  -0.00055   0.00000  -0.00055   0.00000  -0.00048   0.00000  -0.00048
  5.51378   0.00000  -0.00055   0.00000  -0.00055   0.00000  -0.00048   0.00000  -0.00048
  5.56391   0.00000  -0.00055   0.00000  -0.00055   0.00000  -0.00048   0.00000  -0.00048
  5.61404   0.00000  -0.00055   0.00000  -0.00055   0.00000  -0.00048   0.00000  -0.00048
  5.66416   0.00000  -0.00055   0.00000  -0.00055   0.00000  -0.00048   0.00000  -0.00048
  5.71429   0.00000  -0.00055   0.00000  -0.00055   0.00000  -0.00048   0.00000  -0.00048
  5.76441   0.00000  -0.00055   0.00000  -0.00055   0.00000  -0.00048   0.00000  -0.00048
  5.81454   0.00000  -0.00055   0.00000  -0.00055   0.00000  -0.00048   0.00000  -0.00048
  5.86466   0.00000  -0.00055   0.00000  -0.00055   0.00000  -0.00048   0.00000  -0.00048
  5.91479   0.00000  -0.00055   0.00000  -0.00055   0.00000  -0.00048   0.00000  -0.00048
  5.96491  -0.00000  -0.00055  -0.00000  -0.00055   0.00000  -0.00048   0.00000  -0.00048
  6.01504  -0.00001  -0.00055  -0.00001  -0.00055   0.00000  -0.00048   0.00000  -0.00048
  6.06516  -0.00003  -0.00056  -0.00003  -0.00056   0.00000  -0.00048   0.00000  -0.00048
  6.11529  -0.00005  -0.00056  -0.00005  -0.00056   0.00000  -0.00048   0.00000  -0.00048
  6.16541  -0.00005  -0.00056  -0.00005  -0.00056   0.00000  -0.00048   0.00000  -0.00048
  6.21554  -0.00005  -0.00056  -0.00005  -0.00056  -0.00000  -0.00048  -0.00000  -0.00048
  6.26566  -0.00004  -0.00057  -0.00004  -0.00057  -0.00001  -0.00048  -0.00001  -0.00048
  6.31579  -0.00006  -0.00057  -0.00006  -0.00057  -0.00003  -0.00048  -0.00003  -0.00048
  6.36591  -0.00008  -0.00057  -0.00008  -0.00057  -0.00005  -0.00049  -0.00005  -0.00049
  6.41604  -0.00013  -0.00058  -0.00013  -0.00058  -0.00005  -0.00049  -0.00005  -0.00049
  6.46617  -0.00019  -0.00059  -0.00019  -0.00059  -0.00004  -0.00049  -0.00004  -0.00049
  6.51629  -0.00017  -0.00060  -0.00017  -0.00060  -0.00004  -0.00049  -0.00004  -0.00049
  6.56642  -0.00015  -0.00061  -0.00015  -0.00061  -0.00006  -0.00050  -0.00006  -0.00050
  6.61654  -0.00013  -0.00061  -0.00013  -0.00061  -0.00009  -0.00050  -0.00009  -0.00050
  6.66667  -0.00011  -0.00062  -0.00011  -0.00062  -0.00015  -0.00051  -0.00015  -0.00051
  6.71679  -0.00011  -0.00062  -0.00011  -0.00062  -0.00016  -0.00052  -0.00016  -0.00052
  6.76692  -0.00013  -0.00063  -0.00013  -0.00063  -0.00013  -0.00052  -0.00013  -0.00052
  6.81704  -0.00020  -0.00064  -0.00020  -0.00064  -0.00012  -0.00053  -0.00012  -0.00053
  6.86717  -0.00024  -0.00065  -0.00024  -0.00065  -0.00010  -0.00053  -0.00010  -0.00053
  6.91729  -0.00020  -0.00066  -0.00020  -0.00066  -0.00010  -0.00054  -0.00010  -0.00054
  6.96742  -0.00015  -0.00067  -0.00015  -0.00067  -0.00011  -0.00054  -0.00011  -0.00054
  7.01754  -0.00011  -0.00067  -0.00011  -0.00067  -0.00016  -0.00055  -0.00016  -0.00055
  7.06767  -0.00010  -0.00068  -0.00010  -0.00068  -0.00021  -0.00056  -0.00021  -0.00056
  7.11779  -0.00009  -0.00068  -0.00009  -0.00068  -0.00019  -0.00057  -0.00019  -0.00057
  7.16792  -0.00010  -0.00069  -0.00010  -0.00069  -0.00014  -0.00058  -0.00014  -0.00058
  7.21805  -0.00013  -0.00070  -0.00013  -0.00070  -0.00010  -0.00058  -0.00010  -0.00058
  7.26817  -0.00013  -0.00070  -0.00013  -0.00070  -0.00009  -0.00059  -0.00009  -0.00059
  7.31830  -0.00006  -0.00070  -0.00006  -0.00070  -0.00009  -0.00059  -0.00009  -0.00059
  7.36842   0.00015  -0.00070   0.00015  -0.00070  -0.00010  -0.00060  -0.00010  -0.00060
  7.41855   0.00046  -0.00067   0.00046  -0.00067  -0.00012  -0.00060  -0.00012  -0.00060
  7.46867   0.00012  -0.00067   0.00012  -0.00067  -0.00012  -0.00061  -0.00012  -0.00061
  7.51880  -0.00004  -0.00067  -0.00004  -0.00067  -0.00004  -0.00061  -0.00004  -0.00061
  7.56892  -0.00012  -0.00068  -0.00012  -0.00068   0.00016  -0.00060   0.00016  -0.00060
  7.61905  -0.00015  -0.00068  -0.00015  -0.00068   0.00036  -0.00059   0.00036  -0.00059
  7.66917  -0.00018  -0.00069  -0.00018  -0.00069   0.00002  -0.00059   0.00002  -0.00059
  7.71930  -0.00006  -0.00070  -0.00006  -0.00070  -0.00004  -0.00059  -0.00004  -0.00059
  7.76942   0.00008  -0.00069   0.00008  -0.00069  -0.00010  -0.00059  -0.00010  -0.00059
  7.81955   0.00022  -0.00068   0.00022  -0.00068  -0.00014  -0.00060  -0.00014  -0.00060
  7.86967   0.00026  -0.00067   0.00026  -0.00067  -0.00016  -0.00061  -0.00016  -0.00061
  7.91980   0.00040  -0.00065   0.00040  -0.00065   0.00002  -0.00061   0.00002  -0.00061
  7.96992   0.00050  -0.00062   0.00050  -0.00062   0.00015  -0.00060   0.00015  -0.00060
  8.02005   0.00090  -0.00058   0.00090  -0.00058   0.00034  -0.00058   0.00034  -0.00058
  8.07018   0.00132  -0.00051   0.00132  -0.00051   0.00046  -0.00056   0.00046  -0.00056
  8.12030   0.00129  -0.00045   0.00129  -0.00045   0.00055  -0.00053   0.00055  -0.00053
  8.17043   0.00130  -0.00038   0.00130  -0.00038   0.00090  -0.00049   0.00090  -0.00049
  8.22055   0.00158  -0.00030   0.00158  -0.00030   0.00110  -0.00043   0.00110  -0.00043
  8.27068   0.00091  -0.00025   0.00091  -0.00025   0.00103  -0.00038   0.00103  -0.00038
  8.32080   0.00146  -0.00018   0.00146  -0.00018   0.00125  -0.00032   0.00125  -0.00032
  8.37093   0.00157  -0.00010   0.00157  -0.00010   0.00132  -0.00025   0.00132  -0.00025
  8.42105   0.00064  -0.00007   0.00064  -0.00007   0.00127  -0.00019   0.00127  -0.00019
  8.47118   0.00037  -0.00005   0.00037  -0.00005   0.00097  -0.00014   0.00097  -0.00014
  8.52130  -0.00027  -0.00007  -0.00027  -0.00007   0.00127  -0.00008   0.00127  -0.00008
  8.57143  -0.00006  -0.00007  -0.00006  -0.00007   0.00057  -0.00005   0.00057  -0.00005
  8.62155   0.00041  -0.00005   0.00041  -0.00005   0.00042  -0.00003   0.00042  -0.00003
  8.67168   0.00033  -0.00003   0.00033  -0.00003  -0.00001  -0.00003  -0.00001  -0.00003
  8.72180  -0.00044  -0.00005  -0.00044  -0.00005  -0.00030  -0.00004  -0.00030  -0.00004
  8.77193  -0.00025  -0.00007  -0.00025  -0.00007   0.00028  -0.00003   0.00028  -0.00003
  8.82206  -0.00002  -0.00007  -0.00002  -0.00007   0.00026  -0.00001   0.00026  -0.00001
  8.87218  -0.00015  -0.00007  -0.00015  -0.00007  -0.00017  -0.00002  -0.00017  -0.00002
  8.92231  -0.00002  -0.00008  -0.00002  -0.00008  -0.00012  -0.00003  -0.00012  -0.00003
  8.97243  -0.00004  -0.00008  -0.00004  -0.00008  -0.00012  -0.00003  -0.00012  -0.00003
  9.02256   0.00023  -0.00007   0.00023  -0.00007  -0.00025  -0.00005  -0.00025  -0.00005
  9.07268   0.00011  -0.00006   0.00011  -0.00006  -0.00014  -0.00005  -0.00014  -0.00005
  9.12281  -0.00016  -0.00007  -0.00016  -0.00007   0.00028  -0.00004   0.00028  -0.00004
  9.17293  -0.00037  -0.00009  -0.00037  -0.00009   0.00034  -0.00002   0.00034  -0.00002
  9.22306  -0.00001  -0.00009  -0.00001  -0.00009  -0.00006  -0.00003  -0.00006  -0.00003
  9.27318   0.00027  -0.00007   0.00027  -0.00007  -0.00031  -0.00004  -0.00031  -0.00004
  9.32331   0.00013  -0.00007   0.00013  -0.00007   0.00009  -0.00004   0.00009  -0.00004
  9.37343   0.00012  -0.00006   0.00012  -0.00006   0.00019  -0.00003   0.00019  -0.00003
  9.42356   0.00010  -0.00006   0.00010  -0.00006   0.00005  -0.00002   0.00005  -0.00002
  9.47368  -0.00022  -0.00007  -0.00022  -0.00007  -0.00039  -0.00004  -0.00039  -0.00004
  9.52381  -0.00030  -0.00008  -0.00030  -0.00008  -0.00015  -0.00005  -0.00015  -0.00005
  9.57393  -0.00008  -0.00009  -0.00008  -0.00009  -0.00005  -0.00005  -0.00005  -0.00005
  9.62406   0.00009  -0.00008   0.00009  -0.00008  -0.00004  -0.00006  -0.00004  -0.00006
  9.67419   0.00009  -0.00008   0.00009  -0.00008   0.00019  -0.00005   0.00019  -0.00005
  9.72431   0.00079  -0.00004   0.00079  -0.00004   0.00042  -0.00003   0.00042  -0.00003
  9.77444   0.00052  -0.00001   0.00052  -0.00001   0.00009  -0.00002   0.00009  -0.00002
  9.82456   0.00066   0.00002   0.00066   0.00002   0.00044   0.00000   0.00044   0.00000
  9.87469   0.00061   0.00005   0.00061   0.00005   0.00074   0.00004   0.00074   0.00004
  9.92481   0.00044   0.00007   0.00044   0.00007   0.00075   0.00008   0.00075   0.00008
  9.97494   0.00030   0.00009   0.00030   0.00009   0.00057   0.00010   0.00057   0.00010
 10.02506   0.00021   0.00010   0.00021   0.00010   0.00050   0.00013   0.00050   0.00013