ESCALE ; pCOHP file generated by LOBSTER. Energy is shifted such that the Fermi level lies at 0 eV.
         2          2        401  -5.82964e+00   1.42205e+01   4.19543e+00 
Average
No.1:Mn49->O109(1.9050610296979287)
-10.02506   0.00000  -0.75798   0.00000  -0.75798   0.00000  -0.75863   0.00000  -0.75863
 -9.97494   0.00000  -0.75798   0.00000  -0.75798   0.00000  -0.75863   0.00000  -0.75863
 -9.92481   0.00000  -0.75798   0.00000  -0.75798   0.00000  -0.75863   0.00000  -0.75863
 -9.87469   0.00000  -0.75798   0.00000  -0.75798   0.00000  -0.75863   0.00000  -0.75863
 -9.82456   0.00000  -0.75798   0.00000  -0.75798   0.00000  -0.75863   0.00000  -0.75863
 -9.77444   0.00000  -0.75798   0.00000  -0.75798   0.00000  -0.75863   0.00000  -0.75863
 -9.72431   0.00000  -0.75798   0.00000  -0.75798   0.00000  -0.75863   0.00000  -0.75863
 -9.67419   0.00000  -0.75798   0.00000  -0.75798   0.00000  -0.75863   0.00000  -0.75863
 -9.62406   0.00000  -0.75798   0.00000  -0.75798   0.00000  -0.75863   0.00000  -0.75863
 -9.57393   0.00000  -0.75798   0.00000  -0.75798   0.00000  -0.75863   0.00000  -0.75863
 -9.52381   0.00000  -0.75798   0.00000  -0.75798   0.00000  -0.75863   0.00000  -0.75863
 -9.47368   0.00000  -0.75798   0.00000  -0.75798   0.00000  -0.75863   0.00000  -0.75863
 -9.42356   0.00000  -0.75798   0.00000  -0.75798   0.00000  -0.75863   0.00000  -0.75863
 -9.37343   0.00000  -0.75798   0.00000  -0.75798   0.00000  -0.75863   0.00000  -0.75863
 -9.32331   0.00000  -0.75798   0.00000  -0.75798   0.00000  -0.75863   0.00000  -0.75863
 -9.27318   0.00000  -0.75798   0.00000  -0.75798   0.00000  -0.75863   0.00000  -0.75863
 -9.22306   0.00000  -0.75798   0.00000  -0.75798   0.00000  -0.75863   0.00000  -0.75863
 -9.17293   0.00000  -0.75798   0.00000  -0.75798   0.00000  -0.75863   0.00000  -0.75863
 -9.12281   0.00000  -0.75798   0.00000  -0.75798   0.00000  -0.75863   0.00000  -0.75863
 -9.07268   0.00000  -0.75798   0.00000  -0.75798   0.00000  -0.75863   0.00000  -0.75863
 -9.02256   0.00000  -0.75798   0.00000  -0.75798   0.00000  -0.75863   0.00000  -0.75863
 -8.97243   0.00000  -0.75798   0.00000  -0.75798   0.00000  -0.75863   0.00000  -0.75863
 -8.92231   0.00000  -0.75798   0.00000  -0.75798   0.00000  -0.75863   0.00000  -0.75863
 -8.87218   0.00000  -0.75798   0.00000  -0.75798   0.00000  -0.75863   0.00000  -0.75863
 -8.82206   0.00000  -0.75798   0.00000  -0.75798   0.00000  -0.75863   0.00000  -0.75863
 -8.77193   0.00000  -0.75798   0.00000  -0.75798   0.00000  -0.75863   0.00000  -0.75863
 -8.72180   0.00000  -0.75798   0.00000  -0.75798   0.00000  -0.75863   0.00000  -0.75863
 -8.67168   0.00000  -0.75798   0.00000  -0.75798   0.00000  -0.75863   0.00000  -0.75863
 -8.62155   0.00000  -0.75798   0.00000  -0.75798   0.00000  -0.75863   0.00000  -0.75863
 -8.57143   0.00000  -0.75798   0.00000  -0.75798   0.00000  -0.75863   0.00000  -0.75863
 -8.52130   0.00000  -0.75798   0.00000  -0.75798   0.00000  -0.75863   0.00000  -0.75863
 -8.47118   0.00000  -0.75798   0.00000  -0.75798   0.00000  -0.75863   0.00000  -0.75863
 -8.42105   0.00000  -0.75798   0.00000  -0.75798   0.00000  -0.75863   0.00000  -0.75863
 -8.37093   0.00000  -0.75798   0.00000  -0.75798   0.00000  -0.75863   0.00000  -0.75863
 -8.32080   0.00000  -0.75798   0.00000  -0.75798   0.00000  -0.75863   0.00000  -0.75863
 -8.27068   0.00000  -0.75798   0.00000  -0.75798   0.00000  -0.75863   0.00000  -0.75863
 -8.22055   0.00000  -0.75798   0.00000  -0.75798   0.00000  -0.75863   0.00000  -0.75863
 -8.17043   0.00000  -0.75798   0.00000  -0.75798   0.00000  -0.75863   0.00000  -0.75863
 -8.12030   0.00000  -0.75798   0.00000  -0.75798   0.00000  -0.75863   0.00000  -0.75863
 -8.07018   0.00000  -0.75798   0.00000  -0.75798   0.00000  -0.75863   0.00000  -0.75863
 -8.02005   0.00000  -0.75798   0.00000  -0.75798   0.00000  -0.75863   0.00000  -0.75863
 -7.96992   0.00000  -0.75798   0.00000  -0.75798   0.00000  -0.75863   0.00000  -0.75863
 -7.91980   0.00000  -0.75798   0.00000  -0.75798   0.00000  -0.75863   0.00000  -0.75863
 -7.86967   0.00000  -0.75798   0.00000  -0.75798   0.00000  -0.75863   0.00000  -0.75863
 -7.81955   0.00000  -0.75798   0.00000  -0.75798   0.00000  -0.75863   0.00000  -0.75863
 -7.76942   0.00000  -0.75798   0.00000  -0.75798   0.00000  -0.75863   0.00000  -0.75863
 -7.71930   0.00000  -0.75798   0.00000  -0.75798   0.00000  -0.75863   0.00000  -0.75863
 -7.66917   0.00000  -0.75798   0.00000  -0.75798   0.00000  -0.75863   0.00000  -0.75863
 -7.61905   0.00000  -0.75798   0.00000  -0.75798   0.00000  -0.75863   0.00000  -0.75863
 -7.56892   0.00000  -0.75798   0.00000  -0.75798   0.00000  -0.75863   0.00000  -0.75863
 -7.51880   0.00000  -0.75798   0.00000  -0.75798   0.00000  -0.75863   0.00000  -0.75863
 -7.46867   0.00000  -0.75798   0.00000  -0.75798   0.00000  -0.75863   0.00000  -0.75863
 -7.41855   0.00000  -0.75798   0.00000  -0.75798   0.00000  -0.75863   0.00000  -0.75863
 -7.36842   0.00000  -0.75798   0.00000  -0.75798   0.00000  -0.75863   0.00000  -0.75863
 -7.31830   0.00000  -0.75798   0.00000  -0.75798   0.00000  -0.75863   0.00000  -0.75863
 -7.26817   0.00000  -0.75798   0.00000  -0.75798   0.00000  -0.75863   0.00000  -0.75863
 -7.21805   0.00000  -0.75798   0.00000  -0.75798   0.00000  -0.75863   0.00000  -0.75863
 -7.16792   0.00000  -0.75798   0.00000  -0.75798   0.00000  -0.75863   0.00000  -0.75863
 -7.11779   0.00000  -0.75798   0.00000  -0.75798   0.00000  -0.75863   0.00000  -0.75863
 -7.06767  -0.00116  -0.75804  -0.00116  -0.75804   0.00000  -0.75863   0.00000  -0.75863
 -7.01754  -0.04590  -0.76034  -0.04590  -0.76034   0.00000  -0.75863   0.00000  -0.75863
 -6.96742  -0.05082  -0.76289  -0.05082  -0.76289   0.00000  -0.75863   0.00000  -0.75863
 -6.91729  -0.09156  -0.76748  -0.09156  -0.76748   0.00000  -0.75863   0.00000  -0.75863
 -6.86717  -0.09052  -0.77201  -0.09052  -0.77201   0.00000  -0.75863   0.00000  -0.75863
 -6.81704  -0.07848  -0.77595  -0.07848  -0.77595   0.00000  -0.75863   0.00000  -0.75863
 -6.76692  -0.04532  -0.77822  -0.04532  -0.77822   0.00000  -0.75863   0.00000  -0.75863
 -6.71679  -0.08512  -0.78249  -0.08512  -0.78249   0.00000  -0.75863   0.00000  -0.75863
 -6.66667  -0.12976  -0.78899  -0.12976  -0.78899   0.00000  -0.75863   0.00000  -0.75863
 -6.61654  -0.10598  -0.79430  -0.10598  -0.79430   0.00000  -0.75863   0.00000  -0.75863
 -6.56642  -0.16503  -0.80257  -0.16503  -0.80257   0.00000  -0.75863   0.00000  -0.75863
 -6.51629  -0.17365  -0.81128  -0.17365  -0.81128   0.00000  -0.75863   0.00000  -0.75863
 -6.46617  -0.21411  -0.82201  -0.21411  -0.82201   0.00000  -0.75863   0.00000  -0.75863
 -6.41604  -0.15792  -0.82993  -0.15792  -0.82993   0.00000  -0.75863   0.00000  -0.75863
 -6.36591  -0.12201  -0.83604  -0.12201  -0.83604   0.00000  -0.75863   0.00000  -0.75863
 -6.31579  -0.15582  -0.84385  -0.15582  -0.84385   0.00000  -0.75863   0.00000  -0.75863
 -6.26566  -0.18885  -0.85332  -0.18885  -0.85332   0.00000  -0.75863   0.00000  -0.75863
 -6.21554  -0.14614  -0.86064  -0.14614  -0.86064   0.00000  -0.75863   0.00000  -0.75863
 -6.16541  -0.13270  -0.86730  -0.13270  -0.86730   0.00000  -0.75863   0.00000  -0.75863
 -6.11529  -0.13392  -0.87401  -0.13392  -0.87401   0.00000  -0.75863   0.00000  -0.75863
 -6.06516  -0.13061  -0.88056  -0.13061  -0.88056   0.00000  -0.75863   0.00000  -0.75863
 -6.01504  -0.15105  -0.88813  -0.15105  -0.88813   0.00000  -0.75863   0.00000  -0.75863
 -5.96491  -0.17870  -0.89709  -0.17870  -0.89709   0.00000  -0.75863   0.00000  -0.75863
 -5.91479  -0.38148  -0.91621  -0.38148  -0.91621   0.00000  -0.75863   0.00000  -0.75863
 -5.86466  -0.25131  -0.92880  -0.25131  -0.92880   0.00000  -0.75863   0.00000  -0.75863
 -5.81454  -0.18917  -0.93829  -0.18917  -0.93829   0.00000  -0.75863   0.00000  -0.75863
 -5.76441  -0.20887  -0.94876  -0.20887  -0.94876   0.00000  -0.75863   0.00000  -0.75863
 -5.71429  -0.22365  -0.95997  -0.22365  -0.95997  -0.00151  -0.75870  -0.00151  -0.75870
 -5.66416  -0.22320  -0.97115  -0.22320  -0.97115  -0.02272  -0.75984  -0.02272  -0.75984
 -5.61404  -0.27579  -0.98498  -0.27579  -0.98498  -0.01750  -0.76072  -0.01750  -0.76072
 -5.56391  -0.28427  -0.99923  -0.28427  -0.99923  -0.02124  -0.76178  -0.02124  -0.76178
 -5.51378  -0.25693  -1.01211  -0.25693  -1.01211  -0.02186  -0.76288  -0.02186  -0.76288
 -5.46366  -0.23288  -1.02378  -0.23288  -1.02378  -0.04927  -0.76535  -0.04927  -0.76535
 -5.41353  -0.23504  -1.03556  -0.23504  -1.03556  -0.05134  -0.76792  -0.05134  -0.76792
 -5.36341  -0.20299  -1.04574  -0.20299  -1.04574  -0.05268  -0.77056  -0.05268  -0.77056
 -5.31328  -0.35881  -1.06372  -0.35881  -1.06372  -0.03895  -0.77251  -0.03895  -0.77251
 -5.26316  -0.38823  -1.08318  -0.38823  -1.08318  -0.03873  -0.77446  -0.03873  -0.77446
 -5.21303  -0.28707  -1.09757  -0.28707  -1.09757  -0.06846  -0.77789  -0.06846  -0.77789
 -5.16291  -0.32636  -1.11393  -0.32636  -1.11393  -0.07700  -0.78175  -0.07700  -0.78175
 -5.11278  -0.41115  -1.13454  -0.41115  -1.13454  -0.05824  -0.78467  -0.05824  -0.78467
 -5.06266  -0.19186  -1.14416  -0.19186  -1.14416  -0.04399  -0.78687  -0.04399  -0.78687
 -5.01253  -0.18285  -1.15332  -0.18285  -1.15332  -0.06732  -0.79025  -0.06732  -0.79025
 -4.96241  -0.23438  -1.16507  -0.23438  -1.16507  -0.05772  -0.79314  -0.05772  -0.79314
 -4.91228  -0.34050  -1.18214  -0.34050  -1.18214  -0.06081  -0.79619  -0.06081  -0.79619
 -4.86216  -0.30758  -1.19755  -0.30758  -1.19755  -0.05812  -0.79910  -0.05812  -0.79910
 -4.81203  -0.44566  -1.21989  -0.44566  -1.21989  -0.06176  -0.80220  -0.06176  -0.80220
 -4.76190  -0.38101  -1.23899  -0.38101  -1.23899  -0.08860  -0.80664  -0.08860  -0.80664
 -4.71178  -0.41658  -1.25987  -0.41658  -1.25987  -0.11059  -0.81218  -0.11059  -0.81218
 -4.66165  -0.44714  -1.28229  -0.44714  -1.28229  -0.12723  -0.81856  -0.12723  -0.81856
 -4.61153  -0.41226  -1.30295  -0.41226  -1.30295  -0.18158  -0.82766  -0.18158  -0.82766
 -4.56140  -0.36559  -1.32128  -0.36559  -1.32128  -0.16430  -0.83590  -0.16430  -0.83590
 -4.51128  -0.50904  -1.34679  -0.50904  -1.34679  -0.21448  -0.84665  -0.21448  -0.84665
 -4.46115  -0.32689  -1.36318  -0.32689  -1.36318  -0.20049  -0.85670  -0.20049  -0.85670
 -4.41103  -0.38095  -1.38227  -0.38095  -1.38227  -0.20134  -0.86679  -0.20134  -0.86679
 -4.36090  -0.63663  -1.41418  -0.63663  -1.41418  -0.19161  -0.87639  -0.19161  -0.87639
 -4.31078  -0.62521  -1.44552  -0.62521  -1.44552  -0.16657  -0.88474  -0.16657  -0.88474
 -4.26065  -0.47538  -1.46935  -0.47538  -1.46935  -0.11800  -0.89066  -0.11800  -0.89066
 -4.21053  -0.48823  -1.49382  -0.48823  -1.49382  -0.12474  -0.89691  -0.12474  -0.89691
 -4.16040  -0.42132  -1.51494  -0.42132  -1.51494  -0.11812  -0.90283  -0.11812  -0.90283
 -4.11028  -0.17997  -1.52396  -0.17997  -1.52396  -0.12680  -0.90919  -0.12680  -0.90919
 -4.06015  -0.14711  -1.53134  -0.14711  -1.53134  -0.10906  -0.91465  -0.10906  -0.91465
 -4.01003  -0.09889  -1.53629  -0.09889  -1.53629  -0.13469  -0.92141  -0.13469  -0.92141
 -3.95990  -0.05486  -1.53904  -0.05486  -1.53904  -0.16555  -0.92970  -0.16555  -0.92970
 -3.90977  -0.10779  -1.54445  -0.10779  -1.54445  -0.15744  -0.93760  -0.15744  -0.93760
 -3.85965  -0.10286  -1.54960  -0.10286  -1.54960  -0.20164  -0.94770  -0.20164  -0.94770
 -3.80952  -0.10188  -1.55471  -0.10188  -1.55471  -0.23845  -0.95966  -0.23845  -0.95966
 -3.75940  -0.09884  -1.55966  -0.09884  -1.55966  -0.22954  -0.97116  -0.22954  -0.97116
 -3.70927  -0.10340  -1.56485  -0.10340  -1.56485  -0.23820  -0.98310  -0.23820  -0.98310
 -3.65915  -0.11840  -1.57078  -0.11840  -1.57078  -0.31358  -0.99882  -0.31358  -0.99882
 -3.60902  -0.11035  -1.57631  -0.11035  -1.57631  -0.38541  -1.01814  -0.38541  -1.01814
 -3.55890  -0.17510  -1.58509  -0.17510  -1.58509  -0.38047  -1.03721  -0.38047  -1.03721
 -3.50877  -0.11230  -1.59072  -0.11230  -1.59072  -0.47560  -1.06105  -0.47560  -1.06105
 -3.45865  -0.14074  -1.59777  -0.14074  -1.59777  -0.46522  -1.08437  -0.46522  -1.08437
 -3.40852  -0.08776  -1.60217  -0.08776  -1.60217  -0.50240  -1.10955  -0.50240  -1.10955
 -3.35840  -0.05715  -1.60504  -0.05715  -1.60504  -0.59903  -1.13958  -0.59903  -1.13958
 -3.30827  -0.05995  -1.60804  -0.05995  -1.60804  -0.57612  -1.16846  -0.57612  -1.16846
 -3.25815  -0.03110  -1.60960  -0.03110  -1.60960  -0.32368  -1.18468  -0.32368  -1.18468
 -3.20802  -0.08491  -1.61386  -0.08491  -1.61386  -0.37687  -1.20357  -0.37687  -1.20357
 -3.15789  -0.10424  -1.61908  -0.10424  -1.61908  -0.33734  -1.22048  -0.33734  -1.22048
 -3.10777  -0.03551  -1.62086  -0.03551  -1.62086  -0.39356  -1.24021  -0.39356  -1.24021
 -3.05764  -0.10243  -1.62600  -0.10243  -1.62600  -0.37650  -1.25908  -0.37650  -1.25908
 -3.00752  -0.08669  -1.63034  -0.08669  -1.63034  -0.43781  -1.28103  -0.43781  -1.28103
 -2.95739  -0.01569  -1.63113  -0.01569  -1.63113  -0.44516  -1.30334  -0.44516  -1.30334
 -2.90727   0.00741  -1.63076   0.00741  -1.63076  -0.36045  -1.32141  -0.36045  -1.32141
 -2.85714   0.03277  -1.62911   0.03277  -1.62911  -0.32440  -1.33767  -0.32440  -1.33767
 -2.80702   0.03672  -1.62727   0.03672  -1.62727  -0.33674  -1.35455  -0.33674  -1.35455
 -2.75689   0.05902  -1.62432   0.05902  -1.62432  -0.27445  -1.36830  -0.27445  -1.36830
 -2.70677   0.04450  -1.62208   0.04450  -1.62208  -0.20144  -1.37840  -0.20144  -1.37840
 -2.65664   0.02543  -1.62081   0.02543  -1.62081  -0.20267  -1.38856  -0.20267  -1.38856
 -2.60652   0.04875  -1.61837   0.04875  -1.61837  -0.24699  -1.40094  -0.24699  -1.40094
 -2.55639   0.07449  -1.61463   0.07449  -1.61463  -0.22541  -1.41224  -0.22541  -1.41224
 -2.50627   0.05489  -1.61188   0.05489  -1.61188  -0.20096  -1.42231  -0.20096  -1.42231
 -2.45614   0.04374  -1.60969   0.04374  -1.60969  -0.18412  -1.43154  -0.18412  -1.43154
 -2.40602   0.02052  -1.60866   0.02052  -1.60866  -0.14351  -1.43873  -0.14351  -1.43873
 -2.35589   0.06176  -1.60556   0.06176  -1.60556  -0.18135  -1.44782  -0.18135  -1.44782
 -2.30576   0.03547  -1.60379   0.03547  -1.60379  -0.14079  -1.45488  -0.14079  -1.45488
 -2.25564   0.07360  -1.60010   0.07360  -1.60010  -0.12993  -1.46139  -0.12993  -1.46139
 -2.20551   0.08298  -1.59594   0.08298  -1.59594  -0.11083  -1.46695  -0.11083  -1.46695
 -2.15539   0.08791  -1.59153   0.08791  -1.59153  -0.10513  -1.47222  -0.10513  -1.47222
 -2.10526   0.11203  -1.58592   0.11203  -1.58592  -0.09794  -1.47713  -0.09794  -1.47713
 -2.05514   0.13679  -1.57906   0.13679  -1.57906  -0.07050  -1.48066  -0.07050  -1.48066
 -2.00501   0.14927  -1.57158   0.14927  -1.57158  -0.10030  -1.48569  -0.10030  -1.48569
 -1.95489   0.16095  -1.56351   0.16095  -1.56351  -0.12087  -1.49175  -0.12087  -1.49175
 -1.90476   0.16732  -1.55512   0.16732  -1.55512  -0.16723  -1.50013  -0.16723  -1.50013
 -1.85464   0.15305  -1.54745   0.15305  -1.54745  -0.17124  -1.50871  -0.17124  -1.50871
 -1.80451   0.18675  -1.53809   0.18675  -1.53809  -0.13310  -1.51539  -0.13310  -1.51539
 -1.75439   0.18069  -1.52903   0.18069  -1.52903  -0.14834  -1.52282  -0.14834  -1.52282
 -1.70426   0.17882  -1.52007   0.17882  -1.52007  -0.12892  -1.52928  -0.12892  -1.52928
 -1.65414   0.19913  -1.51009   0.19913  -1.51009  -0.11367  -1.53498  -0.11367  -1.53498
 -1.60401   0.28195  -1.49596   0.28195  -1.49596  -0.07575  -1.53878  -0.07575  -1.53878
 -1.55388   0.22508  -1.48467   0.22508  -1.48467  -0.06351  -1.54196  -0.06351  -1.54196
 -1.50376   0.26491  -1.47139   0.26491  -1.47139  -0.06425  -1.54518  -0.06425  -1.54518
 -1.45363   0.27423  -1.45765   0.27423  -1.45765  -0.03075  -1.54673  -0.03075  -1.54673
 -1.40351   0.21312  -1.44697   0.21312  -1.44697  -0.03245  -1.54835  -0.03245  -1.54835
 -1.35338   0.16807  -1.43854   0.16807  -1.43854  -0.08337  -1.55253  -0.08337  -1.55253
 -1.30326   0.15451  -1.43080   0.15451  -1.43080  -0.09569  -1.55733  -0.09569  -1.55733
 -1.25313   0.10461  -1.42555   0.10461  -1.42555  -0.14420  -1.56456  -0.14420  -1.56456
 -1.20301   0.15112  -1.41798   0.15112  -1.41798  -0.12894  -1.57102  -0.12894  -1.57102
 -1.15288   0.16580  -1.40967   0.16580  -1.40967  -0.14780  -1.57843  -0.14780  -1.57843
 -1.10276   0.08175  -1.40557   0.08175  -1.40557  -0.10141  -1.58351  -0.10141  -1.58351
 -1.05263   0.07122  -1.40200   0.07122  -1.40200  -0.03527  -1.58528  -0.03527  -1.58528
 -1.00251   0.08531  -1.39772   0.08531  -1.39772   0.02401  -1.58408   0.02401  -1.58408
 -0.95238   0.08339  -1.39354   0.08339  -1.39354  -0.02607  -1.58538  -0.02607  -1.58538
 -0.90226   0.12484  -1.38729   0.12484  -1.38729   0.01703  -1.58453   0.01703  -1.58453
 -0.85213   0.22547  -1.37598   0.22547  -1.37598  -0.09209  -1.58914  -0.09209  -1.58914
 -0.80201   0.23355  -1.36428   0.23355  -1.36428  -0.29151  -1.60376  -0.29151  -1.60376
 -0.75188   0.33279  -1.34760   0.33279  -1.34760  -0.15047  -1.61130  -0.15047  -1.61130
 -0.70175   0.34265  -1.33042   0.34265  -1.33042  -0.40672  -1.63168  -0.40672  -1.63168
 -0.65163   0.41831  -1.30945   0.41831  -1.30945  -0.22195  -1.64281  -0.22195  -1.64281
 -0.60150   0.24012  -1.29742   0.24012  -1.29742   0.00000  -1.64281   0.00000  -1.64281
 -0.55138   0.11552  -1.29163   0.11552  -1.29163   0.00000  -1.64281   0.00000  -1.64281
 -0.50125   0.16013  -1.28360   0.16013  -1.28360   0.00000  -1.64281   0.00000  -1.64281
 -0.45113   0.11400  -1.27789   0.11400  -1.27789   0.00000  -1.64281   0.00000  -1.64281
 -0.40100   0.03731  -1.27602   0.03731  -1.27602   0.00000  -1.64281   0.00000  -1.64281
 -0.35088   0.02455  -1.27478   0.02455  -1.27478   0.00000  -1.64281   0.00000  -1.64281
 -0.30075   0.02089  -1.27374   0.02089  -1.27374   0.00000  -1.64281   0.00000  -1.64281
 -0.25063   0.02605  -1.27243   0.02605  -1.27243   0.00000  -1.64281   0.00000  -1.64281
 -0.20050   0.05955  -1.26945   0.05955  -1.26945   0.00000  -1.64281   0.00000  -1.64281
 -0.15038   0.00092  -1.26940   0.00092  -1.26940   0.00000  -1.64281   0.00000  -1.64281
 -0.10025   0.18485  -1.26014   0.18485  -1.26014   0.00000  -1.64281   0.00000  -1.64281
 -0.05013   0.29495  -1.24535   0.29495  -1.24535   0.00000  -1.64281   0.00000  -1.64281
  0.00000   0.38819  -1.22589   0.38819  -1.22589   0.00000  -1.64281   0.00000  -1.64281
  0.05013   0.00000  -1.22589   0.00000  -1.22589   0.00000  -1.64281   0.00000  -1.64281
  0.10025   0.00000  -1.22589   0.00000  -1.22589   0.00000  -1.64281   0.00000  -1.64281
  0.15038   0.00000  -1.22589   0.00000  -1.22589   0.00000  -1.64281   0.00000  -1.64281
  0.20050   0.00000  -1.22589   0.00000  -1.22589   0.00000  -1.64281   0.00000  -1.64281
  0.25063   0.00000  -1.22589   0.00000  -1.22589   0.00000  -1.64281   0.00000  -1.64281
  0.30075   0.00000  -1.22589   0.00000  -1.22589   0.00000  -1.64281   0.00000  -1.64281
  0.35088   0.00000  -1.22589   0.00000  -1.22589   0.00000  -1.64281   0.00000  -1.64281
  0.40100   0.00000  -1.22589   0.00000  -1.22589   0.00000  -1.64281   0.00000  -1.64281
  0.45113   0.00000  -1.22589   0.00000  -1.22589   0.00000  -1.64281   0.00000  -1.64281
  0.50125   0.00000  -1.22589   0.00000  -1.22589   0.00000  -1.64281   0.00000  -1.64281
  0.55138   0.00000  -1.22589   0.00000  -1.22589   0.00000  -1.64281   0.00000  -1.64281
  0.60150   0.00000  -1.22589   0.00000  -1.22589   0.00000  -1.64281   0.00000  -1.64281
  0.65163   0.00000  -1.22589   0.00000  -1.22589   0.00000  -1.64281   0.00000  -1.64281
  0.70175   0.00000  -1.22589   0.00000  -1.22589   0.00000  -1.64281   0.00000  -1.64281
  0.75188   0.00000  -1.22589   0.00000  -1.22589   0.00000  -1.64281   0.00000  -1.64281
  0.80201   0.00000  -1.22589   0.00000  -1.22589   0.00000  -1.64281   0.00000  -1.64281
  0.85213   0.00000  -1.22589   0.00000  -1.22589   0.00000  -1.64281   0.00000  -1.64281
  0.90226   0.00000  -1.22589   0.00000  -1.22589   0.00000  -1.64281   0.00000  -1.64281
  0.95238   0.00000  -1.22589   0.00000  -1.22589   0.00000  -1.64281   0.00000  -1.64281
  1.00251   0.00675  -1.22555   0.00675  -1.22555   0.00000  -1.64281   0.00000  -1.64281
  1.05263   0.01697  -1.22470   0.01697  -1.22470   0.00000  -1.64281   0.00000  -1.64281
  1.10276   0.03038  -1.22318   0.03038  -1.22318   0.00000  -1.64281   0.00000  -1.64281
  1.15288   0.03454  -1.22145   0.03454  -1.22145   0.00000  -1.64281   0.00000  -1.64281
  1.20301   0.03600  -1.21964   0.03600  -1.21964   0.00000  -1.64281   0.00000  -1.64281
  1.25313   0.04361  -1.21746   0.04361  -1.21746   0.00000  -1.64281   0.00000  -1.64281
  1.30326   0.07790  -1.21355   0.07790  -1.21355   0.00000  -1.64281   0.00000  -1.64281
  1.35338   0.09822  -1.20863   0.09822  -1.20863   0.00000  -1.64281   0.00000  -1.64281
  1.40351   0.16276  -1.20047   0.16276  -1.20047   0.00000  -1.64281   0.00000  -1.64281
  1.45363   0.18360  -1.19127   0.18360  -1.19127   0.00000  -1.64281   0.00000  -1.64281
  1.50376   0.22132  -1.18018   0.22132  -1.18018   0.00000  -1.64281   0.00000  -1.64281
  1.55388   0.16322  -1.17199   0.16322  -1.17199   0.00000  -1.64281   0.00000  -1.64281
  1.60401   0.18507  -1.16272   0.18507  -1.16272   0.00000  -1.64281   0.00000  -1.64281
  1.65414   0.29169  -1.14810   0.29169  -1.14810   0.00000  -1.64281   0.00000  -1.64281
  1.70426   0.23156  -1.13649   0.23156  -1.13649   0.00000  -1.64281   0.00000  -1.64281
  1.75439   0.31930  -1.12048   0.31930  -1.12048   0.00000  -1.64281   0.00000  -1.64281
  1.80451   0.72099  -1.08435   0.72099  -1.08435   0.00000  -1.64281   0.00000  -1.64281
  1.85464   0.94523  -1.03697   0.94523  -1.03697   0.00000  -1.64281   0.00000  -1.64281
  1.90476   1.02212  -0.98573   1.02212  -0.98573   0.00000  -1.64281   0.00000  -1.64281
  1.95489   1.68975  -0.90103   1.68975  -0.90103   0.00000  -1.64281   0.00000  -1.64281
  2.00501   1.51947  -0.82487   1.51947  -0.82487   0.00000  -1.64281   0.00000  -1.64281
  2.05514   1.81505  -0.73389   1.81505  -0.73389   0.00000  -1.64281   0.00000  -1.64281
  2.10526   1.72225  -0.64756   1.72225  -0.64756   0.00000  -1.64281   0.00000  -1.64281
  2.15539   1.03701  -0.59558   1.03701  -0.59558   0.00000  -1.64281   0.00000  -1.64281
  2.20551   0.18764  -0.58617   0.18764  -0.58617   0.00000  -1.64281   0.00000  -1.64281
  2.25564   0.00000  -0.58617   0.00000  -0.58617   0.00000  -1.64281   0.00000  -1.64281
  2.30576   0.00000  -0.58617   0.00000  -0.58617   0.00000  -1.64281   0.00000  -1.64281
  2.35589   0.00000  -0.58617   0.00000  -0.58617   0.00000  -1.64281   0.00000  -1.64281
  2.40602   0.00000  -0.58617   0.00000  -0.58617   0.00000  -1.64281   0.00000  -1.64281
  2.45614   0.00000  -0.58617   0.00000  -0.58617   0.00000  -1.64281   0.00000  -1.64281
  2.50627   0.00000  -0.58617   0.00000  -0.58617   0.00000  -1.64281   0.00000  -1.64281
  2.55639   0.00000  -0.58617   0.00000  -0.58617   0.00000  -1.64281   0.00000  -1.64281
  2.60652   0.00000  -0.58617   0.00000  -0.58617   0.01909  -1.64185   0.01909  -1.64185
  2.65664   0.00000  -0.58617   0.00000  -0.58617   0.05874  -1.63891   0.05874  -1.63891
  2.70677   0.00000  -0.58617   0.00000  -0.58617   0.08158  -1.63482   0.08158  -1.63482
  2.75689   0.00000  -0.58617   0.00000  -0.58617   0.11727  -1.62894   0.11727  -1.62894
  2.80702   0.00000  -0.58617   0.00000  -0.58617   0.08581  -1.62464   0.08581  -1.62464
  2.85714   0.00000  -0.58617   0.00000  -0.58617   0.08885  -1.62019   0.08885  -1.62019
  2.90727   0.00000  -0.58617   0.00000  -0.58617   0.14590  -1.61287   0.14590  -1.61287
  2.95739   0.00000  -0.58617   0.00000  -0.58617   0.12173  -1.60677   0.12173  -1.60677
  3.00752   0.00000  -0.58617   0.00000  -0.58617   0.12447  -1.60053   0.12447  -1.60053
  3.05764   0.00000  -0.58617   0.00000  -0.58617   0.12339  -1.59435   0.12339  -1.59435
  3.10777   0.00000  -0.58617   0.00000  -0.58617   0.21058  -1.58379   0.21058  -1.58379
  3.15789   0.00000  -0.58617   0.00000  -0.58617   0.17211  -1.57516   0.17211  -1.57516
  3.20802   0.00000  -0.58617   0.00000  -0.58617   0.15791  -1.56725   0.15791  -1.56725
  3.25815   0.00000  -0.58617   0.00000  -0.58617   0.46820  -1.54378   0.46820  -1.54378
  3.30827   0.00000  -0.58617   0.00000  -0.58617   1.13972  -1.48665   1.13972  -1.48665
  3.35840   0.00000  -0.58617   0.00000  -0.58617   1.03012  -1.43502   1.03012  -1.43502
  3.40852   0.00000  -0.58617   0.00000  -0.58617   1.15111  -1.37732   1.15111  -1.37732
  3.45865   0.00000  -0.58617   0.00000  -0.58617   0.93041  -1.33068   0.93041  -1.33068
  3.50877   0.00000  -0.58617   0.00000  -0.58617   0.18112  -1.32160   0.18112  -1.32160
  3.55890   0.00000  -0.58617   0.00000  -0.58617   0.84373  -1.27931   0.84373  -1.27931
  3.60902   0.00000  -0.58617   0.00000  -0.58617   0.71426  -1.24351   0.71426  -1.24351
  3.65915   0.00000  -0.58617   0.00000  -0.58617   0.16129  -1.23542   0.16129  -1.23542
  3.70927   0.00000  -0.58617   0.00000  -0.58617   0.18609  -1.22609   0.18609  -1.22609
  3.75940   0.00000  -0.58617   0.00000  -0.58617   0.19147  -1.21650   0.19147  -1.21650
  3.80952   0.00000  -0.58617   0.00000  -0.58617   0.21047  -1.20595   0.21047  -1.20595
  3.85965   0.00000  -0.58617   0.00000  -0.58617   0.17914  -1.19697   0.17914  -1.19697
  3.90977   0.00000  -0.58617   0.00000  -0.58617   0.20868  -1.18651   0.20868  -1.18651
  3.95990   0.00000  -0.58617   0.00000  -0.58617   0.17673  -1.17765   0.17673  -1.17765
  4.01003   0.00000  -0.58617   0.00000  -0.58617   0.36609  -1.15930   0.36609  -1.15930
  4.06015   0.00000  -0.58617   0.00000  -0.58617   0.54910  -1.13178   0.54910  -1.13178
  4.11028   0.00000  -0.58617   0.00000  -0.58617   0.54938  -1.10424   0.54938  -1.10424
  4.16040   0.00000  -0.58617   0.00000  -0.58617   0.59308  -1.07451   0.59308  -1.07451
  4.21053   0.00000  -0.58617   0.00000  -0.58617   0.69589  -1.03963   0.69589  -1.03963
  4.26065   0.00000  -0.58617   0.00000  -0.58617   2.23848  -0.92742   2.23848  -0.92742
  4.31078   0.00000  -0.58617   0.00000  -0.58617   1.05015  -0.87478   1.05015  -0.87478
  4.36090   0.00000  -0.58617   0.00000  -0.58617   2.37300  -0.75584   2.37300  -0.75584
  4.41103   0.00000  -0.58617   0.00000  -0.58617   2.07599  -0.65178   2.07599  -0.65178
  4.46115   0.00000  -0.58617   0.00000  -0.58617   1.31132  -0.58605   1.31132  -0.58605
  4.51128   0.00000  -0.58617   0.00000  -0.58617   0.00000  -0.58605   0.00000  -0.58605
  4.56140   0.00000  -0.58617   0.00000  -0.58617   0.00000  -0.58605   0.00000  -0.58605
  4.61153   0.00000  -0.58617   0.00000  -0.58617   0.00000  -0.58605   0.00000  -0.58605
  4.66165   0.00000  -0.58617   0.00000  -0.58617   0.00000  -0.58605   0.00000  -0.58605
  4.71178   0.00000  -0.58617   0.00000  -0.58617   0.00000  -0.58605   0.00000  -0.58605
  4.76190   0.00000  -0.58617   0.00000  -0.58617   0.00000  -0.58605   0.00000  -0.58605
  4.81203   0.00000  -0.58617   0.00000  -0.58617   0.00000  -0.58605   0.00000  -0.58605
  4.86216   0.00000  -0.58617   0.00000  -0.58617   0.00000  -0.58605   0.00000  -0.58605
  4.91228   0.00000  -0.58617   0.00000  -0.58617   0.00000  -0.58605   0.00000  -0.58605
  4.96241   0.00000  -0.58617   0.00000  -0.58617   0.00000  -0.58605   0.00000  -0.58605
  5.01253   0.00000  -0.58617   0.00000  -0.58617   0.00000  -0.58605   0.00000  -0.58605
  5.06266   0.00000  -0.58617   0.00000  -0.58617   0.00000  -0.58605   0.00000  -0.58605
  5.11278   0.00000  -0.58617   0.00000  -0.58617   0.00000  -0.58605   0.00000  -0.58605
  5.16291   0.00000  -0.58617   0.00000  -0.58617   0.00000  -0.58605   0.00000  -0.58605
  5.21303   0.00000  -0.58617   0.00000  -0.58617   0.00000  -0.58605   0.00000  -0.58605
  5.26316   0.00000  -0.58617   0.00000  -0.58617   0.00000  -0.58605   0.00000  -0.58605
  5.31328   0.00000  -0.58617   0.00000  -0.58617   0.00000  -0.58605   0.00000  -0.58605
  5.36341   0.00000  -0.58617   0.00000  -0.58617   0.00000  -0.58605   0.00000  -0.58605
  5.41353   0.00000  -0.58617   0.00000  -0.58617   0.00000  -0.58605   0.00000  -0.58605
  5.46366   0.00000  -0.58617   0.00000  -0.58617   0.00000  -0.58605   0.00000  -0.58605
  5.51378   0.00000  -0.58617   0.00000  -0.58617   0.00000  -0.58605   0.00000  -0.58605
  5.56391   0.00000  -0.58617   0.00000  -0.58617   0.00000  -0.58605   0.00000  -0.58605
  5.61404   0.00000  -0.58617   0.00000  -0.58617   0.00000  -0.58605   0.00000  -0.58605
  5.66416   0.00000  -0.58617   0.00000  -0.58617   0.00000  -0.58605   0.00000  -0.58605
  5.71429   0.00000  -0.58617   0.00000  -0.58617   0.00000  -0.58605   0.00000  -0.58605
  5.76441   0.00000  -0.58617   0.00000  -0.58617   0.00000  -0.58605   0.00000  -0.58605
  5.81454   0.00000  -0.58617   0.00000  -0.58617   0.00000  -0.58605   0.00000  -0.58605
  5.86466   0.00000  -0.58617   0.00000  -0.58617   0.00000  -0.58605   0.00000  -0.58605
  5.91479   0.00000  -0.58617   0.00000  -0.58617   0.00000  -0.58605   0.00000  -0.58605
  5.96491   0.00030  -0.58616   0.00030  -0.58616   0.00000  -0.58605   0.00000  -0.58605
  6.01504   0.00408  -0.58595   0.00408  -0.58595   0.00000  -0.58605   0.00000  -0.58605
  6.06516   0.01145  -0.58538   0.01145  -0.58538   0.00000  -0.58605   0.00000  -0.58605
  6.11529   0.01953  -0.58440   0.01953  -0.58440   0.00000  -0.58605   0.00000  -0.58605
  6.16541   0.02110  -0.58334   0.02110  -0.58334   0.00000  -0.58605   0.00000  -0.58605
  6.21554   0.01916  -0.58238   0.01916  -0.58238   0.00068  -0.58601   0.00068  -0.58601
  6.26566   0.01848  -0.58146   0.01848  -0.58146   0.00593  -0.58571   0.00593  -0.58571
  6.31579   0.02054  -0.58043   0.02054  -0.58043   0.01421  -0.58500   0.01421  -0.58500
  6.36591   0.02449  -0.57920   0.02449  -0.57920   0.02180  -0.58391   0.02180  -0.58391
  6.41604   0.03192  -0.57760   0.03192  -0.57760   0.02112  -0.58285   0.02112  -0.58285
  6.46617   0.04392  -0.57540   0.04392  -0.57540   0.01915  -0.58189   0.01915  -0.58189
  6.51629   0.04450  -0.57317   0.04450  -0.57317   0.01954  -0.58091   0.01954  -0.58091
  6.56642   0.04709  -0.57081   0.04709  -0.57081   0.02237  -0.57979   0.02237  -0.57979
  6.61654   0.04722  -0.56844   0.04722  -0.56844   0.02752  -0.57841   0.02752  -0.57841
  6.66667   0.04396  -0.56624   0.04396  -0.56624   0.03972  -0.57642   0.03972  -0.57642
  6.71679   0.04021  -0.56422   0.04021  -0.56422   0.04355  -0.57424   0.04355  -0.57424
  6.76692   0.03889  -0.56227   0.03889  -0.56227   0.04424  -0.57202   0.04424  -0.57202
  6.81704   0.04939  -0.55980   0.04939  -0.55980   0.04605  -0.56971   0.04605  -0.56971
  6.86717   0.05616  -0.55698   0.05616  -0.55698   0.04286  -0.56756   0.04286  -0.56756
  6.91729   0.05461  -0.55424   0.05461  -0.55424   0.03941  -0.56559   0.03941  -0.56559
  6.96742   0.06256  -0.55111   0.06256  -0.55111   0.03584  -0.56379   0.03584  -0.56379
  7.01754   0.06337  -0.54793   0.06337  -0.54793   0.04371  -0.56160   0.04371  -0.56160
  7.06767   0.05999  -0.54492   0.05999  -0.54492   0.05288  -0.55895   0.05288  -0.55895
  7.11779   0.05100  -0.54237   0.05100  -0.54237   0.05188  -0.55635   0.05188  -0.55635
  7.16792   0.04846  -0.53994   0.04846  -0.53994   0.04833  -0.55393   0.04833  -0.55393
  7.21805   0.05104  -0.53738   0.05104  -0.53738   0.05421  -0.55121   0.05421  -0.55121
  7.26817   0.05259  -0.53474   0.05259  -0.53474   0.06431  -0.54798   0.06431  -0.54798
  7.31830   0.04905  -0.53229   0.04905  -0.53229   0.06222  -0.54487   0.06222  -0.54487
  7.36842   0.04662  -0.52995   0.04662  -0.52995   0.05482  -0.54212   0.05482  -0.54212
  7.41855   0.04991  -0.52745   0.04991  -0.52745   0.04993  -0.53961   0.04993  -0.53961
  7.46867   0.03485  -0.52570   0.03485  -0.52570   0.04841  -0.53719   0.04841  -0.53719
  7.51880   0.02380  -0.52451   0.02380  -0.52451   0.05315  -0.53452   0.05315  -0.53452
  7.56892   0.02875  -0.52307   0.02875  -0.52307   0.05131  -0.53195   0.05131  -0.53195
  7.61905   0.03911  -0.52111   0.03911  -0.52111   0.05044  -0.52942   0.05044  -0.52942
  7.66917   0.04138  -0.51903   0.04138  -0.51903   0.04068  -0.52738   0.04068  -0.52738
  7.71930   0.04729  -0.51666   0.04729  -0.51666   0.03161  -0.52580   0.03161  -0.52580
  7.76942   0.06669  -0.51332   0.06669  -0.51332   0.02583  -0.52450   0.02583  -0.52450
  7.81955   0.09141  -0.50874   0.09141  -0.50874   0.03332  -0.52283   0.03332  -0.52283
  7.86967   0.09565  -0.50394   0.09565  -0.50394   0.04866  -0.52040   0.04866  -0.52040
  7.91980   0.11032  -0.49841   0.11032  -0.49841   0.04796  -0.51799   0.04796  -0.51799
  7.96992   0.11703  -0.49255   0.11703  -0.49255   0.06456  -0.51475   0.06456  -0.51475
  8.02005   0.12988  -0.48604   0.12988  -0.48604   0.09019  -0.51023   0.09019  -0.51023
  8.07018   0.14969  -0.47853   0.14969  -0.47853   0.09308  -0.50557   0.09308  -0.50557
  8.12030   0.11670  -0.47268   0.11670  -0.47268   0.10365  -0.50037   0.10365  -0.50037
  8.17043   0.10998  -0.46717   0.10998  -0.46717   0.12573  -0.49407   0.12573  -0.49407
  8.22055   0.10583  -0.46187   0.10583  -0.46187   0.14575  -0.48676   0.14575  -0.48676
  8.27068   0.11692  -0.45600   0.11692  -0.45600   0.14854  -0.47932   0.14854  -0.47932
  8.32080   0.13355  -0.44931   0.13355  -0.44931   0.12724  -0.47294   0.12724  -0.47294
  8.37093   0.12315  -0.44314   0.12315  -0.44314   0.10645  -0.46761   0.10645  -0.46761
  8.42105   0.10394  -0.43793   0.10394  -0.43793   0.11842  -0.46167   0.11842  -0.46167
  8.47118   0.12755  -0.43153   0.12755  -0.43153   0.12096  -0.45561   0.12096  -0.45561
  8.52130   0.11890  -0.42557   0.11890  -0.42557   0.13223  -0.44898   0.13223  -0.44898
  8.57143   0.10989  -0.42007   0.10989  -0.42007   0.11972  -0.44298   0.11972  -0.44298
  8.62155   0.16106  -0.41199   0.16106  -0.41199   0.13631  -0.43615   0.13631  -0.43615
  8.67168   0.13033  -0.40546   0.13033  -0.40546   0.09909  -0.43118   0.09909  -0.43118
  8.72180   0.13729  -0.39858   0.13729  -0.39858   0.12575  -0.42487   0.12575  -0.42487
  8.77193   0.10482  -0.39332   0.10482  -0.39332   0.16007  -0.41685   0.16007  -0.41685
  8.82206   0.11085  -0.38777   0.11085  -0.38777   0.12524  -0.41057   0.12524  -0.41057
  8.87218   0.14425  -0.38054   0.14425  -0.38054   0.14407  -0.40335   0.14407  -0.40335
  8.92231   0.12259  -0.37439   0.12259  -0.37439   0.13940  -0.39636   0.13940  -0.39636
  8.97243   0.12851  -0.36795   0.12851  -0.36795   0.12755  -0.38997   0.12755  -0.38997
  9.02256   0.12393  -0.36174   0.12393  -0.36174   0.16265  -0.38182   0.16265  -0.38182
  9.07268   0.11101  -0.35617   0.11101  -0.35617   0.12885  -0.37536   0.12885  -0.37536
  9.12281   0.15871  -0.34822   0.15871  -0.34822   0.14492  -0.36809   0.14492  -0.36809
  9.17293   0.09965  -0.34322   0.09965  -0.34322   0.12831  -0.36166   0.12831  -0.36166
  9.22306   0.09276  -0.33857   0.09276  -0.33857   0.12173  -0.35556   0.12173  -0.35556
  9.27318   0.11217  -0.33295   0.11217  -0.33295   0.14271  -0.34841   0.14271  -0.34841
  9.32331   0.11321  -0.32728   0.11321  -0.32728   0.09209  -0.34379   0.09209  -0.34379
  9.37343   0.09920  -0.32230   0.09920  -0.32230   0.09394  -0.33908   0.09394  -0.33908
  9.42356   0.08795  -0.31790   0.08795  -0.31790   0.11525  -0.33331   0.11525  -0.33331
  9.47368   0.09173  -0.31330   0.09173  -0.31330   0.11454  -0.32757   0.11454  -0.32757
  9.52381   0.09567  -0.30850   0.09567  -0.30850   0.09518  -0.32279   0.09518  -0.32279
  9.57393   0.12706  -0.30213   0.12706  -0.30213   0.09499  -0.31803   0.09499  -0.31803
  9.62406   0.14728  -0.29475   0.14728  -0.29475   0.10864  -0.31259   0.10864  -0.31259
  9.67419   0.12746  -0.28836   0.12746  -0.28836   0.10973  -0.30709   0.10973  -0.30709
  9.72431   0.13322  -0.28168   0.13322  -0.28168   0.13497  -0.30032   0.13497  -0.30032
  9.77444   0.12136  -0.27560   0.12136  -0.27560   0.13464  -0.29357   0.13464  -0.29357
  9.82456   0.10589  -0.27029   0.10589  -0.27029   0.12938  -0.28709   0.12938  -0.28709
  9.87469   0.08858  -0.26585   0.08858  -0.26585   0.11956  -0.28109   0.11956  -0.28109
  9.92481   0.12363  -0.25966   0.12363  -0.25966   0.13472  -0.27434   0.13472  -0.27434
  9.97494   0.11765  -0.25376   0.11765  -0.25376   0.11723  -0.26847   0.11723  -0.26847
 10.02506   0.11103  -0.24819   0.11103  -0.24819   0.10508  -0.26320   0.10508  -0.26320