ESCALE ; pCOHP file generated by LOBSTER. Energy is shifted such that the Fermi level lies at 0 eV.
         2          2        401  -5.82964e+00   1.42205e+01   4.19543e+00 
Average
No.1:Mn49->O69(1.9391986673836445)
-10.02506   0.00000  -0.68516   0.00000  -0.68516   0.00000  -0.68060   0.00000  -0.68060
 -9.97494   0.00000  -0.68516   0.00000  -0.68516   0.00000  -0.68060   0.00000  -0.68060
 -9.92481   0.00000  -0.68516   0.00000  -0.68516   0.00000  -0.68060   0.00000  -0.68060
 -9.87469   0.00000  -0.68516   0.00000  -0.68516   0.00000  -0.68060   0.00000  -0.68060
 -9.82456   0.00000  -0.68516   0.00000  -0.68516   0.00000  -0.68060   0.00000  -0.68060
 -9.77444   0.00000  -0.68516   0.00000  -0.68516   0.00000  -0.68060   0.00000  -0.68060
 -9.72431   0.00000  -0.68516   0.00000  -0.68516   0.00000  -0.68060   0.00000  -0.68060
 -9.67419   0.00000  -0.68516   0.00000  -0.68516   0.00000  -0.68060   0.00000  -0.68060
 -9.62406   0.00000  -0.68516   0.00000  -0.68516   0.00000  -0.68060   0.00000  -0.68060
 -9.57393   0.00000  -0.68516   0.00000  -0.68516   0.00000  -0.68060   0.00000  -0.68060
 -9.52381   0.00000  -0.68516   0.00000  -0.68516   0.00000  -0.68060   0.00000  -0.68060
 -9.47368   0.00000  -0.68516   0.00000  -0.68516   0.00000  -0.68060   0.00000  -0.68060
 -9.42356   0.00000  -0.68516   0.00000  -0.68516   0.00000  -0.68060   0.00000  -0.68060
 -9.37343   0.00000  -0.68516   0.00000  -0.68516   0.00000  -0.68060   0.00000  -0.68060
 -9.32331   0.00000  -0.68516   0.00000  -0.68516   0.00000  -0.68060   0.00000  -0.68060
 -9.27318   0.00000  -0.68516   0.00000  -0.68516   0.00000  -0.68060   0.00000  -0.68060
 -9.22306   0.00000  -0.68516   0.00000  -0.68516   0.00000  -0.68060   0.00000  -0.68060
 -9.17293   0.00000  -0.68516   0.00000  -0.68516   0.00000  -0.68060   0.00000  -0.68060
 -9.12281   0.00000  -0.68516   0.00000  -0.68516   0.00000  -0.68060   0.00000  -0.68060
 -9.07268   0.00000  -0.68516   0.00000  -0.68516   0.00000  -0.68060   0.00000  -0.68060
 -9.02256   0.00000  -0.68516   0.00000  -0.68516   0.00000  -0.68060   0.00000  -0.68060
 -8.97243   0.00000  -0.68516   0.00000  -0.68516   0.00000  -0.68060   0.00000  -0.68060
 -8.92231   0.00000  -0.68516   0.00000  -0.68516   0.00000  -0.68060   0.00000  -0.68060
 -8.87218   0.00000  -0.68516   0.00000  -0.68516   0.00000  -0.68060   0.00000  -0.68060
 -8.82206   0.00000  -0.68516   0.00000  -0.68516   0.00000  -0.68060   0.00000  -0.68060
 -8.77193   0.00000  -0.68516   0.00000  -0.68516   0.00000  -0.68060   0.00000  -0.68060
 -8.72180   0.00000  -0.68516   0.00000  -0.68516   0.00000  -0.68060   0.00000  -0.68060
 -8.67168   0.00000  -0.68516   0.00000  -0.68516   0.00000  -0.68060   0.00000  -0.68060
 -8.62155   0.00000  -0.68516   0.00000  -0.68516   0.00000  -0.68060   0.00000  -0.68060
 -8.57143   0.00000  -0.68516   0.00000  -0.68516   0.00000  -0.68060   0.00000  -0.68060
 -8.52130   0.00000  -0.68516   0.00000  -0.68516   0.00000  -0.68060   0.00000  -0.68060
 -8.47118   0.00000  -0.68516   0.00000  -0.68516   0.00000  -0.68060   0.00000  -0.68060
 -8.42105   0.00000  -0.68516   0.00000  -0.68516   0.00000  -0.68060   0.00000  -0.68060
 -8.37093   0.00000  -0.68516   0.00000  -0.68516   0.00000  -0.68060   0.00000  -0.68060
 -8.32080   0.00000  -0.68516   0.00000  -0.68516   0.00000  -0.68060   0.00000  -0.68060
 -8.27068   0.00000  -0.68516   0.00000  -0.68516   0.00000  -0.68060   0.00000  -0.68060
 -8.22055   0.00000  -0.68516   0.00000  -0.68516   0.00000  -0.68060   0.00000  -0.68060
 -8.17043   0.00000  -0.68516   0.00000  -0.68516   0.00000  -0.68060   0.00000  -0.68060
 -8.12030   0.00000  -0.68516   0.00000  -0.68516   0.00000  -0.68060   0.00000  -0.68060
 -8.07018   0.00000  -0.68516   0.00000  -0.68516   0.00000  -0.68060   0.00000  -0.68060
 -8.02005   0.00000  -0.68516   0.00000  -0.68516   0.00000  -0.68060   0.00000  -0.68060
 -7.96992   0.00000  -0.68516   0.00000  -0.68516   0.00000  -0.68060   0.00000  -0.68060
 -7.91980   0.00000  -0.68516   0.00000  -0.68516   0.00000  -0.68060   0.00000  -0.68060
 -7.86967   0.00000  -0.68516   0.00000  -0.68516   0.00000  -0.68060   0.00000  -0.68060
 -7.81955   0.00000  -0.68516   0.00000  -0.68516   0.00000  -0.68060   0.00000  -0.68060
 -7.76942   0.00000  -0.68516   0.00000  -0.68516   0.00000  -0.68060   0.00000  -0.68060
 -7.71930   0.00000  -0.68516   0.00000  -0.68516   0.00000  -0.68060   0.00000  -0.68060
 -7.66917   0.00000  -0.68516   0.00000  -0.68516   0.00000  -0.68060   0.00000  -0.68060
 -7.61905   0.00000  -0.68516   0.00000  -0.68516   0.00000  -0.68060   0.00000  -0.68060
 -7.56892   0.00000  -0.68516   0.00000  -0.68516   0.00000  -0.68060   0.00000  -0.68060
 -7.51880   0.00000  -0.68516   0.00000  -0.68516   0.00000  -0.68060   0.00000  -0.68060
 -7.46867   0.00000  -0.68516   0.00000  -0.68516   0.00000  -0.68060   0.00000  -0.68060
 -7.41855   0.00000  -0.68516   0.00000  -0.68516   0.00000  -0.68060   0.00000  -0.68060
 -7.36842   0.00000  -0.68516   0.00000  -0.68516   0.00000  -0.68060   0.00000  -0.68060
 -7.31830   0.00000  -0.68516   0.00000  -0.68516   0.00000  -0.68060   0.00000  -0.68060
 -7.26817   0.00000  -0.68516   0.00000  -0.68516   0.00000  -0.68060   0.00000  -0.68060
 -7.21805   0.00000  -0.68516   0.00000  -0.68516   0.00000  -0.68060   0.00000  -0.68060
 -7.16792   0.00000  -0.68516   0.00000  -0.68516   0.00000  -0.68060   0.00000  -0.68060
 -7.11779   0.00000  -0.68516   0.00000  -0.68516   0.00000  -0.68060   0.00000  -0.68060
 -7.06767  -0.00076  -0.68520  -0.00076  -0.68520   0.00000  -0.68060   0.00000  -0.68060
 -7.01754  -0.02185  -0.68629  -0.02185  -0.68629   0.00000  -0.68060   0.00000  -0.68060
 -6.96742  -0.02150  -0.68737  -0.02150  -0.68737   0.00000  -0.68060   0.00000  -0.68060
 -6.91729  -0.03056  -0.68890  -0.03056  -0.68890   0.00000  -0.68060   0.00000  -0.68060
 -6.86717  -0.08646  -0.69323  -0.08646  -0.69323   0.00000  -0.68060   0.00000  -0.68060
 -6.81704  -0.08578  -0.69753  -0.08578  -0.69753   0.00000  -0.68060   0.00000  -0.68060
 -6.76692  -0.13603  -0.70435  -0.13603  -0.70435   0.00000  -0.68060   0.00000  -0.68060
 -6.71679  -0.18471  -0.71361  -0.18471  -0.71361   0.00000  -0.68060   0.00000  -0.68060
 -6.66667  -0.31080  -0.72919  -0.31080  -0.72919   0.00000  -0.68060   0.00000  -0.68060
 -6.61654  -0.29295  -0.74387  -0.29295  -0.74387   0.00000  -0.68060   0.00000  -0.68060
 -6.56642  -0.31009  -0.75942  -0.31009  -0.75942   0.00000  -0.68060   0.00000  -0.68060
 -6.51629  -0.25401  -0.77215  -0.25401  -0.77215   0.00000  -0.68060   0.00000  -0.68060
 -6.46617  -0.17580  -0.78096  -0.17580  -0.78096   0.00000  -0.68060   0.00000  -0.68060
 -6.41604  -0.15159  -0.78856  -0.15159  -0.78856   0.00000  -0.68060   0.00000  -0.68060
 -6.36591  -0.22536  -0.79986  -0.22536  -0.79986   0.00000  -0.68060   0.00000  -0.68060
 -6.31579  -0.29105  -0.81445  -0.29105  -0.81445   0.00000  -0.68060   0.00000  -0.68060
 -6.26566  -0.33592  -0.83128  -0.33592  -0.83128   0.00000  -0.68060   0.00000  -0.68060
 -6.21554  -0.34475  -0.84856  -0.34475  -0.84856   0.00000  -0.68060   0.00000  -0.68060
 -6.16541  -0.20445  -0.85881  -0.20445  -0.85881   0.00000  -0.68060   0.00000  -0.68060
 -6.11529  -0.19856  -0.86877  -0.19856  -0.86877   0.00000  -0.68060   0.00000  -0.68060
 -6.06516  -0.35546  -0.88658  -0.35546  -0.88658   0.00000  -0.68060   0.00000  -0.68060
 -6.01504  -0.34720  -0.90399  -0.34720  -0.90399   0.00000  -0.68060   0.00000  -0.68060
 -5.96491  -0.31515  -0.91978  -0.31515  -0.91978   0.00000  -0.68060   0.00000  -0.68060
 -5.91479  -0.35882  -0.93777  -0.35882  -0.93777   0.00000  -0.68060   0.00000  -0.68060
 -5.86466  -0.32820  -0.95422  -0.32820  -0.95422   0.00000  -0.68060   0.00000  -0.68060
 -5.81454  -0.17342  -0.96291  -0.17342  -0.96291   0.00000  -0.68060   0.00000  -0.68060
 -5.76441  -0.19047  -0.97246  -0.19047  -0.97246   0.00000  -0.68060   0.00000  -0.68060
 -5.71429  -0.18895  -0.98193  -0.18895  -0.98193  -0.00240  -0.68072  -0.00240  -0.68072
 -5.66416  -0.20310  -0.99211  -0.20310  -0.99211  -0.04819  -0.68313  -0.04819  -0.68313
 -5.61404  -0.19373  -1.00182  -0.19373  -1.00182  -0.04579  -0.68543  -0.04579  -0.68543
 -5.56391  -0.25698  -1.01470  -0.25698  -1.01470  -0.06587  -0.68873  -0.06587  -0.68873
 -5.51378  -0.21080  -1.02527  -0.21080  -1.02527  -0.08401  -0.69294  -0.08401  -0.69294
 -5.46366  -0.16091  -1.03334  -0.16091  -1.03334  -0.13404  -0.69966  -0.13404  -0.69966
 -5.41353  -0.27103  -1.04692  -0.27103  -1.04692  -0.12865  -0.70611  -0.12865  -0.70611
 -5.36341  -0.34852  -1.06439  -0.34852  -1.06439  -0.13389  -0.71282  -0.13389  -0.71282
 -5.31328  -0.61362  -1.09515  -0.61362  -1.09515  -0.06986  -0.71632  -0.06986  -0.71632
 -5.26316  -0.70765  -1.13062  -0.70765  -1.13062  -0.07310  -0.71998  -0.07310  -0.71998
 -5.21303  -0.54616  -1.15800  -0.54616  -1.15800  -0.09017  -0.72450  -0.09017  -0.72450
 -5.16291  -0.41943  -1.17902  -0.41943  -1.17902  -0.09966  -0.72950  -0.09966  -0.72950
 -5.11278  -0.39390  -1.19877  -0.39390  -1.19877  -0.12215  -0.73562  -0.12215  -0.73562
 -5.06266  -0.45274  -1.22146  -0.45274  -1.22146  -0.14869  -0.74308  -0.14869  -0.74308
 -5.01253  -0.26758  -1.23487  -0.26758  -1.23487  -0.17121  -0.75166  -0.17121  -0.75166
 -4.96241  -0.26660  -1.24823  -0.26660  -1.24823  -0.18546  -0.76095  -0.18546  -0.76095
 -4.91228  -0.25949  -1.26124  -0.25949  -1.26124  -0.20214  -0.77109  -0.20214  -0.77109
 -4.86216  -0.22755  -1.27265  -0.22755  -1.27265  -0.24468  -0.78335  -0.24468  -0.78335
 -4.81203  -0.21075  -1.28321  -0.21075  -1.28321  -0.32523  -0.79965  -0.32523  -0.79965
 -4.76190  -0.17325  -1.29190  -0.17325  -1.29190  -0.40634  -0.82002  -0.40634  -0.82002
 -4.71178  -0.20196  -1.30202  -0.20196  -1.30202  -0.29817  -0.83497  -0.29817  -0.83497
 -4.66165  -0.18391  -1.31124  -0.18391  -1.31124  -0.25786  -0.84789  -0.25786  -0.84789
 -4.61153  -0.17603  -1.32006  -0.17603  -1.32006  -0.25340  -0.86059  -0.25340  -0.86059
 -4.56140  -0.19502  -1.32984  -0.19502  -1.32984  -0.23361  -0.87230  -0.23361  -0.87230
 -4.51128  -0.18072  -1.33890  -0.18072  -1.33890  -0.30154  -0.88742  -0.30154  -0.88742
 -4.46115  -0.11996  -1.34491  -0.11996  -1.34491  -0.23152  -0.89902  -0.23152  -0.89902
 -4.41103  -0.08900  -1.34937  -0.08900  -1.34937  -0.30408  -0.91426  -0.30408  -0.91426
 -4.36090  -0.25780  -1.36229  -0.25780  -1.36229  -0.29494  -0.92905  -0.29494  -0.92905
 -4.31078  -0.20451  -1.37254  -0.20451  -1.37254  -0.25534  -0.94185  -0.25534  -0.94185
 -4.26065  -0.19927  -1.38253  -0.19927  -1.38253  -0.32008  -0.95789  -0.32008  -0.95789
 -4.21053  -0.29654  -1.39740  -0.29654  -1.39740  -0.24241  -0.97004  -0.24241  -0.97004
 -4.16040  -0.31475  -1.41317  -0.31475  -1.41317  -0.24227  -0.98219  -0.24227  -0.98219
 -4.11028  -0.34984  -1.43071  -0.34984  -1.43071  -0.23948  -0.99419  -0.23948  -0.99419
 -4.06015  -0.46606  -1.45407  -0.46606  -1.45407  -0.32406  -1.01043  -0.32406  -1.01043
 -4.01003  -0.32479  -1.47035  -0.32479  -1.47035  -0.32522  -1.02674  -0.32522  -1.02674
 -3.95990  -0.08648  -1.47469  -0.08648  -1.47469  -0.38432  -1.04600  -0.38432  -1.04600
 -3.90977  -0.15787  -1.48260  -0.15787  -1.48260  -0.39138  -1.06562  -0.39138  -1.06562
 -3.85965  -0.11823  -1.48853  -0.11823  -1.48853  -0.47412  -1.08938  -0.47412  -1.08938
 -3.80952  -0.07973  -1.49252  -0.07973  -1.49252  -0.51310  -1.11510  -0.51310  -1.11510
 -3.75940  -0.08632  -1.49685  -0.08632  -1.49685  -0.33967  -1.13213  -0.33967  -1.13213
 -3.70927  -0.06027  -1.49987  -0.06027  -1.49987  -0.29072  -1.14670  -0.29072  -1.14670
 -3.65915   0.00173  -1.49978   0.00173  -1.49978  -0.25721  -1.15959  -0.25721  -1.15959
 -3.60902  -0.02128  -1.50085  -0.02128  -1.50085  -0.16664  -1.16795  -0.16664  -1.16795
 -3.55890  -0.02375  -1.50204  -0.02375  -1.50204  -0.19410  -1.17768  -0.19410  -1.17768
 -3.50877  -0.00515  -1.50230  -0.00515  -1.50230  -0.23925  -1.18967  -0.23925  -1.18967
 -3.45865   0.01031  -1.50178   0.01031  -1.50178  -0.18122  -1.19875  -0.18122  -1.19875
 -3.40852  -0.03466  -1.50352  -0.03466  -1.50352  -0.20543  -1.20905  -0.20543  -1.20905
 -3.35840  -0.00722  -1.50388  -0.00722  -1.50388  -0.32591  -1.22539  -0.32591  -1.22539
 -3.30827   0.03645  -1.50205   0.03645  -1.50205  -0.23316  -1.23707  -0.23316  -1.23707
 -3.25815   0.01967  -1.50107   0.01967  -1.50107  -0.20997  -1.24760  -0.20997  -1.24760
 -3.20802   0.00457  -1.50084   0.00457  -1.50084  -0.19768  -1.25751  -0.19768  -1.25751
 -3.15789   0.03377  -1.49915   0.03377  -1.49915  -0.18707  -1.26688  -0.18707  -1.26688
 -3.10777  -0.01663  -1.49998  -0.01663  -1.49998  -0.15445  -1.27463  -0.15445  -1.27463
 -3.05764  -0.05452  -1.50271  -0.05452  -1.50271  -0.14463  -1.28188  -0.14463  -1.28188
 -3.00752  -0.06937  -1.50619  -0.06937  -1.50619  -0.18818  -1.29131  -0.18818  -1.29131
 -2.95739  -0.00541  -1.50646  -0.00541  -1.50646  -0.20360  -1.30151  -0.20360  -1.30151
 -2.90727   0.01668  -1.50563   0.01668  -1.50563  -0.16344  -1.30971  -0.16344  -1.30971
 -2.85714   0.01598  -1.50482   0.01598  -1.50482  -0.17264  -1.31836  -0.17264  -1.31836
 -2.80702   0.01108  -1.50427   0.01108  -1.50427  -0.22070  -1.32942  -0.22070  -1.32942
 -2.75689   0.03018  -1.50276   0.03018  -1.50276  -0.21387  -1.34014  -0.21387  -1.34014
 -2.70677   0.07594  -1.49895   0.07594  -1.49895  -0.18655  -1.34949  -0.18655  -1.34949
 -2.65664   0.07665  -1.49511   0.07665  -1.49511  -0.19267  -1.35915  -0.19267  -1.35915
 -2.60652   0.06484  -1.49186   0.06484  -1.49186  -0.23719  -1.37104  -0.23719  -1.37104
 -2.55639   0.09238  -1.48723   0.09238  -1.48723  -0.20676  -1.38140  -0.20676  -1.38140
 -2.50627   0.12372  -1.48103   0.12372  -1.48103  -0.14451  -1.38865  -0.14451  -1.38865
 -2.45614   0.13875  -1.47407   0.13875  -1.47407  -0.08919  -1.39312  -0.08919  -1.39312
 -2.40602   0.11878  -1.46812   0.11878  -1.46812  -0.08156  -1.39721  -0.08156  -1.39721
 -2.35589   0.12311  -1.46195   0.12311  -1.46195  -0.11226  -1.40283  -0.11226  -1.40283
 -2.30576   0.13811  -1.45502   0.13811  -1.45502  -0.14525  -1.41011  -0.14525  -1.41011
 -2.25564   0.15808  -1.44710   0.15808  -1.44710  -0.07480  -1.41386  -0.07480  -1.41386
 -2.20551   0.19422  -1.43736   0.19422  -1.43736  -0.05727  -1.41673  -0.05727  -1.41673
 -2.15539   0.25536  -1.42456   0.25536  -1.42456  -0.06374  -1.41993  -0.06374  -1.41993
 -2.10526   0.26960  -1.41105   0.26960  -1.41105  -0.07037  -1.42346  -0.07037  -1.42346
 -2.05514   0.21474  -1.40029   0.21474  -1.40029  -0.04002  -1.42546  -0.04002  -1.42546
 -2.00501   0.23551  -1.38848   0.23551  -1.38848  -0.08330  -1.42964  -0.08330  -1.42964
 -1.95489   0.28139  -1.37438   0.28139  -1.37438  -0.08403  -1.43385  -0.08403  -1.43385
 -1.90476   0.25396  -1.36165   0.25396  -1.36165  -0.07483  -1.43760  -0.07483  -1.43760
 -1.85464   0.24840  -1.34920   0.24840  -1.34920  -0.05981  -1.44060  -0.05981  -1.44060
 -1.80451   0.18971  -1.33969   0.18971  -1.33969  -0.02775  -1.44199  -0.02775  -1.44199
 -1.75439   0.15006  -1.33216   0.15006  -1.33216  -0.00406  -1.44219  -0.00406  -1.44219
 -1.70426   0.14720  -1.32479   0.14720  -1.32479   0.00557  -1.44191   0.00557  -1.44191
 -1.65414   0.17232  -1.31615   0.17232  -1.31615  -0.03195  -1.44352  -0.03195  -1.44352
 -1.60401   0.25955  -1.30314   0.25955  -1.30314  -0.03536  -1.44529  -0.03536  -1.44529
 -1.55388   0.20925  -1.29265   0.20925  -1.29265  -0.03954  -1.44727  -0.03954  -1.44727
 -1.50376   0.20928  -1.28216   0.20928  -1.28216  -0.04100  -1.44933  -0.04100  -1.44933
 -1.45363   0.20040  -1.27211   0.20040  -1.27211  -0.03785  -1.45122  -0.03785  -1.45122
 -1.40351   0.25450  -1.25936   0.25450  -1.25936  -0.04680  -1.45357  -0.04680  -1.45357
 -1.35338   0.17081  -1.25080   0.17081  -1.25080  -0.03456  -1.45530  -0.03456  -1.45530
 -1.30326   0.15441  -1.24306   0.15441  -1.24306  -0.01711  -1.45616  -0.01711  -1.45616
 -1.25313   0.12272  -1.23690   0.12272  -1.23690  -0.06363  -1.45935  -0.06363  -1.45935
 -1.20301   0.06906  -1.23344   0.06906  -1.23344  -0.01298  -1.46000  -0.01298  -1.46000
 -1.15288   0.07183  -1.22984   0.07183  -1.22984  -0.00626  -1.46031  -0.00626  -1.46031
 -1.10276   0.09876  -1.22489   0.09876  -1.22489   0.00882  -1.45987   0.00882  -1.45987
 -1.05263   0.12409  -1.21867   0.12409  -1.21867   0.01859  -1.45894   0.01859  -1.45894
 -1.00251   0.17459  -1.20992   0.17459  -1.20992   0.04908  -1.45648   0.04908  -1.45648
 -0.95238   0.17164  -1.20132   0.17164  -1.20132   0.03333  -1.45481   0.03333  -1.45481
 -0.90226   0.09938  -1.19634   0.09938  -1.19634   0.01831  -1.45389   0.01831  -1.45389
 -0.85213   0.13183  -1.18973   0.13183  -1.18973   0.02491  -1.45264   0.02491  -1.45264
 -0.80201   0.07494  -1.18597   0.07494  -1.18597   0.04231  -1.45052   0.04231  -1.45052
 -0.75188   0.04576  -1.18368   0.04576  -1.18368   0.04642  -1.44819   0.04642  -1.44819
 -0.70175   0.05065  -1.18114   0.05065  -1.18114   0.17772  -1.43929   0.17772  -1.43929
 -0.65163   0.06283  -1.17799   0.06283  -1.17799   0.08940  -1.43480   0.08940  -1.43480
 -0.60150   0.01043  -1.17747   0.01043  -1.17747   0.00000  -1.43480   0.00000  -1.43480
 -0.55138  -0.00545  -1.17774  -0.00545  -1.17774   0.00000  -1.43480   0.00000  -1.43480
 -0.50125   0.01830  -1.17682   0.01830  -1.17682   0.00000  -1.43480   0.00000  -1.43480
 -0.45113   0.03987  -1.17482   0.03987  -1.17482   0.00000  -1.43480   0.00000  -1.43480
 -0.40100   0.01177  -1.17423   0.01177  -1.17423   0.00000  -1.43480   0.00000  -1.43480
 -0.35088   0.01218  -1.17362   0.01218  -1.17362   0.00000  -1.43480   0.00000  -1.43480
 -0.30075   0.01688  -1.17278   0.01688  -1.17278   0.00000  -1.43480   0.00000  -1.43480
 -0.25063   0.01716  -1.17192   0.01716  -1.17192   0.00000  -1.43480   0.00000  -1.43480
 -0.20050   0.01723  -1.17105   0.01723  -1.17105   0.00000  -1.43480   0.00000  -1.43480
 -0.15038   0.00164  -1.17097   0.00164  -1.17097   0.00000  -1.43480   0.00000  -1.43480
 -0.10025  -0.01095  -1.17152  -0.01095  -1.17152   0.00000  -1.43480   0.00000  -1.43480
 -0.05013  -0.01941  -1.17249  -0.01941  -1.17249   0.00000  -1.43480   0.00000  -1.43480
  0.00000  -0.06029  -1.17552  -0.06029  -1.17552   0.00000  -1.43480   0.00000  -1.43480
  0.05013   0.00000  -1.17552   0.00000  -1.17552   0.00000  -1.43480   0.00000  -1.43480
  0.10025   0.00000  -1.17552   0.00000  -1.17552   0.00000  -1.43480   0.00000  -1.43480
  0.15038   0.00000  -1.17552   0.00000  -1.17552   0.00000  -1.43480   0.00000  -1.43480
  0.20050   0.00000  -1.17552   0.00000  -1.17552   0.00000  -1.43480   0.00000  -1.43480
  0.25063   0.00000  -1.17552   0.00000  -1.17552   0.00000  -1.43480   0.00000  -1.43480
  0.30075   0.00000  -1.17552   0.00000  -1.17552   0.00000  -1.43480   0.00000  -1.43480
  0.35088   0.00000  -1.17552   0.00000  -1.17552   0.00000  -1.43480   0.00000  -1.43480
  0.40100   0.00000  -1.17552   0.00000  -1.17552   0.00000  -1.43480   0.00000  -1.43480
  0.45113   0.00000  -1.17552   0.00000  -1.17552   0.00000  -1.43480   0.00000  -1.43480
  0.50125   0.00000  -1.17552   0.00000  -1.17552   0.00000  -1.43480   0.00000  -1.43480
  0.55138   0.00000  -1.17552   0.00000  -1.17552   0.00000  -1.43480   0.00000  -1.43480
  0.60150   0.00000  -1.17552   0.00000  -1.17552   0.00000  -1.43480   0.00000  -1.43480
  0.65163   0.00000  -1.17552   0.00000  -1.17552   0.00000  -1.43480   0.00000  -1.43480
  0.70175   0.00000  -1.17552   0.00000  -1.17552   0.00000  -1.43480   0.00000  -1.43480
  0.75188   0.00000  -1.17552   0.00000  -1.17552   0.00000  -1.43480   0.00000  -1.43480
  0.80201   0.00000  -1.17552   0.00000  -1.17552   0.00000  -1.43480   0.00000  -1.43480
  0.85213   0.00000  -1.17552   0.00000  -1.17552   0.00000  -1.43480   0.00000  -1.43480
  0.90226   0.00000  -1.17552   0.00000  -1.17552   0.00000  -1.43480   0.00000  -1.43480
  0.95238   0.00000  -1.17552   0.00000  -1.17552   0.00000  -1.43480   0.00000  -1.43480
  1.00251   0.01177  -1.17493   0.01177  -1.17493   0.00000  -1.43480   0.00000  -1.43480
  1.05263   0.04132  -1.17285   0.04132  -1.17285   0.00000  -1.43480   0.00000  -1.43480
  1.10276   0.12659  -1.16651   0.12659  -1.16651   0.00000  -1.43480   0.00000  -1.43480
  1.15288   0.26661  -1.15315   0.26661  -1.15315   0.00000  -1.43480   0.00000  -1.43480
  1.20301   0.31905  -1.13715   0.31905  -1.13715   0.00000  -1.43480   0.00000  -1.43480
  1.25313   0.36263  -1.11898   0.36263  -1.11898   0.00000  -1.43480   0.00000  -1.43480
  1.30326   0.51082  -1.09337   0.51082  -1.09337   0.00000  -1.43480   0.00000  -1.43480
  1.35338   0.72070  -1.05725   0.72070  -1.05725   0.00000  -1.43480   0.00000  -1.43480
  1.40351   1.16616  -0.99879   1.16616  -0.99879   0.00000  -1.43480   0.00000  -1.43480
  1.45363   1.37489  -0.92988   1.37489  -0.92988   0.00000  -1.43480   0.00000  -1.43480
  1.50376   0.99894  -0.87980   0.99894  -0.87980   0.00000  -1.43480   0.00000  -1.43480
  1.55388   0.52605  -0.85343   0.52605  -0.85343   0.00000  -1.43480   0.00000  -1.43480
  1.60401   0.29554  -0.83862   0.29554  -0.83862   0.00000  -1.43480   0.00000  -1.43480
  1.65414   0.28945  -0.82411   0.28945  -0.82411   0.00000  -1.43480   0.00000  -1.43480
  1.70426   0.31638  -0.80825   0.31638  -0.80825   0.00000  -1.43480   0.00000  -1.43480
  1.75439   0.19870  -0.79829   0.19870  -0.79829   0.00000  -1.43480   0.00000  -1.43480
  1.80451   0.22391  -0.78707   0.22391  -0.78707   0.00000  -1.43480   0.00000  -1.43480
  1.85464   0.30309  -0.77188   0.30309  -0.77188   0.00000  -1.43480   0.00000  -1.43480
  1.90476   1.04475  -0.71951   1.04475  -0.71951   0.00000  -1.43480   0.00000  -1.43480
  1.95489   1.19064  -0.65983   1.19064  -0.65983   0.00000  -1.43480   0.00000  -1.43480
  2.00501   0.80667  -0.61939   0.80667  -0.61939   0.00000  -1.43480   0.00000  -1.43480
  2.05514   0.52481  -0.59309   0.52481  -0.59309   0.00000  -1.43480   0.00000  -1.43480
  2.10526   0.65065  -0.56047   0.65065  -0.56047   0.00000  -1.43480   0.00000  -1.43480
  2.15539   0.38042  -0.54140   0.38042  -0.54140   0.00000  -1.43480   0.00000  -1.43480
  2.20551   0.07515  -0.53764   0.07515  -0.53764   0.00000  -1.43480   0.00000  -1.43480
  2.25564   0.00000  -0.53764   0.00000  -0.53764   0.00000  -1.43480   0.00000  -1.43480
  2.30576   0.00000  -0.53764   0.00000  -0.53764   0.00000  -1.43480   0.00000  -1.43480
  2.35589   0.00000  -0.53764   0.00000  -0.53764   0.00000  -1.43480   0.00000  -1.43480
  2.40602   0.00000  -0.53764   0.00000  -0.53764   0.00000  -1.43480   0.00000  -1.43480
  2.45614   0.00000  -0.53764   0.00000  -0.53764   0.00000  -1.43480   0.00000  -1.43480
  2.50627   0.00000  -0.53764   0.00000  -0.53764   0.00000  -1.43480   0.00000  -1.43480
  2.55639   0.00000  -0.53764   0.00000  -0.53764   0.00000  -1.43480   0.00000  -1.43480
  2.60652   0.00000  -0.53764   0.00000  -0.53764   0.03569  -1.43302   0.03569  -1.43302
  2.65664   0.00000  -0.53764   0.00000  -0.53764   0.11216  -1.42739   0.11216  -1.42739
  2.70677   0.00000  -0.53764   0.00000  -0.53764   0.08250  -1.42326   0.08250  -1.42326
  2.75689   0.00000  -0.53764   0.00000  -0.53764   0.12494  -1.41700   0.12494  -1.41700
  2.80702   0.00000  -0.53764   0.00000  -0.53764   0.08602  -1.41268   0.08602  -1.41268
  2.85714   0.00000  -0.53764   0.00000  -0.53764   0.10738  -1.40730   0.10738  -1.40730
  2.90727   0.00000  -0.53764   0.00000  -0.53764   0.03471  -1.40556   0.03471  -1.40556
  2.95739   0.00000  -0.53764   0.00000  -0.53764   0.01019  -1.40505   0.01019  -1.40505
  3.00752   0.00000  -0.53764   0.00000  -0.53764   0.01026  -1.40454   0.01026  -1.40454
  3.05764   0.00000  -0.53764   0.00000  -0.53764  -0.02517  -1.40580  -0.02517  -1.40580
  3.10777   0.00000  -0.53764   0.00000  -0.53764  -0.04431  -1.40802  -0.04431  -1.40802
  3.15789   0.00000  -0.53764   0.00000  -0.53764   0.07616  -1.40420   0.07616  -1.40420
  3.20802   0.00000  -0.53764   0.00000  -0.53764   0.10260  -1.39906   0.10260  -1.39906
  3.25815   0.00000  -0.53764   0.00000  -0.53764   0.16656  -1.39071   0.16656  -1.39071
  3.30827   0.00000  -0.53764   0.00000  -0.53764   0.45656  -1.36782   0.45656  -1.36782
  3.35840   0.00000  -0.53764   0.00000  -0.53764   0.51149  -1.34219   0.51149  -1.34219
  3.40852   0.00000  -0.53764   0.00000  -0.53764   0.43632  -1.32032   0.43632  -1.32032
  3.45865   0.00000  -0.53764   0.00000  -0.53764   0.79618  -1.28041   0.79618  -1.28041
  3.50877   0.00000  -0.53764   0.00000  -0.53764   0.13466  -1.27366   0.13466  -1.27366
  3.55890   0.00000  -0.53764   0.00000  -0.53764   0.58712  -1.24423   0.58712  -1.24423
  3.60902   0.00000  -0.53764   0.00000  -0.53764   0.62748  -1.21277   0.62748  -1.21277
  3.65915   0.00000  -0.53764   0.00000  -0.53764   0.38526  -1.19346   0.38526  -1.19346
  3.70927   0.00000  -0.53764   0.00000  -0.53764   0.74728  -1.15601   0.74728  -1.15601
  3.75940   0.00000  -0.53764   0.00000  -0.53764   1.45682  -1.08298   1.45682  -1.08298
  3.80952   0.00000  -0.53764   0.00000  -0.53764   1.48770  -1.00841   1.48770  -1.00841
  3.85965   0.00000  -0.53764   0.00000  -0.53764   1.47030  -0.93471   1.47030  -0.93471
  3.90977   0.00000  -0.53764   0.00000  -0.53764   1.00711  -0.88423   1.00711  -0.88423
  3.95990   0.00000  -0.53764   0.00000  -0.53764   0.61015  -0.85365   0.61015  -0.85365
  4.01003   0.00000  -0.53764   0.00000  -0.53764   0.47663  -0.82975   0.47663  -0.82975
  4.06015   0.00000  -0.53764   0.00000  -0.53764   0.69785  -0.79478   0.69785  -0.79478
  4.11028   0.00000  -0.53764   0.00000  -0.53764   0.73100  -0.75813   0.73100  -0.75813
  4.16040   0.00000  -0.53764   0.00000  -0.53764   1.16294  -0.69984   1.16294  -0.69984
  4.21053   0.00000  -0.53764   0.00000  -0.53764   0.65556  -0.66698   0.65556  -0.66698
  4.26065   0.00000  -0.53764   0.00000  -0.53764   0.81469  -0.62614   0.81469  -0.62614
  4.31078   0.00000  -0.53764   0.00000  -0.53764   0.45527  -0.60332   0.45527  -0.60332
  4.36090   0.00000  -0.53764   0.00000  -0.53764   0.65138  -0.57067   0.65138  -0.57067
  4.41103   0.00000  -0.53764   0.00000  -0.53764   0.66940  -0.53712   0.66940  -0.53712
  4.46115   0.00000  -0.53764   0.00000  -0.53764   0.31738  -0.52121   0.31738  -0.52121
  4.51128   0.00000  -0.53764   0.00000  -0.53764   0.00000  -0.52121   0.00000  -0.52121
  4.56140   0.00000  -0.53764   0.00000  -0.53764   0.00000  -0.52121   0.00000  -0.52121
  4.61153   0.00000  -0.53764   0.00000  -0.53764   0.00000  -0.52121   0.00000  -0.52121
  4.66165   0.00000  -0.53764   0.00000  -0.53764   0.00000  -0.52121   0.00000  -0.52121
  4.71178   0.00000  -0.53764   0.00000  -0.53764   0.00000  -0.52121   0.00000  -0.52121
  4.76190   0.00000  -0.53764   0.00000  -0.53764   0.00000  -0.52121   0.00000  -0.52121
  4.81203   0.00000  -0.53764   0.00000  -0.53764   0.00000  -0.52121   0.00000  -0.52121
  4.86216   0.00000  -0.53764   0.00000  -0.53764   0.00000  -0.52121   0.00000  -0.52121
  4.91228   0.00000  -0.53764   0.00000  -0.53764   0.00000  -0.52121   0.00000  -0.52121
  4.96241   0.00000  -0.53764   0.00000  -0.53764   0.00000  -0.52121   0.00000  -0.52121
  5.01253   0.00000  -0.53764   0.00000  -0.53764   0.00000  -0.52121   0.00000  -0.52121
  5.06266   0.00000  -0.53764   0.00000  -0.53764   0.00000  -0.52121   0.00000  -0.52121
  5.11278   0.00000  -0.53764   0.00000  -0.53764   0.00000  -0.52121   0.00000  -0.52121
  5.16291   0.00000  -0.53764   0.00000  -0.53764   0.00000  -0.52121   0.00000  -0.52121
  5.21303   0.00000  -0.53764   0.00000  -0.53764   0.00000  -0.52121   0.00000  -0.52121
  5.26316   0.00000  -0.53764   0.00000  -0.53764   0.00000  -0.52121   0.00000  -0.52121
  5.31328   0.00000  -0.53764   0.00000  -0.53764   0.00000  -0.52121   0.00000  -0.52121
  5.36341   0.00000  -0.53764   0.00000  -0.53764   0.00000  -0.52121   0.00000  -0.52121
  5.41353   0.00000  -0.53764   0.00000  -0.53764   0.00000  -0.52121   0.00000  -0.52121
  5.46366   0.00000  -0.53764   0.00000  -0.53764   0.00000  -0.52121   0.00000  -0.52121
  5.51378   0.00000  -0.53764   0.00000  -0.53764   0.00000  -0.52121   0.00000  -0.52121
  5.56391   0.00000  -0.53764   0.00000  -0.53764   0.00000  -0.52121   0.00000  -0.52121
  5.61404   0.00000  -0.53764   0.00000  -0.53764   0.00000  -0.52121   0.00000  -0.52121
  5.66416   0.00000  -0.53764   0.00000  -0.53764   0.00000  -0.52121   0.00000  -0.52121
  5.71429   0.00000  -0.53764   0.00000  -0.53764   0.00000  -0.52121   0.00000  -0.52121
  5.76441   0.00000  -0.53764   0.00000  -0.53764   0.00000  -0.52121   0.00000  -0.52121
  5.81454   0.00000  -0.53764   0.00000  -0.53764   0.00000  -0.52121   0.00000  -0.52121
  5.86466   0.00000  -0.53764   0.00000  -0.53764   0.00000  -0.52121   0.00000  -0.52121
  5.91479   0.00000  -0.53764   0.00000  -0.53764   0.00000  -0.52121   0.00000  -0.52121
  5.96491   0.00026  -0.53762   0.00026  -0.53762   0.00000  -0.52121   0.00000  -0.52121
  6.01504   0.00350  -0.53745   0.00350  -0.53745   0.00000  -0.52121   0.00000  -0.52121
  6.06516   0.00981  -0.53696   0.00981  -0.53696   0.00000  -0.52121   0.00000  -0.52121
  6.11529   0.01672  -0.53612   0.01672  -0.53612   0.00000  -0.52121   0.00000  -0.52121
  6.16541   0.01790  -0.53522   0.01790  -0.53522   0.00000  -0.52121   0.00000  -0.52121
  6.21554   0.01613  -0.53441   0.01613  -0.53441   0.00055  -0.52118   0.00055  -0.52118
  6.26566   0.01553  -0.53363   0.01553  -0.53363   0.00475  -0.52095   0.00475  -0.52095
  6.31579   0.01752  -0.53276   0.01752  -0.53276   0.01140  -0.52037   0.01140  -0.52037
  6.36591   0.02134  -0.53169   0.02134  -0.53169   0.01746  -0.51950   0.01746  -0.51950
  6.41604   0.02871  -0.53025   0.02871  -0.53025   0.01676  -0.51866   0.01676  -0.51866
  6.46617   0.04149  -0.52817   0.04149  -0.52817   0.01516  -0.51790   0.01516  -0.51790
  6.51629   0.04321  -0.52600   0.04321  -0.52600   0.01569  -0.51711   0.01569  -0.51711
  6.56642   0.04675  -0.52366   0.04675  -0.52366   0.01848  -0.51619   0.01848  -0.51619
  6.61654   0.04705  -0.52130   0.04705  -0.52130   0.02343  -0.51501   0.02343  -0.51501
  6.66667   0.04353  -0.51912   0.04353  -0.51912   0.03596  -0.51321   0.03596  -0.51321
  6.71679   0.03952  -0.51714   0.03952  -0.51714   0.04093  -0.51116   0.04093  -0.51116
  6.76692   0.03817  -0.51522   0.03817  -0.51522   0.04256  -0.50902   0.04256  -0.50902
  6.81704   0.04955  -0.51274   0.04955  -0.51274   0.04496  -0.50677   0.04496  -0.50677
  6.86717   0.05712  -0.50988   0.05712  -0.50988   0.04197  -0.50467   0.04197  -0.50467
  6.91729   0.05503  -0.50712   0.05503  -0.50712   0.03873  -0.50273   0.03873  -0.50273
  6.96742   0.05855  -0.50418   0.05855  -0.50418   0.03551  -0.50095   0.03551  -0.50095
  7.01754   0.05751  -0.50130   0.05751  -0.50130   0.04389  -0.49875   0.04389  -0.49875
  7.06767   0.05429  -0.49858   0.05429  -0.49858   0.05416  -0.49603   0.05416  -0.49603
  7.11779   0.04750  -0.49620   0.04750  -0.49620   0.05330  -0.49336   0.05330  -0.49336
  7.16792   0.04546  -0.49392   0.04546  -0.49392   0.04815  -0.49095   0.04815  -0.49095
  7.21805   0.04841  -0.49149   0.04841  -0.49149   0.05061  -0.48841   0.05061  -0.48841
  7.26817   0.05092  -0.48894   0.05092  -0.48894   0.05734  -0.48553   0.05734  -0.48553
  7.31830   0.04834  -0.48652   0.04834  -0.48652   0.05572  -0.48274   0.05572  -0.48274
  7.36842   0.04668  -0.48418   0.04668  -0.48418   0.05009  -0.48023   0.05009  -0.48023
  7.41855   0.05032  -0.48166   0.05032  -0.48166   0.04655  -0.47790   0.04655  -0.47790
  7.46867   0.03517  -0.47989   0.03517  -0.47989   0.04646  -0.47557   0.04646  -0.47557
  7.51880   0.02254  -0.47876   0.02254  -0.47876   0.05281  -0.47292   0.05281  -0.47292
  7.56892   0.02939  -0.47729   0.02939  -0.47729   0.05135  -0.47035   0.05135  -0.47035
  7.61905   0.03993  -0.47529   0.03993  -0.47529   0.05093  -0.46779   0.05093  -0.46779
  7.66917   0.03535  -0.47352   0.03535  -0.47352   0.04261  -0.46566   0.04261  -0.46566
  7.71930   0.03356  -0.47184   0.03356  -0.47184   0.03135  -0.46409   0.03135  -0.46409
  7.76942   0.04451  -0.46960   0.04451  -0.46960   0.02364  -0.46290   0.02364  -0.46290
  7.81955   0.06035  -0.46658   0.06035  -0.46658   0.03278  -0.46126   0.03278  -0.46126
  7.86967   0.06200  -0.46347   0.06200  -0.46347   0.04539  -0.45898   0.04539  -0.45898
  7.91980   0.06770  -0.46008   0.06770  -0.46008   0.03450  -0.45725   0.03450  -0.45725
  7.96992   0.07023  -0.45656   0.07023  -0.45656   0.04235  -0.45513   0.04235  -0.45513
  8.02005   0.07702  -0.45270   0.07702  -0.45270   0.05746  -0.45225   0.05746  -0.45225
  8.07018   0.08737  -0.44832   0.08737  -0.44832   0.05708  -0.44939   0.05708  -0.44939
  8.12030   0.07837  -0.44439   0.07837  -0.44439   0.06161  -0.44630   0.06161  -0.44630
  8.17043   0.07750  -0.44050   0.07750  -0.44050   0.07561  -0.44251   0.07561  -0.44251
  8.22055   0.06911  -0.43704   0.06911  -0.43704   0.08913  -0.43804   0.08913  -0.43804
  8.27068   0.07585  -0.43324   0.07585  -0.43324   0.08870  -0.43360   0.08870  -0.43360
  8.32080   0.10876  -0.42779   0.10876  -0.42779   0.08541  -0.42932   0.08541  -0.42932
  8.37093   0.10327  -0.42261   0.10327  -0.42261   0.07150  -0.42573   0.07150  -0.42573
  8.42105   0.09088  -0.41805   0.09088  -0.41805   0.07408  -0.42202   0.07408  -0.42202
  8.47118   0.09412  -0.41334   0.09412  -0.41334   0.09295  -0.41736   0.09295  -0.41736
  8.52130   0.10946  -0.40785   0.10946  -0.40785   0.09988  -0.41235   0.09988  -0.41235
  8.57143   0.09461  -0.40311   0.09461  -0.40311   0.07997  -0.40834   0.07997  -0.40834
  8.62155   0.13618  -0.39628   0.13618  -0.39628   0.10330  -0.40317   0.10330  -0.40317
  8.67168   0.13455  -0.38954   0.13455  -0.38954   0.08447  -0.39893   0.08447  -0.39893
  8.72180   0.14603  -0.38222   0.14603  -0.38222   0.10951  -0.39344   0.10951  -0.39344
  8.77193   0.12804  -0.37580   0.12804  -0.37580   0.13884  -0.38648   0.13884  -0.38648
  8.82206   0.13011  -0.36928   0.13011  -0.36928   0.12372  -0.38028   0.12372  -0.38028
  8.87218   0.13624  -0.36245   0.13624  -0.36245   0.13597  -0.37347   0.13597  -0.37347
  8.92231   0.13283  -0.35579   0.13283  -0.35579   0.15721  -0.36559   0.15721  -0.36559
  8.97243   0.12572  -0.34949   0.12572  -0.34949   0.14819  -0.35816   0.14819  -0.35816
  9.02256   0.13042  -0.34295   0.13042  -0.34295   0.14404  -0.35094   0.14404  -0.35094
  9.07268   0.12843  -0.33651   0.12843  -0.33651   0.12456  -0.34470   0.12456  -0.34470
  9.12281   0.16601  -0.32819   0.16601  -0.32819   0.13933  -0.33771   0.13933  -0.33771
  9.17293   0.11332  -0.32251   0.11332  -0.32251   0.14134  -0.33063   0.14134  -0.33063
  9.22306   0.09926  -0.31754   0.09926  -0.31754   0.12882  -0.32417   0.12882  -0.32417
  9.27318   0.10669  -0.31219   0.10669  -0.31219   0.12820  -0.31774   0.12820  -0.31774
  9.32331   0.11306  -0.30652   0.11306  -0.30652   0.08515  -0.31348   0.08515  -0.31348
  9.37343   0.09806  -0.30161   0.09806  -0.30161   0.08735  -0.30910   0.08735  -0.30910
  9.42356   0.09444  -0.29687   0.09444  -0.29687   0.09576  -0.30430   0.09576  -0.30430
  9.47368   0.09038  -0.29234   0.09038  -0.29234   0.10307  -0.29913   0.10307  -0.29913
  9.52381   0.08511  -0.28808   0.08511  -0.28808   0.09107  -0.29457   0.09107  -0.29457
  9.57393   0.08504  -0.28381   0.08504  -0.28381   0.09117  -0.29000   0.09117  -0.29000
  9.62406   0.08332  -0.27964   0.08332  -0.27964   0.08935  -0.28552   0.08935  -0.28552
  9.67419   0.10579  -0.27433   0.10579  -0.27433   0.07248  -0.28188   0.07248  -0.28188
  9.72431   0.12638  -0.26800   0.12638  -0.26800   0.06450  -0.27865   0.06450  -0.27865
  9.77444   0.10298  -0.26284   0.10298  -0.26284   0.07731  -0.27478   0.07731  -0.27478
  9.82456   0.09133  -0.25826   0.09133  -0.25826   0.11062  -0.26923   0.11062  -0.26923
  9.87469   0.09778  -0.25336   0.09778  -0.25336   0.11139  -0.26365   0.11139  -0.26365
  9.92481   0.10767  -0.24796   0.10767  -0.24796   0.10519  -0.25837   0.10519  -0.25837
  9.97494   0.11762  -0.24207   0.11762  -0.24207   0.10023  -0.25335   0.10023  -0.25335
 10.02506   0.11340  -0.23638   0.11340  -0.23638   0.10736  -0.24797   0.10736  -0.24797