ESCALE ; pCOHP file generated by LOBSTER. Energy is shifted such that the Fermi level lies at 0 eV.
         2          2        401  -5.82964e+00   1.42205e+01   4.19543e+00 
Average
No.1:Mn50->O78(1.9421678086449949)
-10.02506   0.00000  -0.67018   0.00000  -0.67018   0.00000  -0.66659   0.00000  -0.66659
 -9.97494   0.00000  -0.67018   0.00000  -0.67018   0.00000  -0.66659   0.00000  -0.66659
 -9.92481   0.00000  -0.67018   0.00000  -0.67018   0.00000  -0.66659   0.00000  -0.66659
 -9.87469   0.00000  -0.67018   0.00000  -0.67018   0.00000  -0.66659   0.00000  -0.66659
 -9.82456   0.00000  -0.67018   0.00000  -0.67018   0.00000  -0.66659   0.00000  -0.66659
 -9.77444   0.00000  -0.67018   0.00000  -0.67018   0.00000  -0.66659   0.00000  -0.66659
 -9.72431   0.00000  -0.67018   0.00000  -0.67018   0.00000  -0.66659   0.00000  -0.66659
 -9.67419   0.00000  -0.67018   0.00000  -0.67018   0.00000  -0.66659   0.00000  -0.66659
 -9.62406   0.00000  -0.67018   0.00000  -0.67018   0.00000  -0.66659   0.00000  -0.66659
 -9.57393   0.00000  -0.67018   0.00000  -0.67018   0.00000  -0.66659   0.00000  -0.66659
 -9.52381   0.00000  -0.67018   0.00000  -0.67018   0.00000  -0.66659   0.00000  -0.66659
 -9.47368   0.00000  -0.67018   0.00000  -0.67018   0.00000  -0.66659   0.00000  -0.66659
 -9.42356   0.00000  -0.67018   0.00000  -0.67018   0.00000  -0.66659   0.00000  -0.66659
 -9.37343   0.00000  -0.67018   0.00000  -0.67018   0.00000  -0.66659   0.00000  -0.66659
 -9.32331   0.00000  -0.67018   0.00000  -0.67018   0.00000  -0.66659   0.00000  -0.66659
 -9.27318   0.00000  -0.67018   0.00000  -0.67018   0.00000  -0.66659   0.00000  -0.66659
 -9.22306   0.00000  -0.67018   0.00000  -0.67018   0.00000  -0.66659   0.00000  -0.66659
 -9.17293   0.00000  -0.67018   0.00000  -0.67018   0.00000  -0.66659   0.00000  -0.66659
 -9.12281   0.00000  -0.67018   0.00000  -0.67018   0.00000  -0.66659   0.00000  -0.66659
 -9.07268   0.00000  -0.67018   0.00000  -0.67018   0.00000  -0.66659   0.00000  -0.66659
 -9.02256   0.00000  -0.67018   0.00000  -0.67018   0.00000  -0.66659   0.00000  -0.66659
 -8.97243   0.00000  -0.67018   0.00000  -0.67018   0.00000  -0.66659   0.00000  -0.66659
 -8.92231   0.00000  -0.67018   0.00000  -0.67018   0.00000  -0.66659   0.00000  -0.66659
 -8.87218   0.00000  -0.67018   0.00000  -0.67018   0.00000  -0.66659   0.00000  -0.66659
 -8.82206   0.00000  -0.67018   0.00000  -0.67018   0.00000  -0.66659   0.00000  -0.66659
 -8.77193   0.00000  -0.67018   0.00000  -0.67018   0.00000  -0.66659   0.00000  -0.66659
 -8.72180   0.00000  -0.67018   0.00000  -0.67018   0.00000  -0.66659   0.00000  -0.66659
 -8.67168   0.00000  -0.67018   0.00000  -0.67018   0.00000  -0.66659   0.00000  -0.66659
 -8.62155   0.00000  -0.67018   0.00000  -0.67018   0.00000  -0.66659   0.00000  -0.66659
 -8.57143   0.00000  -0.67018   0.00000  -0.67018   0.00000  -0.66659   0.00000  -0.66659
 -8.52130   0.00000  -0.67018   0.00000  -0.67018   0.00000  -0.66659   0.00000  -0.66659
 -8.47118   0.00000  -0.67018   0.00000  -0.67018   0.00000  -0.66659   0.00000  -0.66659
 -8.42105   0.00000  -0.67018   0.00000  -0.67018   0.00000  -0.66659   0.00000  -0.66659
 -8.37093   0.00000  -0.67018   0.00000  -0.67018   0.00000  -0.66659   0.00000  -0.66659
 -8.32080   0.00000  -0.67018   0.00000  -0.67018   0.00000  -0.66659   0.00000  -0.66659
 -8.27068   0.00000  -0.67018   0.00000  -0.67018   0.00000  -0.66659   0.00000  -0.66659
 -8.22055   0.00000  -0.67018   0.00000  -0.67018   0.00000  -0.66659   0.00000  -0.66659
 -8.17043   0.00000  -0.67018   0.00000  -0.67018   0.00000  -0.66659   0.00000  -0.66659
 -8.12030   0.00000  -0.67018   0.00000  -0.67018   0.00000  -0.66659   0.00000  -0.66659
 -8.07018   0.00000  -0.67018   0.00000  -0.67018   0.00000  -0.66659   0.00000  -0.66659
 -8.02005   0.00000  -0.67018   0.00000  -0.67018   0.00000  -0.66659   0.00000  -0.66659
 -7.96992   0.00000  -0.67018   0.00000  -0.67018   0.00000  -0.66659   0.00000  -0.66659
 -7.91980   0.00000  -0.67018   0.00000  -0.67018   0.00000  -0.66659   0.00000  -0.66659
 -7.86967   0.00000  -0.67018   0.00000  -0.67018   0.00000  -0.66659   0.00000  -0.66659
 -7.81955   0.00000  -0.67018   0.00000  -0.67018   0.00000  -0.66659   0.00000  -0.66659
 -7.76942   0.00000  -0.67018   0.00000  -0.67018   0.00000  -0.66659   0.00000  -0.66659
 -7.71930   0.00000  -0.67018   0.00000  -0.67018   0.00000  -0.66659   0.00000  -0.66659
 -7.66917   0.00000  -0.67018   0.00000  -0.67018   0.00000  -0.66659   0.00000  -0.66659
 -7.61905   0.00000  -0.67018   0.00000  -0.67018   0.00000  -0.66659   0.00000  -0.66659
 -7.56892   0.00000  -0.67018   0.00000  -0.67018   0.00000  -0.66659   0.00000  -0.66659
 -7.51880   0.00000  -0.67018   0.00000  -0.67018   0.00000  -0.66659   0.00000  -0.66659
 -7.46867   0.00000  -0.67018   0.00000  -0.67018   0.00000  -0.66659   0.00000  -0.66659
 -7.41855   0.00000  -0.67018   0.00000  -0.67018   0.00000  -0.66659   0.00000  -0.66659
 -7.36842   0.00000  -0.67018   0.00000  -0.67018   0.00000  -0.66659   0.00000  -0.66659
 -7.31830   0.00000  -0.67018   0.00000  -0.67018   0.00000  -0.66659   0.00000  -0.66659
 -7.26817   0.00000  -0.67018   0.00000  -0.67018   0.00000  -0.66659   0.00000  -0.66659
 -7.21805   0.00000  -0.67018   0.00000  -0.67018   0.00000  -0.66659   0.00000  -0.66659
 -7.16792   0.00000  -0.67018   0.00000  -0.67018   0.00000  -0.66659   0.00000  -0.66659
 -7.11779   0.00000  -0.67018   0.00000  -0.67018   0.00000  -0.66659   0.00000  -0.66659
 -7.06767  -0.00185  -0.67028  -0.00185  -0.67028   0.00000  -0.66659   0.00000  -0.66659
 -7.01754  -0.02851  -0.67171  -0.02851  -0.67171   0.00000  -0.66659   0.00000  -0.66659
 -6.96742  -0.02148  -0.67278  -0.02148  -0.67278   0.00000  -0.66659   0.00000  -0.66659
 -6.91729  -0.03695  -0.67464  -0.03695  -0.67464   0.00000  -0.66659   0.00000  -0.66659
 -6.86717  -0.07999  -0.67864  -0.07999  -0.67864   0.00000  -0.66659   0.00000  -0.66659
 -6.81704  -0.09897  -0.68361  -0.09897  -0.68361   0.00000  -0.66659   0.00000  -0.66659
 -6.76692  -0.11674  -0.68946  -0.11674  -0.68946   0.00000  -0.66659   0.00000  -0.66659
 -6.71679  -0.19146  -0.69905  -0.19146  -0.69905   0.00000  -0.66659   0.00000  -0.66659
 -6.66667  -0.29529  -0.71386  -0.29529  -0.71386   0.00000  -0.66659   0.00000  -0.66659
 -6.61654  -0.25727  -0.72675  -0.25727  -0.72675   0.00000  -0.66659   0.00000  -0.66659
 -6.56642  -0.26866  -0.74022  -0.26866  -0.74022   0.00000  -0.66659   0.00000  -0.66659
 -6.51629  -0.23568  -0.75203  -0.23568  -0.75203   0.00000  -0.66659   0.00000  -0.66659
 -6.46617  -0.24301  -0.76421  -0.24301  -0.76421   0.00000  -0.66659   0.00000  -0.66659
 -6.41604  -0.18235  -0.77335  -0.18235  -0.77335   0.00000  -0.66659   0.00000  -0.66659
 -6.36591  -0.21359  -0.78406  -0.21359  -0.78406   0.00000  -0.66659   0.00000  -0.66659
 -6.31579  -0.30734  -0.79946  -0.30734  -0.79946   0.00000  -0.66659   0.00000  -0.66659
 -6.26566  -0.28372  -0.81369  -0.28372  -0.81369   0.00000  -0.66659   0.00000  -0.66659
 -6.21554  -0.28809  -0.82813  -0.28809  -0.82813   0.00000  -0.66659   0.00000  -0.66659
 -6.16541  -0.17642  -0.83697  -0.17642  -0.83697   0.00000  -0.66659   0.00000  -0.66659
 -6.11529  -0.13923  -0.84395  -0.13923  -0.84395   0.00000  -0.66659   0.00000  -0.66659
 -6.06516  -0.30614  -0.85930  -0.30614  -0.85930   0.00000  -0.66659   0.00000  -0.66659
 -6.01504  -0.38254  -0.87847  -0.38254  -0.87847   0.00000  -0.66659   0.00000  -0.66659
 -5.96491  -0.36304  -0.89667  -0.36304  -0.89667   0.00000  -0.66659   0.00000  -0.66659
 -5.91479  -0.39952  -0.91669  -0.39952  -0.91669   0.00000  -0.66659   0.00000  -0.66659
 -5.86466  -0.34098  -0.93379  -0.34098  -0.93379   0.00000  -0.66659   0.00000  -0.66659
 -5.81454  -0.25571  -0.94660  -0.25571  -0.94660   0.00000  -0.66659   0.00000  -0.66659
 -5.76441  -0.19606  -0.95643  -0.19606  -0.95643   0.00000  -0.66659   0.00000  -0.66659
 -5.71429  -0.17830  -0.96537  -0.17830  -0.96537  -0.00178  -0.66668  -0.00178  -0.66668
 -5.66416  -0.14102  -0.97244  -0.14102  -0.97244  -0.05310  -0.66934  -0.05310  -0.66934
 -5.61404  -0.19813  -0.98237  -0.19813  -0.98237  -0.05511  -0.67211  -0.05511  -0.67211
 -5.56391  -0.24622  -0.99471  -0.24622  -0.99471  -0.07307  -0.67577  -0.07307  -0.67577
 -5.51378  -0.24603  -1.00704  -0.24603  -1.00704  -0.07161  -0.67936  -0.07161  -0.67936
 -5.46366  -0.17594  -1.01586  -0.17594  -1.01586  -0.12515  -0.68563  -0.12515  -0.68563
 -5.41353  -0.23586  -1.02768  -0.23586  -1.02768  -0.12115  -0.69170  -0.12115  -0.69170
 -5.36341  -0.32885  -1.04417  -0.32885  -1.04417  -0.10715  -0.69707  -0.10715  -0.69707
 -5.31328  -0.50407  -1.06943  -0.50407  -1.06943  -0.05008  -0.69959  -0.05008  -0.69959
 -5.26316  -0.72967  -1.10601  -0.72967  -1.10601  -0.05253  -0.70222  -0.05253  -0.70222
 -5.21303  -0.48591  -1.13037  -0.48591  -1.13037  -0.06827  -0.70564  -0.06827  -0.70564
 -5.16291  -0.52733  -1.15680  -0.52733  -1.15680  -0.10252  -0.71078  -0.10252  -0.71078
 -5.11278  -0.42886  -1.17830  -0.42886  -1.17830  -0.13023  -0.71731  -0.13023  -0.71731
 -5.06266  -0.46682  -1.20170  -0.46682  -1.20170  -0.19025  -0.72684  -0.19025  -0.72684
 -5.01253  -0.33153  -1.21831  -0.33153  -1.21831  -0.22949  -0.73835  -0.22949  -0.73835
 -4.96241  -0.20143  -1.22841  -0.20143  -1.22841  -0.23824  -0.75029  -0.23824  -0.75029
 -4.91228  -0.20091  -1.23848  -0.20091  -1.23848  -0.28518  -0.76458  -0.28518  -0.76458
 -4.86216  -0.18433  -1.24772  -0.18433  -1.24772  -0.32030  -0.78064  -0.32030  -0.78064
 -4.81203  -0.18662  -1.25708  -0.18662  -1.25708  -0.32033  -0.79669  -0.32033  -0.79669
 -4.76190  -0.19122  -1.26666  -0.19122  -1.26666  -0.30362  -0.81191  -0.30362  -0.81191
 -4.71178  -0.17716  -1.27554  -0.17716  -1.27554  -0.29862  -0.82688  -0.29862  -0.82688
 -4.66165  -0.20845  -1.28599  -0.20845  -1.28599  -0.25437  -0.83963  -0.25437  -0.83963
 -4.61153  -0.17644  -1.29483  -0.17644  -1.29483  -0.32265  -0.85581  -0.32265  -0.85581
 -4.56140  -0.17746  -1.30373  -0.17746  -1.30373  -0.36716  -0.87421  -0.36716  -0.87421
 -4.51128  -0.12543  -1.31002  -0.12543  -1.31002  -0.27613  -0.88805  -0.27613  -0.88805
 -4.46115  -0.10082  -1.31507  -0.10082  -1.31507  -0.31074  -0.90363  -0.31074  -0.90363
 -4.41103  -0.11068  -1.32062  -0.11068  -1.32062  -0.23879  -0.91560  -0.23879  -0.91560
 -4.36090  -0.16481  -1.32888  -0.16481  -1.32888  -0.21645  -0.92645  -0.21645  -0.92645
 -4.31078  -0.32720  -1.34528  -0.32720  -1.34528  -0.19764  -0.93635  -0.19764  -0.93635
 -4.26065  -0.38109  -1.36438  -0.38109  -1.36438  -0.17599  -0.94518  -0.17599  -0.94518
 -4.21053  -0.41805  -1.38534  -0.41805  -1.38534  -0.16816  -0.95360  -0.16816  -0.95360
 -4.16040  -0.43345  -1.40706  -0.43345  -1.40706  -0.18558  -0.96291  -0.18558  -0.96291
 -4.11028  -0.42097  -1.42816  -0.42097  -1.42816  -0.20365  -0.97311  -0.20365  -0.97311
 -4.06015  -0.42027  -1.44923  -0.42027  -1.44923  -0.27484  -0.98689  -0.27484  -0.98689
 -4.01003  -0.19934  -1.45922  -0.19934  -1.45922  -0.33025  -1.00345  -0.33025  -1.00345
 -3.95990  -0.06161  -1.46231  -0.06161  -1.46231  -0.42526  -1.02476  -0.42526  -1.02476
 -3.90977  -0.08869  -1.46676  -0.08869  -1.46676  -0.41878  -1.04575  -0.41878  -1.04575
 -3.85965  -0.06936  -1.47023  -0.06936  -1.47023  -0.36627  -1.06411  -0.36627  -1.06411
 -3.80952  -0.08021  -1.47425  -0.08021  -1.47425  -0.33189  -1.08075  -0.33189  -1.08075
 -3.75940  -0.05030  -1.47677  -0.05030  -1.47677  -0.26851  -1.09421  -0.26851  -1.09421
 -3.70927  -0.09354  -1.48146  -0.09354  -1.48146  -0.32183  -1.11034  -0.32183  -1.11034
 -3.65915  -0.06513  -1.48473  -0.06513  -1.48473  -0.33655  -1.12721  -0.33655  -1.12721
 -3.60902  -0.01043  -1.48525  -0.01043  -1.48525  -0.24496  -1.13949  -0.24496  -1.13949
 -3.55890  -0.00179  -1.48534  -0.00179  -1.48534  -0.17748  -1.14838  -0.17748  -1.14838
 -3.50877   0.01070  -1.48480   0.01070  -1.48480  -0.17447  -1.15713  -0.17447  -1.15713
 -3.45865   0.01008  -1.48430   0.01008  -1.48430  -0.18775  -1.16654  -0.18775  -1.16654
 -3.40852   0.04079  -1.48225   0.04079  -1.48225  -0.24878  -1.17901  -0.24878  -1.17901
 -3.35840   0.01373  -1.48157   0.01373  -1.48157  -0.40020  -1.19907  -0.40020  -1.19907
 -3.30827   0.00492  -1.48132   0.00492  -1.48132  -0.33159  -1.21569  -0.33159  -1.21569
 -3.25815  -0.04568  -1.48361  -0.04568  -1.48361  -0.29766  -1.23061  -0.29766  -1.23061
 -3.20802   0.03272  -1.48197   0.03272  -1.48197  -0.25664  -1.24348  -0.25664  -1.24348
 -3.15789  -0.02570  -1.48326  -0.02570  -1.48326  -0.19263  -1.25313  -0.19263  -1.25313
 -3.10777  -0.02378  -1.48445  -0.02378  -1.48445  -0.17539  -1.26192  -0.17539  -1.26192
 -3.05764  -0.08487  -1.48870  -0.08487  -1.48870  -0.15173  -1.26953  -0.15173  -1.26953
 -3.00752  -0.04868  -1.49114  -0.04868  -1.49114  -0.14758  -1.27693  -0.14758  -1.27693
 -2.95739   0.01089  -1.49060   0.01089  -1.49060  -0.17158  -1.28553  -0.17158  -1.28553
 -2.90727   0.02572  -1.48931   0.02572  -1.48931  -0.16270  -1.29368  -0.16270  -1.29368
 -2.85714   0.02240  -1.48819   0.02240  -1.48819  -0.16335  -1.30187  -0.16335  -1.30187
 -2.80702   0.00798  -1.48779   0.00798  -1.48779  -0.25678  -1.31474  -0.25678  -1.31474
 -2.75689   0.04227  -1.48567   0.04227  -1.48567  -0.23495  -1.32652  -0.23495  -1.32652
 -2.70677   0.08214  -1.48155   0.08214  -1.48155  -0.15976  -1.33453  -0.15976  -1.33453
 -2.65664   0.07191  -1.47794   0.07191  -1.47794  -0.17270  -1.34318  -0.17270  -1.34318
 -2.60652   0.07431  -1.47422   0.07431  -1.47422  -0.20959  -1.35369  -0.20959  -1.35369
 -2.55639   0.09568  -1.46942   0.09568  -1.46942  -0.20451  -1.36394  -0.20451  -1.36394
 -2.50627   0.11106  -1.46386   0.11106  -1.46386  -0.13572  -1.37074  -0.13572  -1.37074
 -2.45614   0.11279  -1.45820   0.11279  -1.45820  -0.12632  -1.37707  -0.12632  -1.37707
 -2.40602   0.14962  -1.45070   0.14962  -1.45070  -0.08928  -1.38155  -0.08928  -1.38155
 -2.35589   0.18776  -1.44129   0.18776  -1.44129  -0.11130  -1.38713  -0.11130  -1.38713
 -2.30576   0.15960  -1.43329   0.15960  -1.43329  -0.09137  -1.39171  -0.09137  -1.39171
 -2.25564   0.20842  -1.42284   0.20842  -1.42284  -0.08249  -1.39584  -0.08249  -1.39584
 -2.20551   0.20209  -1.41272   0.20209  -1.41272  -0.06371  -1.39904  -0.06371  -1.39904
 -2.15539   0.21363  -1.40201   0.21363  -1.40201  -0.09091  -1.40359  -0.09091  -1.40359
 -2.10526   0.22494  -1.39073   0.22494  -1.39073  -0.04507  -1.40585  -0.04507  -1.40585
 -2.05514   0.23509  -1.37895   0.23509  -1.37895  -0.05225  -1.40847  -0.05225  -1.40847
 -2.00501   0.26055  -1.36589   0.26055  -1.36589  -0.05348  -1.41115  -0.05348  -1.41115
 -1.95489   0.28614  -1.35155   0.28614  -1.35155  -0.06213  -1.41427  -0.06213  -1.41427
 -1.90476   0.23179  -1.33993   0.23179  -1.33993  -0.07843  -1.41820  -0.07843  -1.41820
 -1.85464   0.24473  -1.32766   0.24473  -1.32766  -0.06508  -1.42146  -0.06508  -1.42146
 -1.80451   0.18069  -1.31860   0.18069  -1.31860  -0.01063  -1.42199  -0.01063  -1.42199
 -1.75439   0.16836  -1.31016   0.16836  -1.31016  -0.00274  -1.42213  -0.00274  -1.42213
 -1.70426   0.18936  -1.30067   0.18936  -1.30067  -0.01539  -1.42290  -0.01539  -1.42290
 -1.65414   0.19167  -1.29106   0.19167  -1.29106  -0.04318  -1.42507  -0.04318  -1.42507
 -1.60401   0.21784  -1.28014   0.21784  -1.28014  -0.06322  -1.42824  -0.06322  -1.42824
 -1.55388   0.19382  -1.27043   0.19382  -1.27043  -0.03902  -1.43019  -0.03902  -1.43019
 -1.50376   0.25012  -1.25789   0.25012  -1.25789  -0.03980  -1.43219  -0.03980  -1.43219
 -1.45363   0.14030  -1.25086   0.14030  -1.25086  -0.06051  -1.43522  -0.06051  -1.43522
 -1.40351   0.17354  -1.24216   0.17354  -1.24216  -0.04668  -1.43756  -0.04668  -1.43756
 -1.35338   0.18928  -1.23267   0.18928  -1.23267  -0.04649  -1.43989  -0.04649  -1.43989
 -1.30326   0.17136  -1.22408   0.17136  -1.22408  -0.02485  -1.44114  -0.02485  -1.44114
 -1.25313   0.08787  -1.21968   0.08787  -1.21968  -0.02421  -1.44235  -0.02421  -1.44235
 -1.20301   0.07783  -1.21578   0.07783  -1.21578  -0.00463  -1.44258  -0.00463  -1.44258
 -1.15288   0.09001  -1.21127   0.09001  -1.21127  -0.00188  -1.44267  -0.00188  -1.44267
 -1.10276   0.10685  -1.20591   0.10685  -1.20591  -0.00750  -1.44305  -0.00750  -1.44305
 -1.05263   0.13247  -1.19927   0.13247  -1.19927  -0.00300  -1.44320  -0.00300  -1.44320
 -1.00251   0.20822  -1.18883   0.20822  -1.18883   0.02828  -1.44178   0.02828  -1.44178
 -0.95238   0.21510  -1.17805   0.21510  -1.17805   0.02329  -1.44062   0.02329  -1.44062
 -0.90226   0.13398  -1.17134   0.13398  -1.17134   0.02004  -1.43961   0.02004  -1.43961
 -0.85213   0.10301  -1.16617   0.10301  -1.16617   0.05411  -1.43690   0.05411  -1.43690
 -0.80201   0.02864  -1.16474   0.02864  -1.16474   0.08195  -1.43279   0.08195  -1.43279
 -0.75188   0.04367  -1.16255   0.04367  -1.16255   0.09911  -1.42782   0.09911  -1.42782
 -0.70175   0.05639  -1.15972   0.05639  -1.15972   0.19755  -1.41792   0.19755  -1.41792
 -0.65163   0.05122  -1.15715   0.05122  -1.15715   0.03531  -1.41615   0.03531  -1.41615
 -0.60150   0.00766  -1.15677   0.00766  -1.15677   0.00000  -1.41615   0.00000  -1.41615
 -0.55138   0.00690  -1.15642   0.00690  -1.15642   0.00000  -1.41615   0.00000  -1.41615
 -0.50125   0.01933  -1.15545   0.01933  -1.15545   0.00000  -1.41615   0.00000  -1.41615
 -0.45113  -0.01178  -1.15605  -0.01178  -1.15605   0.00000  -1.41615   0.00000  -1.41615
 -0.40100  -0.00146  -1.15612  -0.00146  -1.15612   0.00000  -1.41615   0.00000  -1.41615
 -0.35088   0.01228  -1.15550   0.01228  -1.15550   0.00000  -1.41615   0.00000  -1.41615
 -0.30075   0.01732  -1.15463   0.01732  -1.15463   0.00000  -1.41615   0.00000  -1.41615
 -0.25063   0.00975  -1.15415   0.00975  -1.15415   0.00000  -1.41615   0.00000  -1.41615
 -0.20050  -0.00027  -1.15416  -0.00027  -1.15416   0.00000  -1.41615   0.00000  -1.41615
 -0.15038   0.00040  -1.15414   0.00040  -1.15414   0.00000  -1.41615   0.00000  -1.41615
 -0.10025  -0.00413  -1.15435  -0.00413  -1.15435   0.00000  -1.41615   0.00000  -1.41615
 -0.05013  -0.01668  -1.15518  -0.01668  -1.15518   0.00000  -1.41615   0.00000  -1.41615
  0.00000  -0.02593  -1.15648  -0.02593  -1.15648   0.00000  -1.41615   0.00000  -1.41615
  0.05013   0.00000  -1.15648   0.00000  -1.15648   0.00000  -1.41615   0.00000  -1.41615
  0.10025   0.00000  -1.15648   0.00000  -1.15648   0.00000  -1.41615   0.00000  -1.41615
  0.15038   0.00000  -1.15648   0.00000  -1.15648   0.00000  -1.41615   0.00000  -1.41615
  0.20050   0.00000  -1.15648   0.00000  -1.15648   0.00000  -1.41615   0.00000  -1.41615
  0.25063   0.00000  -1.15648   0.00000  -1.15648   0.00000  -1.41615   0.00000  -1.41615
  0.30075   0.00000  -1.15648   0.00000  -1.15648   0.00000  -1.41615   0.00000  -1.41615
  0.35088   0.00000  -1.15648   0.00000  -1.15648   0.00000  -1.41615   0.00000  -1.41615
  0.40100   0.00000  -1.15648   0.00000  -1.15648   0.00000  -1.41615   0.00000  -1.41615
  0.45113   0.00000  -1.15648   0.00000  -1.15648   0.00000  -1.41615   0.00000  -1.41615
  0.50125   0.00000  -1.15648   0.00000  -1.15648   0.00000  -1.41615   0.00000  -1.41615
  0.55138   0.00000  -1.15648   0.00000  -1.15648   0.00000  -1.41615   0.00000  -1.41615
  0.60150   0.00000  -1.15648   0.00000  -1.15648   0.00000  -1.41615   0.00000  -1.41615
  0.65163   0.00000  -1.15648   0.00000  -1.15648   0.00000  -1.41615   0.00000  -1.41615
  0.70175   0.00000  -1.15648   0.00000  -1.15648   0.00000  -1.41615   0.00000  -1.41615
  0.75188   0.00000  -1.15648   0.00000  -1.15648   0.00000  -1.41615   0.00000  -1.41615
  0.80201   0.00000  -1.15648   0.00000  -1.15648   0.00000  -1.41615   0.00000  -1.41615
  0.85213   0.00000  -1.15648   0.00000  -1.15648   0.00000  -1.41615   0.00000  -1.41615
  0.90226   0.00000  -1.15648   0.00000  -1.15648   0.00000  -1.41615   0.00000  -1.41615
  0.95238   0.00000  -1.15648   0.00000  -1.15648   0.00000  -1.41615   0.00000  -1.41615
  1.00251   0.01671  -1.15564   0.01671  -1.15564   0.00000  -1.41615   0.00000  -1.41615
  1.05263   0.05853  -1.15271   0.05853  -1.15271   0.00000  -1.41615   0.00000  -1.41615
  1.10276   0.17129  -1.14412   0.17129  -1.14412   0.00000  -1.41615   0.00000  -1.41615
  1.15288   0.31541  -1.12831   0.31541  -1.12831   0.00000  -1.41615   0.00000  -1.41615
  1.20301   0.27531  -1.11451   0.27531  -1.11451   0.00000  -1.41615   0.00000  -1.41615
  1.25313   0.40529  -1.09420   0.40529  -1.09420   0.00000  -1.41615   0.00000  -1.41615
  1.30326   0.42446  -1.07292   0.42446  -1.07292   0.00000  -1.41615   0.00000  -1.41615
  1.35338   0.91645  -1.02699   0.91645  -1.02699   0.00000  -1.41615   0.00000  -1.41615
  1.40351   1.35486  -0.95907   1.35486  -0.95907   0.00000  -1.41615   0.00000  -1.41615
  1.45363   1.00314  -0.90879   1.00314  -0.90879   0.00000  -1.41615   0.00000  -1.41615
  1.50376   0.64399  -0.87651   0.64399  -0.87651   0.00000  -1.41615   0.00000  -1.41615
  1.55388   0.49765  -0.85157   0.49765  -0.85157   0.00000  -1.41615   0.00000  -1.41615
  1.60401   0.31192  -0.83593   0.31192  -0.83593   0.00000  -1.41615   0.00000  -1.41615
  1.65414   0.38573  -0.81660   0.38573  -0.81660   0.00000  -1.41615   0.00000  -1.41615
  1.70426   0.37164  -0.79797   0.37164  -0.79797   0.00000  -1.41615   0.00000  -1.41615
  1.75439   0.22048  -0.78692   0.22048  -0.78692   0.00000  -1.41615   0.00000  -1.41615
  1.80451   0.21242  -0.77627   0.21242  -0.77627   0.00000  -1.41615   0.00000  -1.41615
  1.85464   0.47092  -0.75266   0.47092  -0.75266   0.00000  -1.41615   0.00000  -1.41615
  1.90476   1.07414  -0.69882   1.07414  -0.69882   0.00000  -1.41615   0.00000  -1.41615
  1.95489   1.28093  -0.63461   1.28093  -0.63461   0.00000  -1.41615   0.00000  -1.41615
  2.00501   0.73671  -0.59769   0.73671  -0.59769   0.00000  -1.41615   0.00000  -1.41615
  2.05514   0.51736  -0.57175   0.51736  -0.57175   0.00000  -1.41615   0.00000  -1.41615
  2.10526   0.62199  -0.54058   0.62199  -0.54058   0.00000  -1.41615   0.00000  -1.41615
  2.15539   0.31395  -0.52484   0.31395  -0.52484   0.00000  -1.41615   0.00000  -1.41615
  2.20551   0.05779  -0.52194   0.05779  -0.52194   0.00000  -1.41615   0.00000  -1.41615
  2.25564   0.00000  -0.52194   0.00000  -0.52194   0.00000  -1.41615   0.00000  -1.41615
  2.30576   0.00000  -0.52194   0.00000  -0.52194   0.00000  -1.41615   0.00000  -1.41615
  2.35589   0.00000  -0.52194   0.00000  -0.52194   0.00000  -1.41615   0.00000  -1.41615
  2.40602   0.00000  -0.52194   0.00000  -0.52194   0.00000  -1.41615   0.00000  -1.41615
  2.45614   0.00000  -0.52194   0.00000  -0.52194   0.00000  -1.41615   0.00000  -1.41615
  2.50627   0.00000  -0.52194   0.00000  -0.52194   0.00000  -1.41615   0.00000  -1.41615
  2.55639   0.00000  -0.52194   0.00000  -0.52194   0.00000  -1.41615   0.00000  -1.41615
  2.60652   0.00000  -0.52194   0.00000  -0.52194   0.07610  -1.41234   0.07610  -1.41234
  2.65664   0.00000  -0.52194   0.00000  -0.52194   0.11846  -1.40640   0.11846  -1.40640
  2.70677   0.00000  -0.52194   0.00000  -0.52194   0.10131  -1.40132   0.10131  -1.40132
  2.75689   0.00000  -0.52194   0.00000  -0.52194   0.07086  -1.39777   0.07086  -1.39777
  2.80702   0.00000  -0.52194   0.00000  -0.52194   0.04808  -1.39536   0.04808  -1.39536
  2.85714   0.00000  -0.52194   0.00000  -0.52194   0.06893  -1.39190   0.06893  -1.39190
  2.90727   0.00000  -0.52194   0.00000  -0.52194   0.00601  -1.39160   0.00601  -1.39160
  2.95739   0.00000  -0.52194   0.00000  -0.52194   0.00696  -1.39125   0.00696  -1.39125
  3.00752   0.00000  -0.52194   0.00000  -0.52194   0.04569  -1.38896   0.04569  -1.38896
  3.05764   0.00000  -0.52194   0.00000  -0.52194   0.00048  -1.38894   0.00048  -1.38894
  3.10777   0.00000  -0.52194   0.00000  -0.52194   0.01127  -1.38837   0.01127  -1.38837
  3.15789   0.00000  -0.52194   0.00000  -0.52194   0.13731  -1.38149   0.13731  -1.38149
  3.20802   0.00000  -0.52194   0.00000  -0.52194   0.06523  -1.37822   0.06523  -1.37822
  3.25815   0.00000  -0.52194   0.00000  -0.52194   0.11819  -1.37230   0.11819  -1.37230
  3.30827   0.00000  -0.52194   0.00000  -0.52194   0.51920  -1.34627   0.51920  -1.34627
  3.35840   0.00000  -0.52194   0.00000  -0.52194   0.41684  -1.32538   0.41684  -1.32538
  3.40852   0.00000  -0.52194   0.00000  -0.52194   0.48827  -1.30090   0.48827  -1.30090
  3.45865   0.00000  -0.52194   0.00000  -0.52194   0.78708  -1.26145   0.78708  -1.26145
  3.50877   0.00000  -0.52194   0.00000  -0.52194   0.14489  -1.25419   0.14489  -1.25419
  3.55890   0.00000  -0.52194   0.00000  -0.52194   0.67641  -1.22028   0.67641  -1.22028
  3.60902   0.00000  -0.52194   0.00000  -0.52194   0.61759  -1.18933   0.61759  -1.18933
  3.65915   0.00000  -0.52194   0.00000  -0.52194   0.36416  -1.17107   0.36416  -1.17107
  3.70927   0.00000  -0.52194   0.00000  -0.52194   0.67697  -1.13714   0.67697  -1.13714
  3.75940   0.00000  -0.52194   0.00000  -0.52194   1.28284  -1.07284   1.28284  -1.07284
  3.80952   0.00000  -0.52194   0.00000  -0.52194   1.51003  -0.99715   1.51003  -0.99715
  3.85965   0.00000  -0.52194   0.00000  -0.52194   1.12958  -0.94052   1.12958  -0.94052
  3.90977   0.00000  -0.52194   0.00000  -0.52194   1.13188  -0.88379   1.13188  -0.88379
  3.95990   0.00000  -0.52194   0.00000  -0.52194   0.89655  -0.83885   0.89655  -0.83885
  4.01003   0.00000  -0.52194   0.00000  -0.52194   0.67881  -0.80482   0.67881  -0.80482
  4.06015   0.00000  -0.52194   0.00000  -0.52194   0.77872  -0.76579   0.77872  -0.76579
  4.11028   0.00000  -0.52194   0.00000  -0.52194   0.86313  -0.72253   0.86313  -0.72253
  4.16040   0.00000  -0.52194   0.00000  -0.52194   0.88199  -0.67832   0.88199  -0.67832
  4.21053   0.00000  -0.52194   0.00000  -0.52194   0.63473  -0.64650   0.63473  -0.64650
  4.26065   0.00000  -0.52194   0.00000  -0.52194   0.70523  -0.61115   0.70523  -0.61115
  4.31078   0.00000  -0.52194   0.00000  -0.52194   0.46898  -0.58764   0.46898  -0.58764
  4.36090   0.00000  -0.52194   0.00000  -0.52194   0.65778  -0.55467   0.65778  -0.55467
  4.41103   0.00000  -0.52194   0.00000  -0.52194   0.73103  -0.51803   0.73103  -0.51803
  4.46115   0.00000  -0.52194   0.00000  -0.52194   0.17537  -0.50924   0.17537  -0.50924
  4.51128   0.00000  -0.52194   0.00000  -0.52194   0.00000  -0.50924   0.00000  -0.50924
  4.56140   0.00000  -0.52194   0.00000  -0.52194   0.00000  -0.50924   0.00000  -0.50924
  4.61153   0.00000  -0.52194   0.00000  -0.52194   0.00000  -0.50924   0.00000  -0.50924
  4.66165   0.00000  -0.52194   0.00000  -0.52194   0.00000  -0.50924   0.00000  -0.50924
  4.71178   0.00000  -0.52194   0.00000  -0.52194   0.00000  -0.50924   0.00000  -0.50924
  4.76190   0.00000  -0.52194   0.00000  -0.52194   0.00000  -0.50924   0.00000  -0.50924
  4.81203   0.00000  -0.52194   0.00000  -0.52194   0.00000  -0.50924   0.00000  -0.50924
  4.86216   0.00000  -0.52194   0.00000  -0.52194   0.00000  -0.50924   0.00000  -0.50924
  4.91228   0.00000  -0.52194   0.00000  -0.52194   0.00000  -0.50924   0.00000  -0.50924
  4.96241   0.00000  -0.52194   0.00000  -0.52194   0.00000  -0.50924   0.00000  -0.50924
  5.01253   0.00000  -0.52194   0.00000  -0.52194   0.00000  -0.50924   0.00000  -0.50924
  5.06266   0.00000  -0.52194   0.00000  -0.52194   0.00000  -0.50924   0.00000  -0.50924
  5.11278   0.00000  -0.52194   0.00000  -0.52194   0.00000  -0.50924   0.00000  -0.50924
  5.16291   0.00000  -0.52194   0.00000  -0.52194   0.00000  -0.50924   0.00000  -0.50924
  5.21303   0.00000  -0.52194   0.00000  -0.52194   0.00000  -0.50924   0.00000  -0.50924
  5.26316   0.00000  -0.52194   0.00000  -0.52194   0.00000  -0.50924   0.00000  -0.50924
  5.31328   0.00000  -0.52194   0.00000  -0.52194   0.00000  -0.50924   0.00000  -0.50924
  5.36341   0.00000  -0.52194   0.00000  -0.52194   0.00000  -0.50924   0.00000  -0.50924
  5.41353   0.00000  -0.52194   0.00000  -0.52194   0.00000  -0.50924   0.00000  -0.50924
  5.46366   0.00000  -0.52194   0.00000  -0.52194   0.00000  -0.50924   0.00000  -0.50924
  5.51378   0.00000  -0.52194   0.00000  -0.52194   0.00000  -0.50924   0.00000  -0.50924
  5.56391   0.00000  -0.52194   0.00000  -0.52194   0.00000  -0.50924   0.00000  -0.50924
  5.61404   0.00000  -0.52194   0.00000  -0.52194   0.00000  -0.50924   0.00000  -0.50924
  5.66416   0.00000  -0.52194   0.00000  -0.52194   0.00000  -0.50924   0.00000  -0.50924
  5.71429   0.00000  -0.52194   0.00000  -0.52194   0.00000  -0.50924   0.00000  -0.50924
  5.76441   0.00000  -0.52194   0.00000  -0.52194   0.00000  -0.50924   0.00000  -0.50924
  5.81454   0.00000  -0.52194   0.00000  -0.52194   0.00000  -0.50924   0.00000  -0.50924
  5.86466   0.00000  -0.52194   0.00000  -0.52194   0.00000  -0.50924   0.00000  -0.50924
  5.91479   0.00000  -0.52194   0.00000  -0.52194   0.00000  -0.50924   0.00000  -0.50924
  5.96491   0.00026  -0.52193   0.00026  -0.52193   0.00000  -0.50924   0.00000  -0.50924
  6.01504   0.00346  -0.52176   0.00346  -0.52176   0.00000  -0.50924   0.00000  -0.50924
  6.06516   0.00972  -0.52127   0.00972  -0.52127   0.00000  -0.50924   0.00000  -0.50924
  6.11529   0.01661  -0.52044   0.01661  -0.52044   0.00000  -0.50924   0.00000  -0.50924
  6.16541   0.01853  -0.51951   0.01853  -0.51951   0.00000  -0.50924   0.00000  -0.50924
  6.21554   0.01752  -0.51863   0.01752  -0.51863   0.00056  -0.50921   0.00056  -0.50921
  6.26566   0.01765  -0.51774   0.01765  -0.51774   0.00482  -0.50897   0.00482  -0.50897
  6.31579   0.02033  -0.51673   0.02033  -0.51673   0.01151  -0.50839   0.01151  -0.50839
  6.36591   0.02523  -0.51546   0.02523  -0.51546   0.01769  -0.50750   0.01769  -0.50750
  6.41604   0.03407  -0.51375   0.03407  -0.51375   0.01772  -0.50662   0.01772  -0.50662
  6.46617   0.04643  -0.51143   0.04643  -0.51143   0.01683  -0.50577   0.01683  -0.50577
  6.51629   0.04444  -0.50920   0.04444  -0.50920   0.01811  -0.50486   0.01811  -0.50486
  6.56642   0.04368  -0.50701   0.04368  -0.50701   0.02178  -0.50377   0.02178  -0.50377
  6.61654   0.04325  -0.50484   0.04325  -0.50484   0.02824  -0.50236   0.02824  -0.50236
  6.66667   0.04093  -0.50279   0.04093  -0.50279   0.04221  -0.50024   0.04221  -0.50024
  6.71679   0.03854  -0.50086   0.03854  -0.50086   0.04461  -0.49800   0.04461  -0.49800
  6.76692   0.03820  -0.49894   0.03820  -0.49894   0.04190  -0.49590   0.04190  -0.49590
  6.81704   0.04511  -0.49668   0.04511  -0.49668   0.04205  -0.49380   0.04205  -0.49380
  6.86717   0.04972  -0.49419   0.04972  -0.49419   0.03986  -0.49180   0.03986  -0.49180
  6.91729   0.04974  -0.49170   0.04974  -0.49170   0.03764  -0.48991   0.03764  -0.48991
  6.96742   0.05791  -0.48879   0.05791  -0.48879   0.03586  -0.48811   0.03586  -0.48811
  7.01754   0.05885  -0.48584   0.05885  -0.48584   0.04091  -0.48606   0.04091  -0.48606
  7.06767   0.05643  -0.48302   0.05643  -0.48302   0.04729  -0.48369   0.04729  -0.48369
  7.11779   0.04926  -0.48055   0.04926  -0.48055   0.04736  -0.48132   0.04736  -0.48132
  7.16792   0.04626  -0.47823   0.04626  -0.47823   0.04668  -0.47898   0.04668  -0.47898
  7.21805   0.04767  -0.47584   0.04767  -0.47584   0.05153  -0.47640   0.05153  -0.47640
  7.26817   0.04996  -0.47333   0.04996  -0.47333   0.05971  -0.47340   0.05971  -0.47340
  7.31830   0.04661  -0.47100   0.04661  -0.47100   0.05786  -0.47050   0.05786  -0.47050
  7.36842   0.04408  -0.46879   0.04408  -0.46879   0.05129  -0.46793   0.05129  -0.46793
  7.41855   0.04773  -0.46640   0.04773  -0.46640   0.04632  -0.46561   0.04632  -0.46561
  7.46867   0.03458  -0.46466   0.03458  -0.46466   0.04549  -0.46333   0.04549  -0.46333
  7.51880   0.02393  -0.46346   0.02393  -0.46346   0.05106  -0.46077   0.05106  -0.46077
  7.56892   0.02998  -0.46196   0.02998  -0.46196   0.04890  -0.45832   0.04890  -0.45832
  7.61905   0.03927  -0.45999   0.03927  -0.45999   0.04747  -0.45594   0.04747  -0.45594
  7.66917   0.03327  -0.45832   0.03327  -0.45832   0.03897  -0.45399   0.03897  -0.45399
  7.71930   0.02614  -0.45701   0.02614  -0.45701   0.02998  -0.45248   0.02998  -0.45248
  7.76942   0.03126  -0.45545   0.03126  -0.45545   0.02410  -0.45128   0.02410  -0.45128
  7.81955   0.04018  -0.45343   0.04018  -0.45343   0.03121  -0.44971   0.03121  -0.44971
  7.86967   0.04779  -0.45104   0.04779  -0.45104   0.04152  -0.44763   0.04152  -0.44763
  7.91980   0.05828  -0.44812   0.05828  -0.44812   0.02740  -0.44626   0.02740  -0.44626
  7.96992   0.05907  -0.44516   0.05907  -0.44516   0.02867  -0.44482   0.02867  -0.44482
  8.02005   0.06870  -0.44171   0.06870  -0.44171   0.04014  -0.44281   0.04014  -0.44281
  8.07018   0.08967  -0.43722   0.08967  -0.43722   0.04648  -0.44048   0.04648  -0.44048
  8.12030   0.10097  -0.43216   0.10097  -0.43216   0.04884  -0.43803   0.04884  -0.43803
  8.17043   0.10471  -0.42691   0.10471  -0.42691   0.06291  -0.43488   0.06291  -0.43488
  8.22055   0.08633  -0.42258   0.08633  -0.42258   0.08111  -0.43081   0.08111  -0.43081
  8.27068   0.09751  -0.41769   0.09751  -0.41769   0.10518  -0.42554   0.10518  -0.42554
  8.32080   0.09567  -0.41290   0.09567  -0.41290   0.11089  -0.41998   0.11089  -0.41998
  8.37093   0.08454  -0.40866   0.08454  -0.40866   0.10034  -0.41495   0.10034  -0.41495
  8.42105   0.09800  -0.40375   0.09800  -0.40375   0.10206  -0.40984   0.10206  -0.40984
  8.47118   0.12025  -0.39772   0.12025  -0.39772   0.08833  -0.40541   0.08833  -0.40541
  8.52130   0.10405  -0.39251   0.10405  -0.39251   0.08275  -0.40126   0.08275  -0.40126
  8.57143   0.07888  -0.38855   0.07888  -0.38855   0.10089  -0.39620   0.10089  -0.39620
  8.62155   0.09420  -0.38383   0.09420  -0.38383   0.10258  -0.39106   0.10258  -0.39106
  8.67168   0.09988  -0.37882   0.09988  -0.37882   0.08813  -0.38664   0.08813  -0.38664
  8.72180   0.13141  -0.37224   0.13141  -0.37224   0.09009  -0.38213   0.09009  -0.38213
  8.77193   0.15164  -0.36463   0.15164  -0.36463   0.09939  -0.37715   0.09939  -0.37715
  8.82206   0.15314  -0.35696   0.15314  -0.35696   0.11193  -0.37153   0.11193  -0.37153
  8.87218   0.17528  -0.34817   0.17528  -0.34817   0.12027  -0.36551   0.12027  -0.36551
  8.92231   0.13046  -0.34163   0.13046  -0.34163   0.12811  -0.35908   0.12811  -0.35908
  8.97243   0.13226  -0.33500   0.13226  -0.33500   0.14041  -0.35205   0.14041  -0.35205
  9.02256   0.10944  -0.32952   0.10944  -0.32952   0.14158  -0.34495   0.14158  -0.34495
  9.07268   0.09214  -0.32490   0.09214  -0.32490   0.13675  -0.33809   0.13675  -0.33809
  9.12281   0.10577  -0.31960   0.10577  -0.31960   0.15383  -0.33038   0.15383  -0.33038
  9.17293   0.08606  -0.31528   0.08606  -0.31528   0.10823  -0.32496   0.10823  -0.32496
  9.22306   0.08836  -0.31086   0.08836  -0.31086   0.08976  -0.32046   0.08976  -0.32046
  9.27318   0.08733  -0.30648   0.08733  -0.30648   0.09541  -0.31568   0.09541  -0.31568
  9.32331   0.08822  -0.30206   0.08822  -0.30206   0.07242  -0.31205   0.07242  -0.31205
  9.37343   0.09984  -0.29705   0.09984  -0.29705   0.09413  -0.30733   0.09413  -0.30733
  9.42356   0.11126  -0.29147   0.11126  -0.29147   0.10160  -0.30224   0.10160  -0.30224
  9.47368   0.09951  -0.28649   0.09951  -0.28649   0.09755  -0.29735   0.09755  -0.29735
  9.52381   0.10291  -0.28133   0.10291  -0.28133   0.10936  -0.29187   0.10936  -0.29187
  9.57393   0.13380  -0.27462   0.13380  -0.27462   0.10728  -0.28649   0.10728  -0.28649
  9.62406   0.15262  -0.26697   0.15262  -0.26697   0.10113  -0.28142   0.10113  -0.28142
  9.67419   0.12212  -0.26085   0.12212  -0.26085   0.10573  -0.27612   0.10573  -0.27612
  9.72431   0.10873  -0.25540   0.10873  -0.25540   0.14775  -0.26871   0.14775  -0.26871
  9.77444   0.13009  -0.24888   0.13009  -0.24888   0.13181  -0.26211   0.13181  -0.26211
  9.82456   0.13985  -0.24187   0.13985  -0.24187   0.09653  -0.25727   0.09653  -0.25727
  9.87469   0.12816  -0.23544   0.12816  -0.23544   0.08866  -0.25282   0.08866  -0.25282
  9.92481   0.15089  -0.22788   0.15089  -0.22788   0.13641  -0.24599   0.13641  -0.24599
  9.97494   0.15507  -0.22011   0.15507  -0.22011   0.13846  -0.23905   0.13846  -0.23905
 10.02506   0.14797  -0.21269   0.14797  -0.21269   0.12758  -0.23265   0.12758  -0.23265