ESCALE ; pCOHP file generated by LOBSTER. Energy is shifted such that the Fermi level lies at 0 eV.
         2          2        401  -5.82964e+00   1.42205e+01   4.19543e+00 
Average
No.1:Mn50->O90(1.950784038955526)
-10.02506   0.00000  -0.66856   0.00000  -0.66856   0.00000  -0.66886   0.00000  -0.66886
 -9.97494   0.00000  -0.66856   0.00000  -0.66856   0.00000  -0.66886   0.00000  -0.66886
 -9.92481   0.00000  -0.66856   0.00000  -0.66856   0.00000  -0.66886   0.00000  -0.66886
 -9.87469   0.00000  -0.66856   0.00000  -0.66856   0.00000  -0.66886   0.00000  -0.66886
 -9.82456   0.00000  -0.66856   0.00000  -0.66856   0.00000  -0.66886   0.00000  -0.66886
 -9.77444   0.00000  -0.66856   0.00000  -0.66856   0.00000  -0.66886   0.00000  -0.66886
 -9.72431   0.00000  -0.66856   0.00000  -0.66856   0.00000  -0.66886   0.00000  -0.66886
 -9.67419   0.00000  -0.66856   0.00000  -0.66856   0.00000  -0.66886   0.00000  -0.66886
 -9.62406   0.00000  -0.66856   0.00000  -0.66856   0.00000  -0.66886   0.00000  -0.66886
 -9.57393   0.00000  -0.66856   0.00000  -0.66856   0.00000  -0.66886   0.00000  -0.66886
 -9.52381   0.00000  -0.66856   0.00000  -0.66856   0.00000  -0.66886   0.00000  -0.66886
 -9.47368   0.00000  -0.66856   0.00000  -0.66856   0.00000  -0.66886   0.00000  -0.66886
 -9.42356   0.00000  -0.66856   0.00000  -0.66856   0.00000  -0.66886   0.00000  -0.66886
 -9.37343   0.00000  -0.66856   0.00000  -0.66856   0.00000  -0.66886   0.00000  -0.66886
 -9.32331   0.00000  -0.66856   0.00000  -0.66856   0.00000  -0.66886   0.00000  -0.66886
 -9.27318   0.00000  -0.66856   0.00000  -0.66856   0.00000  -0.66886   0.00000  -0.66886
 -9.22306   0.00000  -0.66856   0.00000  -0.66856   0.00000  -0.66886   0.00000  -0.66886
 -9.17293   0.00000  -0.66856   0.00000  -0.66856   0.00000  -0.66886   0.00000  -0.66886
 -9.12281   0.00000  -0.66856   0.00000  -0.66856   0.00000  -0.66886   0.00000  -0.66886
 -9.07268   0.00000  -0.66856   0.00000  -0.66856   0.00000  -0.66886   0.00000  -0.66886
 -9.02256   0.00000  -0.66856   0.00000  -0.66856   0.00000  -0.66886   0.00000  -0.66886
 -8.97243   0.00000  -0.66856   0.00000  -0.66856   0.00000  -0.66886   0.00000  -0.66886
 -8.92231   0.00000  -0.66856   0.00000  -0.66856   0.00000  -0.66886   0.00000  -0.66886
 -8.87218   0.00000  -0.66856   0.00000  -0.66856   0.00000  -0.66886   0.00000  -0.66886
 -8.82206   0.00000  -0.66856   0.00000  -0.66856   0.00000  -0.66886   0.00000  -0.66886
 -8.77193   0.00000  -0.66856   0.00000  -0.66856   0.00000  -0.66886   0.00000  -0.66886
 -8.72180   0.00000  -0.66856   0.00000  -0.66856   0.00000  -0.66886   0.00000  -0.66886
 -8.67168   0.00000  -0.66856   0.00000  -0.66856   0.00000  -0.66886   0.00000  -0.66886
 -8.62155   0.00000  -0.66856   0.00000  -0.66856   0.00000  -0.66886   0.00000  -0.66886
 -8.57143   0.00000  -0.66856   0.00000  -0.66856   0.00000  -0.66886   0.00000  -0.66886
 -8.52130   0.00000  -0.66856   0.00000  -0.66856   0.00000  -0.66886   0.00000  -0.66886
 -8.47118   0.00000  -0.66856   0.00000  -0.66856   0.00000  -0.66886   0.00000  -0.66886
 -8.42105   0.00000  -0.66856   0.00000  -0.66856   0.00000  -0.66886   0.00000  -0.66886
 -8.37093   0.00000  -0.66856   0.00000  -0.66856   0.00000  -0.66886   0.00000  -0.66886
 -8.32080   0.00000  -0.66856   0.00000  -0.66856   0.00000  -0.66886   0.00000  -0.66886
 -8.27068   0.00000  -0.66856   0.00000  -0.66856   0.00000  -0.66886   0.00000  -0.66886
 -8.22055   0.00000  -0.66856   0.00000  -0.66856   0.00000  -0.66886   0.00000  -0.66886
 -8.17043   0.00000  -0.66856   0.00000  -0.66856   0.00000  -0.66886   0.00000  -0.66886
 -8.12030   0.00000  -0.66856   0.00000  -0.66856   0.00000  -0.66886   0.00000  -0.66886
 -8.07018   0.00000  -0.66856   0.00000  -0.66856   0.00000  -0.66886   0.00000  -0.66886
 -8.02005   0.00000  -0.66856   0.00000  -0.66856   0.00000  -0.66886   0.00000  -0.66886
 -7.96992   0.00000  -0.66856   0.00000  -0.66856   0.00000  -0.66886   0.00000  -0.66886
 -7.91980   0.00000  -0.66856   0.00000  -0.66856   0.00000  -0.66886   0.00000  -0.66886
 -7.86967   0.00000  -0.66856   0.00000  -0.66856   0.00000  -0.66886   0.00000  -0.66886
 -7.81955   0.00000  -0.66856   0.00000  -0.66856   0.00000  -0.66886   0.00000  -0.66886
 -7.76942   0.00000  -0.66856   0.00000  -0.66856   0.00000  -0.66886   0.00000  -0.66886
 -7.71930   0.00000  -0.66856   0.00000  -0.66856   0.00000  -0.66886   0.00000  -0.66886
 -7.66917   0.00000  -0.66856   0.00000  -0.66856   0.00000  -0.66886   0.00000  -0.66886
 -7.61905   0.00000  -0.66856   0.00000  -0.66856   0.00000  -0.66886   0.00000  -0.66886
 -7.56892   0.00000  -0.66856   0.00000  -0.66856   0.00000  -0.66886   0.00000  -0.66886
 -7.51880   0.00000  -0.66856   0.00000  -0.66856   0.00000  -0.66886   0.00000  -0.66886
 -7.46867   0.00000  -0.66856   0.00000  -0.66856   0.00000  -0.66886   0.00000  -0.66886
 -7.41855   0.00000  -0.66856   0.00000  -0.66856   0.00000  -0.66886   0.00000  -0.66886
 -7.36842   0.00000  -0.66856   0.00000  -0.66856   0.00000  -0.66886   0.00000  -0.66886
 -7.31830   0.00000  -0.66856   0.00000  -0.66856   0.00000  -0.66886   0.00000  -0.66886
 -7.26817   0.00000  -0.66856   0.00000  -0.66856   0.00000  -0.66886   0.00000  -0.66886
 -7.21805   0.00000  -0.66856   0.00000  -0.66856   0.00000  -0.66886   0.00000  -0.66886
 -7.16792   0.00000  -0.66856   0.00000  -0.66856   0.00000  -0.66886   0.00000  -0.66886
 -7.11779   0.00000  -0.66856   0.00000  -0.66856   0.00000  -0.66886   0.00000  -0.66886
 -7.06767  -0.00356  -0.66874  -0.00356  -0.66874   0.00000  -0.66886   0.00000  -0.66886
 -7.01754  -0.05954  -0.67173  -0.05954  -0.67173   0.00000  -0.66886   0.00000  -0.66886
 -6.96742  -0.05500  -0.67448  -0.05500  -0.67448   0.00000  -0.66886   0.00000  -0.66886
 -6.91729  -0.15854  -0.68243  -0.15854  -0.68243   0.00000  -0.66886   0.00000  -0.66886
 -6.86717  -0.12117  -0.68851  -0.12117  -0.68851   0.00000  -0.66886   0.00000  -0.66886
 -6.81704  -0.09662  -0.69335  -0.09662  -0.69335   0.00000  -0.66886   0.00000  -0.66886
 -6.76692  -0.09681  -0.69820  -0.09681  -0.69820   0.00000  -0.66886   0.00000  -0.66886
 -6.71679  -0.17342  -0.70689  -0.17342  -0.70689   0.00000  -0.66886   0.00000  -0.66886
 -6.66667  -0.31746  -0.72281  -0.31746  -0.72281   0.00000  -0.66886   0.00000  -0.66886
 -6.61654  -0.26230  -0.73595  -0.26230  -0.73595   0.00000  -0.66886   0.00000  -0.66886
 -6.56642  -0.31156  -0.75157  -0.31156  -0.75157   0.00000  -0.66886   0.00000  -0.66886
 -6.51629  -0.35757  -0.76949  -0.35757  -0.76949   0.00000  -0.66886   0.00000  -0.66886
 -6.46617  -0.44360  -0.79173  -0.44360  -0.79173   0.00000  -0.66886   0.00000  -0.66886
 -6.41604  -0.47661  -0.81562  -0.47661  -0.81562   0.00000  -0.66886   0.00000  -0.66886
 -6.36591  -0.37988  -0.83466  -0.37988  -0.83466   0.00000  -0.66886   0.00000  -0.66886
 -6.31579  -0.50448  -0.85995  -0.50448  -0.85995   0.00000  -0.66886   0.00000  -0.66886
 -6.26566  -0.42523  -0.88126  -0.42523  -0.88126   0.00000  -0.66886   0.00000  -0.66886
 -6.21554  -0.34901  -0.89876  -0.34901  -0.89876   0.00000  -0.66886   0.00000  -0.66886
 -6.16541  -0.26130  -0.91186  -0.26130  -0.91186   0.00000  -0.66886   0.00000  -0.66886
 -6.11529  -0.22137  -0.92295  -0.22137  -0.92295   0.00000  -0.66886   0.00000  -0.66886
 -6.06516  -0.32208  -0.93910  -0.32208  -0.93910   0.00000  -0.66886   0.00000  -0.66886
 -6.01504  -0.32160  -0.95522  -0.32160  -0.95522   0.00000  -0.66886   0.00000  -0.66886
 -5.96491  -0.20364  -0.96543  -0.20364  -0.96543   0.00000  -0.66886   0.00000  -0.66886
 -5.91479  -0.44479  -0.98772  -0.44479  -0.98772   0.00000  -0.66886   0.00000  -0.66886
 -5.86466  -0.31266  -1.00339  -0.31266  -1.00339   0.00000  -0.66886   0.00000  -0.66886
 -5.81454  -0.21907  -1.01437  -0.21907  -1.01437   0.00000  -0.66886   0.00000  -0.66886
 -5.76441  -0.25304  -1.02706  -0.25304  -1.02706   0.00000  -0.66886   0.00000  -0.66886
 -5.71429  -0.31423  -1.04281  -0.31423  -1.04281  -0.00539  -0.66913  -0.00539  -0.66913
 -5.66416  -0.12902  -1.04928  -0.12902  -1.04928  -0.15944  -0.67712  -0.15944  -0.67712
 -5.61404  -0.15209  -1.05690  -0.15209  -1.05690  -0.18640  -0.68646  -0.18640  -0.68646
 -5.56391  -0.14585  -1.06421  -0.14585  -1.06421  -0.24109  -0.69855  -0.24109  -0.69855
 -5.51378  -0.10254  -1.06935  -0.10254  -1.06935  -0.16558  -0.70685  -0.16558  -0.70685
 -5.46366  -0.09198  -1.07396  -0.09198  -1.07396  -0.16231  -0.71498  -0.16231  -0.71498
 -5.41353  -0.19063  -1.08352  -0.19063  -1.08352  -0.12942  -0.72147  -0.12942  -0.72147
 -5.36341  -0.20079  -1.09358  -0.20079  -1.09358  -0.11701  -0.72734  -0.11701  -0.72734
 -5.31328  -0.26141  -1.10668  -0.26141  -1.10668  -0.06882  -0.73079  -0.06882  -0.73079
 -5.26316  -0.79908  -1.14674  -0.79908  -1.14674  -0.09333  -0.73546  -0.09333  -0.73546
 -5.21303  -0.63978  -1.17881  -0.63978  -1.17881  -0.13806  -0.74239  -0.13806  -0.74239
 -5.16291  -0.54049  -1.20590  -0.54049  -1.20590  -0.15279  -0.75004  -0.15279  -0.75004
 -5.11278  -0.46525  -1.22922  -0.46525  -1.22922  -0.20720  -0.76043  -0.20720  -0.76043
 -5.06266  -0.46172  -1.25236  -0.46172  -1.25236  -0.27325  -0.77413  -0.27325  -0.77413
 -5.01253  -0.29395  -1.26710  -0.29395  -1.26710  -0.26881  -0.78760  -0.26881  -0.78760
 -4.96241  -0.20228  -1.27724  -0.20228  -1.27724  -0.30388  -0.80283  -0.30388  -0.80283
 -4.91228  -0.22641  -1.28859  -0.22641  -1.28859  -0.33888  -0.81982  -0.33888  -0.81982
 -4.86216  -0.19771  -1.29850  -0.19771  -1.29850  -0.36546  -0.83814  -0.36546  -0.83814
 -4.81203  -0.17546  -1.30729  -0.17546  -1.30729  -0.31295  -0.85382  -0.31295  -0.85382
 -4.76190  -0.13089  -1.31385  -0.13089  -1.31385  -0.25743  -0.86673  -0.25743  -0.86673
 -4.71178  -0.13163  -1.32045  -0.13163  -1.32045  -0.35663  -0.88460  -0.35663  -0.88460
 -4.66165  -0.10589  -1.32576  -0.10589  -1.32576  -0.33972  -0.90163  -0.33972  -0.90163
 -4.61153  -0.10888  -1.33122  -0.10888  -1.33122  -0.25858  -0.91459  -0.25858  -0.91459
 -4.56140  -0.12528  -1.33750  -0.12528  -1.33750  -0.21043  -0.92514  -0.21043  -0.92514
 -4.51128  -0.16830  -1.34593  -0.16830  -1.34593  -0.20813  -0.93557  -0.20813  -0.93557
 -4.46115  -0.13670  -1.35278  -0.13670  -1.35278  -0.16928  -0.94406  -0.16928  -0.94406
 -4.41103  -0.17661  -1.36164  -0.17661  -1.36164  -0.23863  -0.95602  -0.23863  -0.95602
 -4.36090  -0.22909  -1.37312  -0.22909  -1.37312  -0.25534  -0.96882  -0.25534  -0.96882
 -4.31078  -0.36136  -1.39123  -0.36136  -1.39123  -0.22788  -0.98024  -0.22788  -0.98024
 -4.26065  -0.28873  -1.40571  -0.28873  -1.40571  -0.13935  -0.98723  -0.13935  -0.98723
 -4.21053  -0.28655  -1.42007  -0.28655  -1.42007  -0.18609  -0.99656  -0.18609  -0.99656
 -4.16040  -0.23441  -1.43182  -0.23441  -1.43182  -0.21030  -1.00710  -0.21030  -1.00710
 -4.11028  -0.14947  -1.43931  -0.14947  -1.43931  -0.23708  -1.01898  -0.23708  -1.01898
 -4.06015  -0.05306  -1.44197  -0.05306  -1.44197  -0.33235  -1.03564  -0.33235  -1.03564
 -4.01003   0.03304  -1.44031   0.03304  -1.44031  -0.35060  -1.05321  -0.35060  -1.05321
 -3.95990   0.01272  -1.43968   0.01272  -1.43968  -0.36736  -1.07163  -0.36736  -1.07163
 -3.90977   0.00047  -1.43965   0.00047  -1.43965  -0.39970  -1.09166  -0.39970  -1.09166
 -3.85965   0.00936  -1.43918   0.00936  -1.43918  -0.30024  -1.10671  -0.30024  -1.10671
 -3.80952   0.03434  -1.43746   0.03434  -1.43746  -0.34151  -1.12383  -0.34151  -1.12383
 -3.75940   0.00831  -1.43705   0.00831  -1.43705  -0.25247  -1.13649  -0.25247  -1.13649
 -3.70927   0.00940  -1.43658   0.00940  -1.43658  -0.22613  -1.14782  -0.22613  -1.14782
 -3.65915  -0.01857  -1.43751  -0.01857  -1.43751  -0.18180  -1.15693  -0.18180  -1.15693
 -3.60902  -0.03525  -1.43927  -0.03525  -1.43927  -0.15174  -1.16454  -0.15174  -1.16454
 -3.55890  -0.02905  -1.44073  -0.02905  -1.44073  -0.14142  -1.17163  -0.14142  -1.17163
 -3.50877  -0.01941  -1.44170  -0.01941  -1.44170  -0.15982  -1.17964  -0.15982  -1.17964
 -3.45865  -0.06001  -1.44471  -0.06001  -1.44471  -0.24296  -1.19182  -0.24296  -1.19182
 -3.40852  -0.05655  -1.44754  -0.05655  -1.44754  -0.25845  -1.20477  -0.25845  -1.20477
 -3.35840  -0.03742  -1.44942  -0.03742  -1.44942  -0.41371  -1.22551  -0.41371  -1.22551
 -3.30827  -0.03600  -1.45122  -0.03600  -1.45122  -0.19577  -1.23532  -0.19577  -1.23532
 -3.25815  -0.00376  -1.45141  -0.00376  -1.45141  -0.17237  -1.24396  -0.17237  -1.24396
 -3.20802  -0.03547  -1.45319  -0.03547  -1.45319  -0.30531  -1.25927  -0.30531  -1.25927
 -3.15789  -0.05381  -1.45589  -0.05381  -1.45589  -0.37571  -1.27810  -0.37571  -1.27810
 -3.10777   0.00700  -1.45554   0.00700  -1.45554  -0.38602  -1.29745  -0.38602  -1.29745
 -3.05764   0.07942  -1.45156   0.07942  -1.45156  -0.32733  -1.31386  -0.32733  -1.31386
 -3.00752   0.06186  -1.44846   0.06186  -1.44846  -0.24884  -1.32633  -0.24884  -1.32633
 -2.95739   0.09025  -1.44393   0.09025  -1.44393  -0.15295  -1.33400  -0.15295  -1.33400
 -2.90727   0.07381  -1.44023   0.07381  -1.44023  -0.10705  -1.33936  -0.10705  -1.33936
 -2.85714   0.10029  -1.43520   0.10029  -1.43520  -0.09076  -1.34391  -0.09076  -1.34391
 -2.80702   0.12893  -1.42874   0.12893  -1.42874  -0.05407  -1.34662  -0.05407  -1.34662
 -2.75689   0.20364  -1.41853   0.20364  -1.41853  -0.03849  -1.34855  -0.03849  -1.34855
 -2.70677   0.23168  -1.40692   0.23168  -1.40692  -0.03826  -1.35047  -0.03826  -1.35047
 -2.65664   0.23909  -1.39494   0.23909  -1.39494  -0.02214  -1.35158  -0.02214  -1.35158
 -2.60652   0.18465  -1.38568   0.18465  -1.38568  -0.03779  -1.35347  -0.03779  -1.35347
 -2.55639   0.14350  -1.37849   0.14350  -1.37849  -0.01233  -1.35409  -0.01233  -1.35409
 -2.50627   0.13449  -1.37175   0.13449  -1.37175  -0.03741  -1.35597  -0.03741  -1.35597
 -2.45614   0.12357  -1.36555   0.12357  -1.36555  -0.02678  -1.35731  -0.02678  -1.35731
 -2.40602   0.11282  -1.35990   0.11282  -1.35990  -0.01698  -1.35816  -0.01698  -1.35816
 -2.35589   0.15861  -1.35195   0.15861  -1.35195  -0.04574  -1.36045  -0.04574  -1.36045
 -2.30576   0.14118  -1.34487   0.14118  -1.34487  -0.07430  -1.36418  -0.07430  -1.36418
 -2.25564   0.10183  -1.33977   0.10183  -1.33977  -0.04704  -1.36653  -0.04704  -1.36653
 -2.20551   0.12702  -1.33340   0.12702  -1.33340  -0.03695  -1.36839  -0.03695  -1.36839
 -2.15539   0.22814  -1.32196   0.22814  -1.32196  -0.01984  -1.36938  -0.01984  -1.36938
 -2.10526   0.19679  -1.31210   0.19679  -1.31210  -0.01281  -1.37002  -0.01281  -1.37002
 -2.05514   0.17150  -1.30350   0.17150  -1.30350  -0.04576  -1.37232  -0.04576  -1.37232
 -2.00501   0.16039  -1.29546   0.16039  -1.29546  -0.05517  -1.37508  -0.05517  -1.37508
 -1.95489   0.18093  -1.28639   0.18093  -1.28639  -0.04660  -1.37742  -0.04660  -1.37742
 -1.90476   0.16862  -1.27794   0.16862  -1.27794  -0.06720  -1.38079  -0.06720  -1.38079
 -1.85464   0.15598  -1.27012   0.15598  -1.27012  -0.07123  -1.38436  -0.07123  -1.38436
 -1.80451   0.13151  -1.26353   0.13151  -1.26353  -0.06052  -1.38739  -0.06052  -1.38739
 -1.75439   0.10451  -1.25829   0.10451  -1.25829  -0.03079  -1.38893  -0.03079  -1.38893
 -1.70426   0.13785  -1.25138   0.13785  -1.25138  -0.03540  -1.39071  -0.03540  -1.39071
 -1.65414   0.13410  -1.24466   0.13410  -1.24466   0.00039  -1.39069   0.00039  -1.39069
 -1.60401   0.16007  -1.23664   0.16007  -1.23664   0.01876  -1.38975   0.01876  -1.38975
 -1.55388   0.12920  -1.23016   0.12920  -1.23016   0.01841  -1.38883   0.01841  -1.38883
 -1.50376   0.09693  -1.22530   0.09693  -1.22530   0.02587  -1.38753   0.02587  -1.38753
 -1.45363   0.11293  -1.21964   0.11293  -1.21964   0.05314  -1.38487   0.05314  -1.38487
 -1.40351   0.18257  -1.21049   0.18257  -1.21049   0.04719  -1.38250   0.04719  -1.38250
 -1.35338   0.13478  -1.20374   0.13478  -1.20374   0.03432  -1.38078   0.03432  -1.38078
 -1.30326   0.15146  -1.19614   0.15146  -1.19614   0.00030  -1.38077   0.00030  -1.38077
 -1.25313   0.08664  -1.19180   0.08664  -1.19180   0.00220  -1.38066   0.00220  -1.38066
 -1.20301   0.07685  -1.18795   0.07685  -1.18795   0.00900  -1.38020   0.00900  -1.38020
 -1.15288   0.06903  -1.18449   0.06903  -1.18449  -0.00415  -1.38041  -0.00415  -1.38041
 -1.10276   0.04869  -1.18205   0.04869  -1.18205  -0.01365  -1.38110  -0.01365  -1.38110
 -1.05263   0.05654  -1.17921   0.05654  -1.17921  -0.01669  -1.38193  -0.01669  -1.38193
 -1.00251   0.06392  -1.17601   0.06392  -1.17601  -0.02621  -1.38325  -0.02621  -1.38325
 -0.95238   0.03783  -1.17411   0.03783  -1.17411  -0.01559  -1.38403  -0.01559  -1.38403
 -0.90226   0.02744  -1.17274   0.02744  -1.17274  -0.01438  -1.38475  -0.01438  -1.38475
 -0.85213   0.07149  -1.16915   0.07149  -1.16915  -0.02405  -1.38595  -0.02405  -1.38595
 -0.80201   0.04686  -1.16680   0.04686  -1.16680  -0.03398  -1.38766  -0.03398  -1.38766
 -0.75188   0.05155  -1.16422   0.05155  -1.16422  -0.04250  -1.38979  -0.04250  -1.38979
 -0.70175   0.03860  -1.16229   0.03860  -1.16229  -0.04326  -1.39196  -0.04326  -1.39196
 -0.65163   0.01762  -1.16140   0.01762  -1.16140   0.00244  -1.39183   0.00244  -1.39183
 -0.60150   0.02546  -1.16013   0.02546  -1.16013   0.00000  -1.39183   0.00000  -1.39183
 -0.55138   0.02041  -1.15910   0.02041  -1.15910   0.00000  -1.39183   0.00000  -1.39183
 -0.50125   0.06930  -1.15563   0.06930  -1.15563   0.00000  -1.39183   0.00000  -1.39183
 -0.45113   0.09763  -1.15074   0.09763  -1.15074   0.00000  -1.39183   0.00000  -1.39183
 -0.40100  -0.00661  -1.15107  -0.00661  -1.15107   0.00000  -1.39183   0.00000  -1.39183
 -0.35088  -0.00210  -1.15117  -0.00210  -1.15117   0.00000  -1.39183   0.00000  -1.39183
 -0.30075   0.00326  -1.15101   0.00326  -1.15101   0.00000  -1.39183   0.00000  -1.39183
 -0.25063   0.03500  -1.14926   0.03500  -1.14926   0.00000  -1.39183   0.00000  -1.39183
 -0.20050   0.04457  -1.14702   0.04457  -1.14702   0.00000  -1.39183   0.00000  -1.39183
 -0.15038   0.00984  -1.14653   0.00984  -1.14653   0.00000  -1.39183   0.00000  -1.39183
 -0.10025   0.01271  -1.14589   0.01271  -1.14589   0.00000  -1.39183   0.00000  -1.39183
 -0.05013  -0.00722  -1.14625  -0.00722  -1.14625   0.00000  -1.39183   0.00000  -1.39183
  0.00000  -0.04020  -1.14827  -0.04020  -1.14827   0.00000  -1.39183   0.00000  -1.39183
  0.05013   0.00000  -1.14827   0.00000  -1.14827   0.00000  -1.39183   0.00000  -1.39183
  0.10025   0.00000  -1.14827   0.00000  -1.14827   0.00000  -1.39183   0.00000  -1.39183
  0.15038   0.00000  -1.14827   0.00000  -1.14827   0.00000  -1.39183   0.00000  -1.39183
  0.20050   0.00000  -1.14827   0.00000  -1.14827   0.00000  -1.39183   0.00000  -1.39183
  0.25063   0.00000  -1.14827   0.00000  -1.14827   0.00000  -1.39183   0.00000  -1.39183
  0.30075   0.00000  -1.14827   0.00000  -1.14827   0.00000  -1.39183   0.00000  -1.39183
  0.35088   0.00000  -1.14827   0.00000  -1.14827   0.00000  -1.39183   0.00000  -1.39183
  0.40100   0.00000  -1.14827   0.00000  -1.14827   0.00000  -1.39183   0.00000  -1.39183
  0.45113   0.00000  -1.14827   0.00000  -1.14827   0.00000  -1.39183   0.00000  -1.39183
  0.50125   0.00000  -1.14827   0.00000  -1.14827   0.00000  -1.39183   0.00000  -1.39183
  0.55138   0.00000  -1.14827   0.00000  -1.14827   0.00000  -1.39183   0.00000  -1.39183
  0.60150   0.00000  -1.14827   0.00000  -1.14827   0.00000  -1.39183   0.00000  -1.39183
  0.65163   0.00000  -1.14827   0.00000  -1.14827   0.00000  -1.39183   0.00000  -1.39183
  0.70175   0.00000  -1.14827   0.00000  -1.14827   0.00000  -1.39183   0.00000  -1.39183
  0.75188   0.00000  -1.14827   0.00000  -1.14827   0.00000  -1.39183   0.00000  -1.39183
  0.80201   0.00000  -1.14827   0.00000  -1.14827   0.00000  -1.39183   0.00000  -1.39183
  0.85213   0.00000  -1.14827   0.00000  -1.14827   0.00000  -1.39183   0.00000  -1.39183
  0.90226   0.00000  -1.14827   0.00000  -1.14827   0.00000  -1.39183   0.00000  -1.39183
  0.95238   0.00000  -1.14827   0.00000  -1.14827   0.00000  -1.39183   0.00000  -1.39183
  1.00251   0.00635  -1.14795   0.00635  -1.14795   0.00000  -1.39183   0.00000  -1.39183
  1.05263   0.02924  -1.14648   0.02924  -1.14648   0.00000  -1.39183   0.00000  -1.39183
  1.10276   0.13879  -1.13953   0.13879  -1.13953   0.00000  -1.39183   0.00000  -1.39183
  1.15288   0.28419  -1.12528   0.28419  -1.12528   0.00000  -1.39183   0.00000  -1.39183
  1.20301   0.26105  -1.11220   0.26105  -1.11220   0.00000  -1.39183   0.00000  -1.39183
  1.25313   0.37283  -1.09351   0.37283  -1.09351   0.00000  -1.39183   0.00000  -1.39183
  1.30326   0.41948  -1.07248   0.41948  -1.07248   0.00000  -1.39183   0.00000  -1.39183
  1.35338   0.90404  -1.02717   0.90404  -1.02717   0.00000  -1.39183   0.00000  -1.39183
  1.40351   1.43367  -0.95530   1.43367  -0.95530   0.00000  -1.39183   0.00000  -1.39183
  1.45363   1.13888  -0.89822   1.13888  -0.89822   0.00000  -1.39183   0.00000  -1.39183
  1.50376   0.65006  -0.86563   0.65006  -0.86563   0.00000  -1.39183   0.00000  -1.39183
  1.55388   0.44390  -0.84338   0.44390  -0.84338   0.00000  -1.39183   0.00000  -1.39183
  1.60401   0.34090  -0.82629   0.34090  -0.82629   0.00000  -1.39183   0.00000  -1.39183
  1.65414   0.32806  -0.80985   0.32806  -0.80985   0.00000  -1.39183   0.00000  -1.39183
  1.70426   0.28636  -0.79550   0.28636  -0.79550   0.00000  -1.39183   0.00000  -1.39183
  1.75439   0.37491  -0.77670   0.37491  -0.77670   0.00000  -1.39183   0.00000  -1.39183
  1.80451   0.62493  -0.74538   0.62493  -0.74538   0.00000  -1.39183   0.00000  -1.39183
  1.85464   0.66966  -0.71181   0.66966  -0.71181   0.00000  -1.39183   0.00000  -1.39183
  1.90476   1.00249  -0.66156   1.00249  -0.66156   0.00000  -1.39183   0.00000  -1.39183
  1.95489   0.85027  -0.61894   0.85027  -0.61894   0.00000  -1.39183   0.00000  -1.39183
  2.00501   0.49942  -0.59391   0.49942  -0.59391   0.00000  -1.39183   0.00000  -1.39183
  2.05514   0.25083  -0.58133   0.25083  -0.58133   0.00000  -1.39183   0.00000  -1.39183
  2.10526   0.56562  -0.55298   0.56562  -0.55298   0.00000  -1.39183   0.00000  -1.39183
  2.15539   0.33989  -0.53595   0.33989  -0.53595   0.00000  -1.39183   0.00000  -1.39183
  2.20551   0.06148  -0.53286   0.06148  -0.53286   0.00000  -1.39183   0.00000  -1.39183
  2.25564   0.00000  -0.53286   0.00000  -0.53286   0.00000  -1.39183   0.00000  -1.39183
  2.30576   0.00000  -0.53286   0.00000  -0.53286   0.00000  -1.39183   0.00000  -1.39183
  2.35589   0.00000  -0.53286   0.00000  -0.53286   0.00000  -1.39183   0.00000  -1.39183
  2.40602   0.00000  -0.53286   0.00000  -0.53286   0.00000  -1.39183   0.00000  -1.39183
  2.45614   0.00000  -0.53286   0.00000  -0.53286   0.00000  -1.39183   0.00000  -1.39183
  2.50627   0.00000  -0.53286   0.00000  -0.53286   0.00000  -1.39183   0.00000  -1.39183
  2.55639   0.00000  -0.53286   0.00000  -0.53286   0.00000  -1.39183   0.00000  -1.39183
  2.60652   0.00000  -0.53286   0.00000  -0.53286   0.03059  -1.39030   0.03059  -1.39030
  2.65664   0.00000  -0.53286   0.00000  -0.53286   0.06184  -1.38720   0.06184  -1.38720
  2.70677   0.00000  -0.53286   0.00000  -0.53286   0.08473  -1.38295   0.08473  -1.38295
  2.75689   0.00000  -0.53286   0.00000  -0.53286   0.09006  -1.37844   0.09006  -1.37844
  2.80702   0.00000  -0.53286   0.00000  -0.53286   0.08294  -1.37428   0.08294  -1.37428
  2.85714   0.00000  -0.53286   0.00000  -0.53286   0.08494  -1.37002   0.08494  -1.37002
  2.90727   0.00000  -0.53286   0.00000  -0.53286   0.08483  -1.36577   0.08483  -1.36577
  2.95739   0.00000  -0.53286   0.00000  -0.53286   0.06198  -1.36267   0.06198  -1.36267
  3.00752   0.00000  -0.53286   0.00000  -0.53286   0.13903  -1.35570   0.13903  -1.35570
  3.05764   0.00000  -0.53286   0.00000  -0.53286   0.13899  -1.34873   0.13899  -1.34873
  3.10777   0.00000  -0.53286   0.00000  -0.53286   0.15822  -1.34080   0.15822  -1.34080
  3.15789   0.00000  -0.53286   0.00000  -0.53286   0.26424  -1.32755   0.26424  -1.32755
  3.20802   0.00000  -0.53286   0.00000  -0.53286   0.14734  -1.32017   0.14734  -1.32017
  3.25815   0.00000  -0.53286   0.00000  -0.53286   0.22650  -1.30881   0.22650  -1.30881
  3.30827   0.00000  -0.53286   0.00000  -0.53286   0.40676  -1.28843   0.40676  -1.28843
  3.35840   0.00000  -0.53286   0.00000  -0.53286   0.42991  -1.26688   0.42991  -1.26688
  3.40852   0.00000  -0.53286   0.00000  -0.53286   0.33269  -1.25020   0.33269  -1.25020
  3.45865   0.00000  -0.53286   0.00000  -0.53286   0.52697  -1.22379   0.52697  -1.22379
  3.50877   0.00000  -0.53286   0.00000  -0.53286   0.09898  -1.21882   0.09898  -1.21882
  3.55890   0.00000  -0.53286   0.00000  -0.53286   0.51235  -1.19314   0.51235  -1.19314
  3.60902   0.00000  -0.53286   0.00000  -0.53286   0.48463  -1.16885   0.48463  -1.16885
  3.65915   0.00000  -0.53286   0.00000  -0.53286   0.30670  -1.15348   0.30670  -1.15348
  3.70927   0.00000  -0.53286   0.00000  -0.53286   0.64266  -1.12126   0.64266  -1.12126
  3.75940   0.00000  -0.53286   0.00000  -0.53286   1.23625  -1.05930   1.23625  -1.05930
  3.80952   0.00000  -0.53286   0.00000  -0.53286   1.58978  -0.97961   1.58978  -0.97961
  3.85965   0.00000  -0.53286   0.00000  -0.53286   1.25420  -0.91674   1.25420  -0.91674
  3.90977   0.00000  -0.53286   0.00000  -0.53286   1.12443  -0.86038   1.12443  -0.86038
  3.95990   0.00000  -0.53286   0.00000  -0.53286   0.81084  -0.81973   0.81084  -0.81973
  4.01003   0.00000  -0.53286   0.00000  -0.53286   0.59726  -0.78980   0.59726  -0.78980
  4.06015   0.00000  -0.53286   0.00000  -0.53286   0.89780  -0.74479   0.89780  -0.74479
  4.11028   0.00000  -0.53286   0.00000  -0.53286   0.98900  -0.69522   0.98900  -0.69522
  4.16040   0.00000  -0.53286   0.00000  -0.53286   0.55044  -0.66763   0.55044  -0.66763
  4.21053   0.00000  -0.53286   0.00000  -0.53286   0.45006  -0.64507   0.45006  -0.64507
  4.26065   0.00000  -0.53286   0.00000  -0.53286   0.47725  -0.62115   0.47725  -0.62115
  4.31078   0.00000  -0.53286   0.00000  -0.53286   0.37150  -0.60253   0.37150  -0.60253
  4.36090   0.00000  -0.53286   0.00000  -0.53286   0.57851  -0.57353   0.57851  -0.57353
  4.41103   0.00000  -0.53286   0.00000  -0.53286   0.78998  -0.53393   0.78998  -0.53393
  4.46115   0.00000  -0.53286   0.00000  -0.53286   0.36729  -0.51552   0.36729  -0.51552
  4.51128   0.00000  -0.53286   0.00000  -0.53286   0.00000  -0.51552   0.00000  -0.51552
  4.56140   0.00000  -0.53286   0.00000  -0.53286   0.00000  -0.51552   0.00000  -0.51552
  4.61153   0.00000  -0.53286   0.00000  -0.53286   0.00000  -0.51552   0.00000  -0.51552
  4.66165   0.00000  -0.53286   0.00000  -0.53286   0.00000  -0.51552   0.00000  -0.51552
  4.71178   0.00000  -0.53286   0.00000  -0.53286   0.00000  -0.51552   0.00000  -0.51552
  4.76190   0.00000  -0.53286   0.00000  -0.53286   0.00000  -0.51552   0.00000  -0.51552
  4.81203   0.00000  -0.53286   0.00000  -0.53286   0.00000  -0.51552   0.00000  -0.51552
  4.86216   0.00000  -0.53286   0.00000  -0.53286   0.00000  -0.51552   0.00000  -0.51552
  4.91228   0.00000  -0.53286   0.00000  -0.53286   0.00000  -0.51552   0.00000  -0.51552
  4.96241   0.00000  -0.53286   0.00000  -0.53286   0.00000  -0.51552   0.00000  -0.51552
  5.01253   0.00000  -0.53286   0.00000  -0.53286   0.00000  -0.51552   0.00000  -0.51552
  5.06266   0.00000  -0.53286   0.00000  -0.53286   0.00000  -0.51552   0.00000  -0.51552
  5.11278   0.00000  -0.53286   0.00000  -0.53286   0.00000  -0.51552   0.00000  -0.51552
  5.16291   0.00000  -0.53286   0.00000  -0.53286   0.00000  -0.51552   0.00000  -0.51552
  5.21303   0.00000  -0.53286   0.00000  -0.53286   0.00000  -0.51552   0.00000  -0.51552
  5.26316   0.00000  -0.53286   0.00000  -0.53286   0.00000  -0.51552   0.00000  -0.51552
  5.31328   0.00000  -0.53286   0.00000  -0.53286   0.00000  -0.51552   0.00000  -0.51552
  5.36341   0.00000  -0.53286   0.00000  -0.53286   0.00000  -0.51552   0.00000  -0.51552
  5.41353   0.00000  -0.53286   0.00000  -0.53286   0.00000  -0.51552   0.00000  -0.51552
  5.46366   0.00000  -0.53286   0.00000  -0.53286   0.00000  -0.51552   0.00000  -0.51552
  5.51378   0.00000  -0.53286   0.00000  -0.53286   0.00000  -0.51552   0.00000  -0.51552
  5.56391   0.00000  -0.53286   0.00000  -0.53286   0.00000  -0.51552   0.00000  -0.51552
  5.61404   0.00000  -0.53286   0.00000  -0.53286   0.00000  -0.51552   0.00000  -0.51552
  5.66416   0.00000  -0.53286   0.00000  -0.53286   0.00000  -0.51552   0.00000  -0.51552
  5.71429   0.00000  -0.53286   0.00000  -0.53286   0.00000  -0.51552   0.00000  -0.51552
  5.76441   0.00000  -0.53286   0.00000  -0.53286   0.00000  -0.51552   0.00000  -0.51552
  5.81454   0.00000  -0.53286   0.00000  -0.53286   0.00000  -0.51552   0.00000  -0.51552
  5.86466   0.00000  -0.53286   0.00000  -0.53286   0.00000  -0.51552   0.00000  -0.51552
  5.91479   0.00000  -0.53286   0.00000  -0.53286   0.00000  -0.51552   0.00000  -0.51552
  5.96491   0.00030  -0.53285   0.00030  -0.53285   0.00000  -0.51552   0.00000  -0.51552
  6.01504   0.00404  -0.53265   0.00404  -0.53265   0.00000  -0.51552   0.00000  -0.51552
  6.06516   0.01136  -0.53208   0.01136  -0.53208   0.00000  -0.51552   0.00000  -0.51552
  6.11529   0.01945  -0.53110   0.01945  -0.53110   0.00000  -0.51552   0.00000  -0.51552
  6.16541   0.02182  -0.53001   0.02182  -0.53001   0.00000  -0.51552   0.00000  -0.51552
  6.21554   0.02083  -0.52896   0.02083  -0.52896   0.00062  -0.51549   0.00062  -0.51549
  6.26566   0.02101  -0.52791   0.02101  -0.52791   0.00541  -0.51522   0.00541  -0.51522
  6.31579   0.02381  -0.52672   0.02381  -0.52672   0.01296  -0.51457   0.01296  -0.51457
  6.36591   0.02889  -0.52527   0.02889  -0.52527   0.02004  -0.51356   0.02004  -0.51356
  6.41604   0.03783  -0.52337   0.03783  -0.52337   0.02029  -0.51255   0.02029  -0.51255
  6.46617   0.04903  -0.52092   0.04903  -0.52092   0.01948  -0.51157   0.01948  -0.51157
  6.51629   0.04550  -0.51863   0.04550  -0.51863   0.02075  -0.51053   0.02075  -0.51053
  6.56642   0.04332  -0.51646   0.04332  -0.51646   0.02428  -0.50931   0.02428  -0.50931
  6.61654   0.04299  -0.51431   0.04299  -0.51431   0.03054  -0.50778   0.03054  -0.50778
  6.66667   0.04153  -0.51223   0.04153  -0.51223   0.04308  -0.50562   0.04308  -0.50562
  6.71679   0.03996  -0.51022   0.03996  -0.51022   0.04389  -0.50342   0.04389  -0.50342
  6.76692   0.04002  -0.50822   0.04002  -0.50822   0.04002  -0.50142   0.04002  -0.50142
  6.81704   0.04545  -0.50594   0.04545  -0.50594   0.03965  -0.49943   0.03965  -0.49943
  6.86717   0.04869  -0.50350   0.04869  -0.50350   0.03847  -0.49750   0.03847  -0.49750
  6.91729   0.04946  -0.50102   0.04946  -0.50102   0.03717  -0.49564   0.03717  -0.49564
  6.96742   0.06183  -0.49792   0.06183  -0.49792   0.03616  -0.49383   0.03616  -0.49383
  7.01754   0.06410  -0.49471   0.06410  -0.49471   0.03995  -0.49182   0.03995  -0.49182
  7.06767   0.06130  -0.49164   0.06130  -0.49164   0.04420  -0.48961   0.04420  -0.48961
  7.11779   0.05226  -0.48902   0.05226  -0.48902   0.04464  -0.48737   0.04464  -0.48737
  7.16792   0.04858  -0.48658   0.04858  -0.48658   0.04585  -0.48507   0.04585  -0.48507
  7.21805   0.04936  -0.48411   0.04936  -0.48411   0.05341  -0.48239   0.05341  -0.48239
  7.26817   0.05072  -0.48156   0.05072  -0.48156   0.06421  -0.47918   0.06421  -0.47918
  7.31830   0.04597  -0.47926   0.04597  -0.47926   0.06219  -0.47606   0.06219  -0.47606
  7.36842   0.04193  -0.47716   0.04193  -0.47716   0.05422  -0.47334   0.05422  -0.47334
  7.41855   0.04701  -0.47480   0.04701  -0.47480   0.04827  -0.47092   0.04827  -0.47092
  7.46867   0.03717  -0.47294   0.03717  -0.47294   0.04658  -0.46859   0.04658  -0.46859
  7.51880   0.03104  -0.47138   0.03104  -0.47138   0.05098  -0.46603   0.05098  -0.46603
  7.56892   0.03825  -0.46947   0.03825  -0.46947   0.04735  -0.46366   0.04735  -0.46366
  7.61905   0.04863  -0.46703   0.04863  -0.46703   0.04661  -0.46132   0.04661  -0.46132
  7.66917   0.04880  -0.46458   0.04880  -0.46458   0.04022  -0.45931   0.04022  -0.45931
  7.71930   0.04067  -0.46254   0.04067  -0.46254   0.03578  -0.45751   0.03578  -0.45751
  7.76942   0.04451  -0.46031   0.04451  -0.46031   0.03445  -0.45578   0.03445  -0.45578
  7.81955   0.05284  -0.45766   0.05284  -0.45766   0.04099  -0.45373   0.04099  -0.45373
  7.86967   0.06063  -0.45463   0.06063  -0.45463   0.05147  -0.45115   0.05147  -0.45115
  7.91980   0.07093  -0.45107   0.07093  -0.45107   0.03809  -0.44924   0.03809  -0.44924
  7.96992   0.07446  -0.44734   0.07446  -0.44734   0.03993  -0.44724   0.03993  -0.44724
  8.02005   0.09279  -0.44269   0.09279  -0.44269   0.05185  -0.44464   0.05185  -0.44464
  8.07018   0.11999  -0.43667   0.11999  -0.43667   0.05833  -0.44172   0.05833  -0.44172
  8.12030   0.11751  -0.43078   0.11751  -0.43078   0.05962  -0.43873   0.05962  -0.43873
  8.17043   0.11451  -0.42504   0.11451  -0.42504   0.07557  -0.43494   0.07557  -0.43494
  8.22055   0.10629  -0.41971   0.10629  -0.41971   0.10494  -0.42968   0.10494  -0.42968
  8.27068   0.11681  -0.41386   0.11681  -0.41386   0.12174  -0.42358   0.12174  -0.42358
  8.32080   0.11143  -0.40827   0.11143  -0.40827   0.11388  -0.41787   0.11388  -0.41787
  8.37093   0.11192  -0.40266   0.11192  -0.40266   0.11073  -0.41232   0.11073  -0.41232
  8.42105   0.10350  -0.39748   0.10350  -0.39748   0.11761  -0.40642   0.11761  -0.40642
  8.47118   0.11264  -0.39183   0.11264  -0.39183   0.09814  -0.40151   0.09814  -0.40151
  8.52130   0.09424  -0.38711   0.09424  -0.38711   0.11090  -0.39595   0.11090  -0.39595
  8.57143   0.07648  -0.38327   0.07648  -0.38327   0.11717  -0.39007   0.11717  -0.39007
  8.62155   0.10686  -0.37792   0.10686  -0.37792   0.09345  -0.38539   0.09345  -0.38539
  8.67168   0.11429  -0.37219   0.11429  -0.37219   0.08123  -0.38132   0.08123  -0.38132
  8.72180   0.13566  -0.36539   0.13566  -0.36539   0.10498  -0.37606   0.10498  -0.37606
  8.77193   0.16798  -0.35697   0.16798  -0.35697   0.10131  -0.37098   0.10131  -0.37098
  8.82206   0.13924  -0.34999   0.13924  -0.34999   0.11964  -0.36498   0.11964  -0.36498
  8.87218   0.13661  -0.34314   0.13661  -0.34314   0.13422  -0.35825   0.13422  -0.35825
  8.92231   0.12469  -0.33689   0.12469  -0.33689   0.14073  -0.35120   0.14073  -0.35120
  8.97243   0.13718  -0.33001   0.13718  -0.33001   0.13255  -0.34455   0.13255  -0.34455
  9.02256   0.10536  -0.32473   0.10536  -0.32473   0.11241  -0.33892   0.11241  -0.33892
  9.07268   0.10310  -0.31956   0.10310  -0.31956   0.12988  -0.33241   0.12988  -0.33241
  9.12281   0.13855  -0.31262   0.13855  -0.31262   0.15204  -0.32479   0.15204  -0.32479
  9.17293   0.10990  -0.30711   0.10990  -0.30711   0.09687  -0.31993   0.09687  -0.31993
  9.22306   0.10816  -0.30169   0.10816  -0.30169   0.09945  -0.31495   0.09945  -0.31495
  9.27318   0.11358  -0.29600   0.11358  -0.29600   0.11904  -0.30898   0.11904  -0.30898
  9.32331   0.10533  -0.29072   0.10533  -0.29072   0.09962  -0.30399   0.09962  -0.30399
  9.37343   0.10487  -0.28546   0.10487  -0.28546   0.10391  -0.29878   0.10391  -0.29878
  9.42356   0.10169  -0.28036   0.10169  -0.28036   0.12096  -0.29271   0.12096  -0.29271
  9.47368   0.08376  -0.27616   0.08376  -0.27616   0.12482  -0.28646   0.12482  -0.28646
  9.52381   0.09035  -0.27164   0.09035  -0.27164   0.10824  -0.28103   0.10824  -0.28103
  9.57393   0.12019  -0.26561   0.12019  -0.26561   0.09143  -0.27645   0.09143  -0.27645
  9.62406   0.12799  -0.25920   0.12799  -0.25920   0.08582  -0.27215   0.08582  -0.27215
  9.67419   0.12420  -0.25297   0.12420  -0.25297   0.09359  -0.26746   0.09359  -0.26746
  9.72431   0.12762  -0.24657   0.12762  -0.24657   0.13096  -0.26089   0.13096  -0.26089
  9.77444   0.11165  -0.24098   0.11165  -0.24098   0.11519  -0.25512   0.11519  -0.25512
  9.82456   0.11332  -0.23530   0.11332  -0.23530   0.11718  -0.24924   0.11718  -0.24924
  9.87469   0.11886  -0.22934   0.11886  -0.22934   0.11291  -0.24359   0.11291  -0.24359
  9.92481   0.14555  -0.22204   0.14555  -0.22204   0.12490  -0.23732   0.12490  -0.23732
  9.97494   0.14971  -0.21454   0.14971  -0.21454   0.11774  -0.23142   0.11774  -0.23142
 10.02506   0.13341  -0.20785   0.13341  -0.20785   0.12344  -0.22524   0.12344  -0.22524