ESCALE ; pCOHP file generated by LOBSTER. Energy is shifted such that the Fermi level lies at 0 eV.
         2          2        401  -5.82964e+00   1.42205e+01   4.19543e+00 
Average
No.1:Mn52->O102(1.936059586747058)
-10.02506   0.00000  -0.68790   0.00000  -0.68790   0.00000  -0.68575   0.00000  -0.68575
 -9.97494   0.00000  -0.68790   0.00000  -0.68790   0.00000  -0.68575   0.00000  -0.68575
 -9.92481   0.00000  -0.68790   0.00000  -0.68790   0.00000  -0.68575   0.00000  -0.68575
 -9.87469   0.00000  -0.68790   0.00000  -0.68790   0.00000  -0.68575   0.00000  -0.68575
 -9.82456   0.00000  -0.68790   0.00000  -0.68790   0.00000  -0.68575   0.00000  -0.68575
 -9.77444   0.00000  -0.68790   0.00000  -0.68790   0.00000  -0.68575   0.00000  -0.68575
 -9.72431   0.00000  -0.68790   0.00000  -0.68790   0.00000  -0.68575   0.00000  -0.68575
 -9.67419   0.00000  -0.68790   0.00000  -0.68790   0.00000  -0.68575   0.00000  -0.68575
 -9.62406   0.00000  -0.68790   0.00000  -0.68790   0.00000  -0.68575   0.00000  -0.68575
 -9.57393   0.00000  -0.68790   0.00000  -0.68790   0.00000  -0.68575   0.00000  -0.68575
 -9.52381   0.00000  -0.68790   0.00000  -0.68790   0.00000  -0.68575   0.00000  -0.68575
 -9.47368   0.00000  -0.68790   0.00000  -0.68790   0.00000  -0.68575   0.00000  -0.68575
 -9.42356   0.00000  -0.68790   0.00000  -0.68790   0.00000  -0.68575   0.00000  -0.68575
 -9.37343   0.00000  -0.68790   0.00000  -0.68790   0.00000  -0.68575   0.00000  -0.68575
 -9.32331   0.00000  -0.68790   0.00000  -0.68790   0.00000  -0.68575   0.00000  -0.68575
 -9.27318   0.00000  -0.68790   0.00000  -0.68790   0.00000  -0.68575   0.00000  -0.68575
 -9.22306   0.00000  -0.68790   0.00000  -0.68790   0.00000  -0.68575   0.00000  -0.68575
 -9.17293   0.00000  -0.68790   0.00000  -0.68790   0.00000  -0.68575   0.00000  -0.68575
 -9.12281   0.00000  -0.68790   0.00000  -0.68790   0.00000  -0.68575   0.00000  -0.68575
 -9.07268   0.00000  -0.68790   0.00000  -0.68790   0.00000  -0.68575   0.00000  -0.68575
 -9.02256   0.00000  -0.68790   0.00000  -0.68790   0.00000  -0.68575   0.00000  -0.68575
 -8.97243   0.00000  -0.68790   0.00000  -0.68790   0.00000  -0.68575   0.00000  -0.68575
 -8.92231   0.00000  -0.68790   0.00000  -0.68790   0.00000  -0.68575   0.00000  -0.68575
 -8.87218   0.00000  -0.68790   0.00000  -0.68790   0.00000  -0.68575   0.00000  -0.68575
 -8.82206   0.00000  -0.68790   0.00000  -0.68790   0.00000  -0.68575   0.00000  -0.68575
 -8.77193   0.00000  -0.68790   0.00000  -0.68790   0.00000  -0.68575   0.00000  -0.68575
 -8.72180   0.00000  -0.68790   0.00000  -0.68790   0.00000  -0.68575   0.00000  -0.68575
 -8.67168   0.00000  -0.68790   0.00000  -0.68790   0.00000  -0.68575   0.00000  -0.68575
 -8.62155   0.00000  -0.68790   0.00000  -0.68790   0.00000  -0.68575   0.00000  -0.68575
 -8.57143   0.00000  -0.68790   0.00000  -0.68790   0.00000  -0.68575   0.00000  -0.68575
 -8.52130   0.00000  -0.68790   0.00000  -0.68790   0.00000  -0.68575   0.00000  -0.68575
 -8.47118   0.00000  -0.68790   0.00000  -0.68790   0.00000  -0.68575   0.00000  -0.68575
 -8.42105   0.00000  -0.68790   0.00000  -0.68790   0.00000  -0.68575   0.00000  -0.68575
 -8.37093   0.00000  -0.68790   0.00000  -0.68790   0.00000  -0.68575   0.00000  -0.68575
 -8.32080   0.00000  -0.68790   0.00000  -0.68790   0.00000  -0.68575   0.00000  -0.68575
 -8.27068   0.00000  -0.68790   0.00000  -0.68790   0.00000  -0.68575   0.00000  -0.68575
 -8.22055   0.00000  -0.68790   0.00000  -0.68790   0.00000  -0.68575   0.00000  -0.68575
 -8.17043   0.00000  -0.68790   0.00000  -0.68790   0.00000  -0.68575   0.00000  -0.68575
 -8.12030   0.00000  -0.68790   0.00000  -0.68790   0.00000  -0.68575   0.00000  -0.68575
 -8.07018   0.00000  -0.68790   0.00000  -0.68790   0.00000  -0.68575   0.00000  -0.68575
 -8.02005   0.00000  -0.68790   0.00000  -0.68790   0.00000  -0.68575   0.00000  -0.68575
 -7.96992   0.00000  -0.68790   0.00000  -0.68790   0.00000  -0.68575   0.00000  -0.68575
 -7.91980   0.00000  -0.68790   0.00000  -0.68790   0.00000  -0.68575   0.00000  -0.68575
 -7.86967   0.00000  -0.68790   0.00000  -0.68790   0.00000  -0.68575   0.00000  -0.68575
 -7.81955   0.00000  -0.68790   0.00000  -0.68790   0.00000  -0.68575   0.00000  -0.68575
 -7.76942   0.00000  -0.68790   0.00000  -0.68790   0.00000  -0.68575   0.00000  -0.68575
 -7.71930   0.00000  -0.68790   0.00000  -0.68790   0.00000  -0.68575   0.00000  -0.68575
 -7.66917   0.00000  -0.68790   0.00000  -0.68790   0.00000  -0.68575   0.00000  -0.68575
 -7.61905   0.00000  -0.68790   0.00000  -0.68790   0.00000  -0.68575   0.00000  -0.68575
 -7.56892   0.00000  -0.68790   0.00000  -0.68790   0.00000  -0.68575   0.00000  -0.68575
 -7.51880   0.00000  -0.68790   0.00000  -0.68790   0.00000  -0.68575   0.00000  -0.68575
 -7.46867   0.00000  -0.68790   0.00000  -0.68790   0.00000  -0.68575   0.00000  -0.68575
 -7.41855   0.00000  -0.68790   0.00000  -0.68790   0.00000  -0.68575   0.00000  -0.68575
 -7.36842   0.00000  -0.68790   0.00000  -0.68790   0.00000  -0.68575   0.00000  -0.68575
 -7.31830   0.00000  -0.68790   0.00000  -0.68790   0.00000  -0.68575   0.00000  -0.68575
 -7.26817   0.00000  -0.68790   0.00000  -0.68790   0.00000  -0.68575   0.00000  -0.68575
 -7.21805   0.00000  -0.68790   0.00000  -0.68790   0.00000  -0.68575   0.00000  -0.68575
 -7.16792   0.00000  -0.68790   0.00000  -0.68790   0.00000  -0.68575   0.00000  -0.68575
 -7.11779   0.00000  -0.68790   0.00000  -0.68790   0.00000  -0.68575   0.00000  -0.68575
 -7.06767  -0.00365  -0.68808  -0.00365  -0.68808   0.00000  -0.68575   0.00000  -0.68575
 -7.01754  -0.04461  -0.69032  -0.04461  -0.69032   0.00000  -0.68575   0.00000  -0.68575
 -6.96742  -0.02555  -0.69160  -0.02555  -0.69160   0.00000  -0.68575   0.00000  -0.68575
 -6.91729  -0.07324  -0.69527  -0.07324  -0.69527   0.00000  -0.68575   0.00000  -0.68575
 -6.86717  -0.12710  -0.70164  -0.12710  -0.70164   0.00000  -0.68575   0.00000  -0.68575
 -6.81704  -0.08892  -0.70610  -0.08892  -0.70610   0.00000  -0.68575   0.00000  -0.68575
 -6.76692  -0.10559  -0.71139  -0.10559  -0.71139   0.00000  -0.68575   0.00000  -0.68575
 -6.71679  -0.18483  -0.72066  -0.18483  -0.72066   0.00000  -0.68575   0.00000  -0.68575
 -6.66667  -0.26452  -0.73392  -0.26452  -0.73392   0.00000  -0.68575   0.00000  -0.68575
 -6.61654  -0.28459  -0.74818  -0.28459  -0.74818   0.00000  -0.68575   0.00000  -0.68575
 -6.56642  -0.33193  -0.76482  -0.33193  -0.76482   0.00000  -0.68575   0.00000  -0.68575
 -6.51629  -0.32207  -0.78096  -0.32207  -0.78096   0.00000  -0.68575   0.00000  -0.68575
 -6.46617  -0.23727  -0.79286  -0.23727  -0.79286   0.00000  -0.68575   0.00000  -0.68575
 -6.41604  -0.24876  -0.80533  -0.24876  -0.80533   0.00000  -0.68575   0.00000  -0.68575
 -6.36591  -0.24756  -0.81774  -0.24756  -0.81774   0.00000  -0.68575   0.00000  -0.68575
 -6.31579  -0.27828  -0.83168  -0.27828  -0.83168   0.00000  -0.68575   0.00000  -0.68575
 -6.26566  -0.24013  -0.84372  -0.24013  -0.84372   0.00000  -0.68575   0.00000  -0.68575
 -6.21554  -0.35679  -0.86160  -0.35679  -0.86160   0.00000  -0.68575   0.00000  -0.68575
 -6.16541  -0.24353  -0.87381  -0.24353  -0.87381   0.00000  -0.68575   0.00000  -0.68575
 -6.11529  -0.17089  -0.88238  -0.17089  -0.88238   0.00000  -0.68575   0.00000  -0.68575
 -6.06516  -0.31219  -0.89803  -0.31219  -0.89803   0.00000  -0.68575   0.00000  -0.68575
 -6.01504  -0.31076  -0.91360  -0.31076  -0.91360   0.00000  -0.68575   0.00000  -0.68575
 -5.96491  -0.22843  -0.92505  -0.22843  -0.92505   0.00000  -0.68575   0.00000  -0.68575
 -5.91479  -0.34625  -0.94241  -0.34625  -0.94241   0.00000  -0.68575   0.00000  -0.68575
 -5.86466  -0.33729  -0.95932  -0.33729  -0.95932   0.00000  -0.68575   0.00000  -0.68575
 -5.81454  -0.23450  -0.97107  -0.23450  -0.97107   0.00000  -0.68575   0.00000  -0.68575
 -5.76441  -0.21740  -0.98197  -0.21740  -0.98197   0.00000  -0.68575   0.00000  -0.68575
 -5.71429  -0.17329  -0.99065  -0.17329  -0.99065  -0.00689  -0.68609  -0.00689  -0.68609
 -5.66416  -0.15712  -0.99853  -0.15712  -0.99853  -0.12203  -0.69221  -0.12203  -0.69221
 -5.61404  -0.28111  -1.01262  -0.28111  -1.01262  -0.11070  -0.69776  -0.11070  -0.69776
 -5.56391  -0.32037  -1.02868  -0.32037  -1.02868  -0.10122  -0.70283  -0.10122  -0.70283
 -5.51378  -0.37697  -1.04757  -0.37697  -1.04757  -0.07601  -0.70664  -0.07601  -0.70664
 -5.46366  -0.25253  -1.06023  -0.25253  -1.06023  -0.05727  -0.70951  -0.05727  -0.70951
 -5.41353  -0.29273  -1.07491  -0.29273  -1.07491  -0.06222  -0.71263  -0.06222  -0.71263
 -5.36341  -0.39873  -1.09489  -0.39873  -1.09489  -0.04524  -0.71490  -0.04524  -0.71490
 -5.31328  -0.34474  -1.11217  -0.34474  -1.11217  -0.04564  -0.71719  -0.04564  -0.71719
 -5.26316  -0.60253  -1.14238  -0.60253  -1.14238  -0.06733  -0.72056  -0.06733  -0.72056
 -5.21303  -0.79216  -1.18208  -0.79216  -1.18208  -0.15895  -0.72853  -0.15895  -0.72853
 -5.16291  -0.48088  -1.20619  -0.48088  -1.20619  -0.16675  -0.73689  -0.16675  -0.73689
 -5.11278  -0.35864  -1.22416  -0.35864  -1.22416  -0.18103  -0.74596  -0.18103  -0.74596
 -5.06266  -0.31654  -1.24003  -0.31654  -1.24003  -0.16739  -0.75435  -0.16739  -0.75435
 -5.01253  -0.22734  -1.25143  -0.22734  -1.25143  -0.15829  -0.76229  -0.15829  -0.76229
 -4.96241  -0.23483  -1.26320  -0.23483  -1.26320  -0.19829  -0.77223  -0.19829  -0.77223
 -4.91228  -0.23180  -1.27482  -0.23180  -1.27482  -0.21794  -0.78315  -0.21794  -0.78315
 -4.86216  -0.20758  -1.28522  -0.20758  -1.28522  -0.24671  -0.79552  -0.24671  -0.79552
 -4.81203  -0.20317  -1.29540  -0.20317  -1.29540  -0.29425  -0.81027  -0.29425  -0.81027
 -4.76190  -0.17359  -1.30411  -0.17359  -1.30411  -0.40449  -0.83054  -0.40449  -0.83054
 -4.71178  -0.21261  -1.31476  -0.21261  -1.31476  -0.36525  -0.84885  -0.36525  -0.84885
 -4.66165  -0.19386  -1.32448  -0.19386  -1.32448  -0.28696  -0.86323  -0.28696  -0.86323
 -4.61153  -0.17882  -1.33344  -0.17882  -1.33344  -0.32634  -0.87959  -0.32634  -0.87959
 -4.56140  -0.18419  -1.34268  -0.18419  -1.34268  -0.28087  -0.89367  -0.28087  -0.89367
 -4.51128  -0.21851  -1.35363  -0.21851  -1.35363  -0.35260  -0.91134  -0.35260  -0.91134
 -4.46115  -0.16511  -1.36191  -0.16511  -1.36191  -0.28174  -0.92547  -0.28174  -0.92547
 -4.41103  -0.14019  -1.36893  -0.14019  -1.36893  -0.39959  -0.94550  -0.39959  -0.94550
 -4.36090  -0.16144  -1.37702  -0.16144  -1.37702  -0.18381  -0.95471  -0.18381  -0.95471
 -4.31078  -0.19947  -1.38702  -0.19947  -1.38702  -0.22751  -0.96611  -0.22751  -0.96611
 -4.26065  -0.21443  -1.39777  -0.21443  -1.39777  -0.15961  -0.97411  -0.15961  -0.97411
 -4.21053  -0.30342  -1.41298  -0.30342  -1.41298  -0.19321  -0.98380  -0.19321  -0.98380
 -4.16040  -0.33871  -1.42996  -0.33871  -1.42996  -0.21056  -0.99435  -0.21056  -0.99435
 -4.11028  -0.33672  -1.44684  -0.33672  -1.44684  -0.22178  -1.00547  -0.22178  -1.00547
 -4.06015  -0.42124  -1.46795  -0.42124  -1.46795  -0.37834  -1.02443  -0.37834  -1.02443
 -4.01003  -0.31078  -1.48353  -0.31078  -1.48353  -0.36935  -1.04295  -0.36935  -1.04295
 -3.95990  -0.12952  -1.49002  -0.12952  -1.49002  -0.37551  -1.06177  -0.37551  -1.06177
 -3.90977  -0.16628  -1.49836  -0.16628  -1.49836  -0.39626  -1.08163  -0.39626  -1.08163
 -3.85965  -0.12300  -1.50452  -0.12300  -1.50452  -0.39465  -1.10141  -0.39465  -1.10141
 -3.80952  -0.10451  -1.50976  -0.10451  -1.50976  -0.43303  -1.12312  -0.43303  -1.12312
 -3.75940  -0.06830  -1.51318  -0.06830  -1.51318  -0.41268  -1.14381  -0.41268  -1.14381
 -3.70927  -0.04581  -1.51548  -0.04581  -1.51548  -0.29937  -1.15881  -0.29937  -1.15881
 -3.65915   0.02901  -1.51403   0.02901  -1.51403  -0.27429  -1.17256  -0.27429  -1.17256
 -3.60902  -0.03112  -1.51559  -0.03112  -1.51559  -0.21402  -1.18329  -0.21402  -1.18329
 -3.55890  -0.04662  -1.51792  -0.04662  -1.51792  -0.20618  -1.19362  -0.20618  -1.19362
 -3.50877  -0.05118  -1.52049  -0.05118  -1.52049  -0.19768  -1.20353  -0.19768  -1.20353
 -3.45865  -0.02371  -1.52168  -0.02371  -1.52168  -0.17447  -1.21228  -0.17447  -1.21228
 -3.40852   0.03066  -1.52014   0.03066  -1.52014  -0.22236  -1.22342  -0.22236  -1.22342
 -3.35840  -0.04167  -1.52223  -0.04167  -1.52223  -0.25901  -1.23641  -0.25901  -1.23641
 -3.30827   0.01673  -1.52139   0.01673  -1.52139  -0.21247  -1.24706  -0.21247  -1.24706
 -3.25815   0.03149  -1.51981   0.03149  -1.51981  -0.23144  -1.25866  -0.23144  -1.25866
 -3.20802  -0.03108  -1.52137  -0.03108  -1.52137  -0.21095  -1.26923  -0.21095  -1.26923
 -3.15789   0.00391  -1.52117   0.00391  -1.52117  -0.23030  -1.28077  -0.23030  -1.28077
 -3.10777  -0.00156  -1.52125  -0.00156  -1.52125  -0.20956  -1.29128  -0.20956  -1.29128
 -3.05764  -0.05105  -1.52381  -0.05105  -1.52381  -0.15081  -1.29884  -0.15081  -1.29884
 -3.00752   0.02123  -1.52275   0.02123  -1.52275  -0.17608  -1.30766  -0.17608  -1.30766
 -2.95739  -0.01001  -1.52325  -0.01001  -1.52325  -0.20045  -1.31771  -0.20045  -1.31771
 -2.90727   0.00812  -1.52284   0.00812  -1.52284  -0.19447  -1.32746  -0.19447  -1.32746
 -2.85714   0.04751  -1.52046   0.04751  -1.52046  -0.26935  -1.34096  -0.26935  -1.34096
 -2.80702   0.06515  -1.51719   0.06515  -1.51719  -0.24856  -1.35342  -0.24856  -1.35342
 -2.75689   0.07510  -1.51343   0.07510  -1.51343  -0.16292  -1.36159  -0.16292  -1.36159
 -2.70677   0.08946  -1.50895   0.08946  -1.50895  -0.17676  -1.37045  -0.17676  -1.37045
 -2.65664   0.07983  -1.50494   0.07983  -1.50494  -0.22962  -1.38196  -0.22962  -1.38196
 -2.60652   0.07056  -1.50141   0.07056  -1.50141  -0.19084  -1.39152  -0.19084  -1.39152
 -2.55639   0.09333  -1.49673   0.09333  -1.49673  -0.13196  -1.39814  -0.13196  -1.39814
 -2.50627   0.13511  -1.48996   0.13511  -1.48996  -0.15016  -1.40566  -0.15016  -1.40566
 -2.45614   0.11621  -1.48413   0.11621  -1.48413  -0.11427  -1.41139  -0.11427  -1.41139
 -2.40602   0.10375  -1.47893   0.10375  -1.47893  -0.07479  -1.41514  -0.07479  -1.41514
 -2.35589   0.08989  -1.47443   0.08989  -1.47443  -0.07686  -1.41899  -0.07686  -1.41899
 -2.30576   0.12164  -1.46833   0.12164  -1.46833  -0.10237  -1.42413  -0.10237  -1.42413
 -2.25564   0.18329  -1.45914   0.18329  -1.45914  -0.04765  -1.42651  -0.04765  -1.42651
 -2.20551   0.18614  -1.44981   0.18614  -1.44981  -0.08273  -1.43066  -0.08273  -1.43066
 -2.15539   0.28672  -1.43544   0.28672  -1.43544  -0.03821  -1.43258  -0.03821  -1.43258
 -2.10526   0.23421  -1.42370   0.23421  -1.42370  -0.04198  -1.43468  -0.04198  -1.43468
 -2.05514   0.24498  -1.41142   0.24498  -1.41142  -0.04834  -1.43710  -0.04834  -1.43710
 -2.00501   0.29170  -1.39680   0.29170  -1.39680  -0.09844  -1.44204  -0.09844  -1.44204
 -1.95489   0.34130  -1.37969   0.34130  -1.37969  -0.13359  -1.44873  -0.13359  -1.44873
 -1.90476   0.26284  -1.36652   0.26284  -1.36652  -0.07733  -1.45261  -0.07733  -1.45261
 -1.85464   0.23878  -1.35455   0.23878  -1.35455  -0.04835  -1.45503  -0.04835  -1.45503
 -1.80451   0.21545  -1.34375   0.21545  -1.34375  -0.02520  -1.45630  -0.02520  -1.45630
 -1.75439   0.19340  -1.33405   0.19340  -1.33405  -0.03798  -1.45820  -0.03798  -1.45820
 -1.70426   0.19775  -1.32414   0.19775  -1.32414  -0.02687  -1.45955  -0.02687  -1.45955
 -1.65414   0.20008  -1.31411   0.20008  -1.31411  -0.03967  -1.46154  -0.03967  -1.46154
 -1.60401   0.24752  -1.30170   0.24752  -1.30170  -0.04545  -1.46381  -0.04545  -1.46381
 -1.55388   0.20191  -1.29158   0.20191  -1.29158  -0.05363  -1.46650  -0.05363  -1.46650
 -1.50376   0.17386  -1.28287   0.17386  -1.28287  -0.03869  -1.46844  -0.03869  -1.46844
 -1.45363   0.17930  -1.27388   0.17930  -1.27388  -0.01510  -1.46920  -0.01510  -1.46920
 -1.40351   0.21904  -1.26290   0.21904  -1.26290  -0.01647  -1.47002  -0.01647  -1.47002
 -1.35338   0.16971  -1.25440   0.16971  -1.25440  -0.01560  -1.47081  -0.01560  -1.47081
 -1.30326   0.19070  -1.24484   0.19070  -1.24484  -0.00689  -1.47115  -0.00689  -1.47115
 -1.25313   0.14713  -1.23746   0.14713  -1.23746  -0.00819  -1.47156  -0.00819  -1.47156
 -1.20301   0.11415  -1.23174   0.11415  -1.23174   0.00598  -1.47126   0.00598  -1.47126
 -1.15288   0.08262  -1.22760   0.08262  -1.22760   0.02736  -1.46989   0.02736  -1.46989
 -1.10276   0.10984  -1.22209   0.10984  -1.22209   0.01931  -1.46892   0.01931  -1.46892
 -1.05263   0.13466  -1.21534   0.13466  -1.21534   0.01906  -1.46797   0.01906  -1.46797
 -1.00251   0.11613  -1.20952   0.11613  -1.20952   0.05263  -1.46533   0.05263  -1.46533
 -0.95238   0.11199  -1.20391   0.11199  -1.20391   0.03050  -1.46380   0.03050  -1.46380
 -0.90226   0.09417  -1.19919   0.09417  -1.19919   0.01434  -1.46308   0.01434  -1.46308
 -0.85213   0.09161  -1.19460   0.09161  -1.19460   0.02750  -1.46170   0.02750  -1.46170
 -0.80201   0.07981  -1.19060   0.07981  -1.19060   0.04291  -1.45955   0.04291  -1.45955
 -0.75188   0.04715  -1.18823   0.04715  -1.18823   0.08580  -1.45525   0.08580  -1.45525
 -0.70175   0.05898  -1.18528   0.05898  -1.18528   0.13373  -1.44855   0.13373  -1.44855
 -0.65163   0.05275  -1.18263   0.05275  -1.18263   0.05390  -1.44585   0.05390  -1.44585
 -0.60150   0.00281  -1.18249   0.00281  -1.18249   0.00000  -1.44585   0.00000  -1.44585
 -0.55138   0.00013  -1.18248   0.00013  -1.18248   0.00000  -1.44585   0.00000  -1.44585
 -0.50125   0.01089  -1.18194   0.01089  -1.18194   0.00000  -1.44585   0.00000  -1.44585
 -0.45113   0.02303  -1.18078   0.02303  -1.18078   0.00000  -1.44585   0.00000  -1.44585
 -0.40100   0.02024  -1.17977   0.02024  -1.17977   0.00000  -1.44585   0.00000  -1.44585
 -0.35088   0.01578  -1.17898   0.01578  -1.17898   0.00000  -1.44585   0.00000  -1.44585
 -0.30075   0.01819  -1.17807   0.01819  -1.17807   0.00000  -1.44585   0.00000  -1.44585
 -0.25063   0.01921  -1.17710   0.01921  -1.17710   0.00000  -1.44585   0.00000  -1.44585
 -0.20050   0.01928  -1.17614   0.01928  -1.17614   0.00000  -1.44585   0.00000  -1.44585
 -0.15038   0.00168  -1.17605   0.00168  -1.17605   0.00000  -1.44585   0.00000  -1.44585
 -0.10025  -0.01112  -1.17661  -0.01112  -1.17661   0.00000  -1.44585   0.00000  -1.44585
 -0.05013  -0.01536  -1.17738  -0.01536  -1.17738   0.00000  -1.44585   0.00000  -1.44585
  0.00000  -0.05956  -1.18037  -0.05956  -1.18037   0.00000  -1.44585   0.00000  -1.44585
  0.05013   0.00000  -1.18037   0.00000  -1.18037   0.00000  -1.44585   0.00000  -1.44585
  0.10025   0.00000  -1.18037   0.00000  -1.18037   0.00000  -1.44585   0.00000  -1.44585
  0.15038   0.00000  -1.18037   0.00000  -1.18037   0.00000  -1.44585   0.00000  -1.44585
  0.20050   0.00000  -1.18037   0.00000  -1.18037   0.00000  -1.44585   0.00000  -1.44585
  0.25063   0.00000  -1.18037   0.00000  -1.18037   0.00000  -1.44585   0.00000  -1.44585
  0.30075   0.00000  -1.18037   0.00000  -1.18037   0.00000  -1.44585   0.00000  -1.44585
  0.35088   0.00000  -1.18037   0.00000  -1.18037   0.00000  -1.44585   0.00000  -1.44585
  0.40100   0.00000  -1.18037   0.00000  -1.18037   0.00000  -1.44585   0.00000  -1.44585
  0.45113   0.00000  -1.18037   0.00000  -1.18037   0.00000  -1.44585   0.00000  -1.44585
  0.50125   0.00000  -1.18037   0.00000  -1.18037   0.00000  -1.44585   0.00000  -1.44585
  0.55138   0.00000  -1.18037   0.00000  -1.18037   0.00000  -1.44585   0.00000  -1.44585
  0.60150   0.00000  -1.18037   0.00000  -1.18037   0.00000  -1.44585   0.00000  -1.44585
  0.65163   0.00000  -1.18037   0.00000  -1.18037   0.00000  -1.44585   0.00000  -1.44585
  0.70175   0.00000  -1.18037   0.00000  -1.18037   0.00000  -1.44585   0.00000  -1.44585
  0.75188   0.00000  -1.18037   0.00000  -1.18037   0.00000  -1.44585   0.00000  -1.44585
  0.80201   0.00000  -1.18037   0.00000  -1.18037   0.00000  -1.44585   0.00000  -1.44585
  0.85213   0.00000  -1.18037   0.00000  -1.18037   0.00000  -1.44585   0.00000  -1.44585
  0.90226   0.00000  -1.18037   0.00000  -1.18037   0.00000  -1.44585   0.00000  -1.44585
  0.95238   0.00000  -1.18037   0.00000  -1.18037   0.00000  -1.44585   0.00000  -1.44585
  1.00251   0.01078  -1.17983   0.01078  -1.17983   0.00000  -1.44585   0.00000  -1.44585
  1.05263   0.04450  -1.17759   0.04450  -1.17759   0.00000  -1.44585   0.00000  -1.44585
  1.10276   0.17511  -1.16882   0.17511  -1.16882   0.00000  -1.44585   0.00000  -1.44585
  1.15288   0.31277  -1.15314   0.31277  -1.15314   0.00000  -1.44585   0.00000  -1.44585
  1.20301   0.37475  -1.13435   0.37475  -1.13435   0.00000  -1.44585   0.00000  -1.44585
  1.25313   0.45616  -1.11149   0.45616  -1.11149   0.00000  -1.44585   0.00000  -1.44585
  1.30326   0.42977  -1.08995   0.42977  -1.08995   0.00000  -1.44585   0.00000  -1.44585
  1.35338   0.54306  -1.06273   0.54306  -1.06273   0.00000  -1.44585   0.00000  -1.44585
  1.40351   1.23680  -1.00073   1.23680  -1.00073   0.00000  -1.44585   0.00000  -1.44585
  1.45363   1.40687  -0.93021   1.40687  -0.93021   0.00000  -1.44585   0.00000  -1.44585
  1.50376   1.32357  -0.86387   1.32357  -0.86387   0.00000  -1.44585   0.00000  -1.44585
  1.55388   0.33650  -0.84700   0.33650  -0.84700   0.00000  -1.44585   0.00000  -1.44585
  1.60401   0.22489  -0.83573   0.22489  -0.83573   0.00000  -1.44585   0.00000  -1.44585
  1.65414   0.24783  -0.82330   0.24783  -0.82330   0.00000  -1.44585   0.00000  -1.44585
  1.70426   0.30275  -0.80813   0.30275  -0.80813   0.00000  -1.44585   0.00000  -1.44585
  1.75439   0.22955  -0.79662   0.22955  -0.79662   0.00000  -1.44585   0.00000  -1.44585
  1.80451   0.31453  -0.78086   0.31453  -0.78086   0.00000  -1.44585   0.00000  -1.44585
  1.85464   0.33172  -0.76423   0.33172  -0.76423   0.00000  -1.44585   0.00000  -1.44585
  1.90476   1.23472  -0.70234   1.23472  -0.70234   0.00000  -1.44585   0.00000  -1.44585
  1.95489   1.22007  -0.64118   1.22007  -0.64118   0.00000  -1.44585   0.00000  -1.44585
  2.00501   0.82647  -0.59976   0.82647  -0.59976   0.00000  -1.44585   0.00000  -1.44585
  2.05514   0.29405  -0.58502   0.29405  -0.58502   0.00000  -1.44585   0.00000  -1.44585
  2.10526   0.51344  -0.55928   0.51344  -0.55928   0.00000  -1.44585   0.00000  -1.44585
  2.15539   0.32914  -0.54278   0.32914  -0.54278   0.00000  -1.44585   0.00000  -1.44585
  2.20551   0.06992  -0.53928   0.06992  -0.53928   0.00000  -1.44585   0.00000  -1.44585
  2.25564   0.00000  -0.53928   0.00000  -0.53928   0.00000  -1.44585   0.00000  -1.44585
  2.30576   0.00000  -0.53928   0.00000  -0.53928   0.00000  -1.44585   0.00000  -1.44585
  2.35589   0.00000  -0.53928   0.00000  -0.53928   0.00000  -1.44585   0.00000  -1.44585
  2.40602   0.00000  -0.53928   0.00000  -0.53928   0.00000  -1.44585   0.00000  -1.44585
  2.45614   0.00000  -0.53928   0.00000  -0.53928   0.00000  -1.44585   0.00000  -1.44585
  2.50627   0.00000  -0.53928   0.00000  -0.53928   0.00000  -1.44585   0.00000  -1.44585
  2.55639   0.00000  -0.53928   0.00000  -0.53928   0.00000  -1.44585   0.00000  -1.44585
  2.60652   0.00000  -0.53928   0.00000  -0.53928   0.02693  -1.44450   0.02693  -1.44450
  2.65664   0.00000  -0.53928   0.00000  -0.53928   0.07017  -1.44098   0.07017  -1.44098
  2.70677   0.00000  -0.53928   0.00000  -0.53928   0.09127  -1.43640   0.09127  -1.43640
  2.75689   0.00000  -0.53928   0.00000  -0.53928   0.10773  -1.43100   0.10773  -1.43100
  2.80702   0.00000  -0.53928   0.00000  -0.53928   0.12715  -1.42463   0.12715  -1.42463
  2.85714   0.00000  -0.53928   0.00000  -0.53928   0.14923  -1.41715   0.14923  -1.41715
  2.90727   0.00000  -0.53928   0.00000  -0.53928   0.05838  -1.41422   0.05838  -1.41422
  2.95739   0.00000  -0.53928   0.00000  -0.53928  -0.01700  -1.41508  -0.01700  -1.41508
  3.00752   0.00000  -0.53928   0.00000  -0.53928  -0.01626  -1.41589  -0.01626  -1.41589
  3.05764   0.00000  -0.53928   0.00000  -0.53928  -0.01150  -1.41647  -0.01150  -1.41647
  3.10777   0.00000  -0.53928   0.00000  -0.53928  -0.00277  -1.41661  -0.00277  -1.41661
  3.15789   0.00000  -0.53928   0.00000  -0.53928   0.06721  -1.41324   0.06721  -1.41324
  3.20802   0.00000  -0.53928   0.00000  -0.53928   0.07432  -1.40951   0.07432  -1.40951
  3.25815   0.00000  -0.53928   0.00000  -0.53928   0.26094  -1.39643   0.26094  -1.39643
  3.30827   0.00000  -0.53928   0.00000  -0.53928   0.58822  -1.36695   0.58822  -1.36695
  3.35840   0.00000  -0.53928   0.00000  -0.53928   0.39346  -1.34723   0.39346  -1.34723
  3.40852   0.00000  -0.53928   0.00000  -0.53928   0.76653  -1.30880   0.76653  -1.30880
  3.45865   0.00000  -0.53928   0.00000  -0.53928   0.57168  -1.28015   0.57168  -1.28015
  3.50877   0.00000  -0.53928   0.00000  -0.53928   0.10636  -1.27482   0.10636  -1.27482
  3.55890   0.00000  -0.53928   0.00000  -0.53928   0.48531  -1.25049   0.48531  -1.25049
  3.60902   0.00000  -0.53928   0.00000  -0.53928   0.67691  -1.21656   0.67691  -1.21656
  3.65915   0.00000  -0.53928   0.00000  -0.53928   0.48345  -1.19233   0.48345  -1.19233
  3.70927   0.00000  -0.53928   0.00000  -0.53928   0.95171  -1.14462   0.95171  -1.14462
  3.75940   0.00000  -0.53928   0.00000  -0.53928   1.42076  -1.07341   1.42076  -1.07341
  3.80952   0.00000  -0.53928   0.00000  -0.53928   1.66086  -0.99016   1.66086  -0.99016
  3.85965   0.00000  -0.53928   0.00000  -0.53928   1.51443  -0.91424   1.51443  -0.91424
  3.90977   0.00000  -0.53928   0.00000  -0.53928   0.66509  -0.88091   0.66509  -0.88091
  3.95990   0.00000  -0.53928   0.00000  -0.53928   0.52858  -0.85441   0.52858  -0.85441
  4.01003   0.00000  -0.53928   0.00000  -0.53928   0.86332  -0.81114   0.86332  -0.81114
  4.06015   0.00000  -0.53928   0.00000  -0.53928   0.59226  -0.78145   0.59226  -0.78145
  4.11028   0.00000  -0.53928   0.00000  -0.53928   0.70376  -0.74617   0.70376  -0.74617
  4.16040   0.00000  -0.53928   0.00000  -0.53928   1.03010  -0.69454   1.03010  -0.69454
  4.21053   0.00000  -0.53928   0.00000  -0.53928   0.90112  -0.64937   0.90112  -0.64937
  4.26065   0.00000  -0.53928   0.00000  -0.53928   0.86315  -0.60611   0.86315  -0.60611
  4.31078   0.00000  -0.53928   0.00000  -0.53928   0.34015  -0.58906   0.34015  -0.58906
  4.36090   0.00000  -0.53928   0.00000  -0.53928   0.47657  -0.56517   0.47657  -0.56517
  4.41103   0.00000  -0.53928   0.00000  -0.53928   0.59634  -0.53528   0.59634  -0.53528
  4.46115   0.00000  -0.53928   0.00000  -0.53928   0.23128  -0.52368   0.23128  -0.52368
  4.51128   0.00000  -0.53928   0.00000  -0.53928   0.00000  -0.52368   0.00000  -0.52368
  4.56140   0.00000  -0.53928   0.00000  -0.53928   0.00000  -0.52368   0.00000  -0.52368
  4.61153   0.00000  -0.53928   0.00000  -0.53928   0.00000  -0.52368   0.00000  -0.52368
  4.66165   0.00000  -0.53928   0.00000  -0.53928   0.00000  -0.52368   0.00000  -0.52368
  4.71178   0.00000  -0.53928   0.00000  -0.53928   0.00000  -0.52368   0.00000  -0.52368
  4.76190   0.00000  -0.53928   0.00000  -0.53928   0.00000  -0.52368   0.00000  -0.52368
  4.81203   0.00000  -0.53928   0.00000  -0.53928   0.00000  -0.52368   0.00000  -0.52368
  4.86216   0.00000  -0.53928   0.00000  -0.53928   0.00000  -0.52368   0.00000  -0.52368
  4.91228   0.00000  -0.53928   0.00000  -0.53928   0.00000  -0.52368   0.00000  -0.52368
  4.96241   0.00000  -0.53928   0.00000  -0.53928   0.00000  -0.52368   0.00000  -0.52368
  5.01253   0.00000  -0.53928   0.00000  -0.53928   0.00000  -0.52368   0.00000  -0.52368
  5.06266   0.00000  -0.53928   0.00000  -0.53928   0.00000  -0.52368   0.00000  -0.52368
  5.11278   0.00000  -0.53928   0.00000  -0.53928   0.00000  -0.52368   0.00000  -0.52368
  5.16291   0.00000  -0.53928   0.00000  -0.53928   0.00000  -0.52368   0.00000  -0.52368
  5.21303   0.00000  -0.53928   0.00000  -0.53928   0.00000  -0.52368   0.00000  -0.52368
  5.26316   0.00000  -0.53928   0.00000  -0.53928   0.00000  -0.52368   0.00000  -0.52368
  5.31328   0.00000  -0.53928   0.00000  -0.53928   0.00000  -0.52368   0.00000  -0.52368
  5.36341   0.00000  -0.53928   0.00000  -0.53928   0.00000  -0.52368   0.00000  -0.52368
  5.41353   0.00000  -0.53928   0.00000  -0.53928   0.00000  -0.52368   0.00000  -0.52368
  5.46366   0.00000  -0.53928   0.00000  -0.53928   0.00000  -0.52368   0.00000  -0.52368
  5.51378   0.00000  -0.53928   0.00000  -0.53928   0.00000  -0.52368   0.00000  -0.52368
  5.56391   0.00000  -0.53928   0.00000  -0.53928   0.00000  -0.52368   0.00000  -0.52368
  5.61404   0.00000  -0.53928   0.00000  -0.53928   0.00000  -0.52368   0.00000  -0.52368
  5.66416   0.00000  -0.53928   0.00000  -0.53928   0.00000  -0.52368   0.00000  -0.52368
  5.71429   0.00000  -0.53928   0.00000  -0.53928   0.00000  -0.52368   0.00000  -0.52368
  5.76441   0.00000  -0.53928   0.00000  -0.53928   0.00000  -0.52368   0.00000  -0.52368
  5.81454   0.00000  -0.53928   0.00000  -0.53928   0.00000  -0.52368   0.00000  -0.52368
  5.86466   0.00000  -0.53928   0.00000  -0.53928   0.00000  -0.52368   0.00000  -0.52368
  5.91479   0.00000  -0.53928   0.00000  -0.53928   0.00000  -0.52368   0.00000  -0.52368
  5.96491   0.00037  -0.53926   0.00037  -0.53926   0.00000  -0.52368   0.00000  -0.52368
  6.01504   0.00507  -0.53900   0.00507  -0.53900   0.00000  -0.52368   0.00000  -0.52368
  6.06516   0.01422  -0.53829   0.01422  -0.53829   0.00000  -0.52368   0.00000  -0.52368
  6.11529   0.02425  -0.53708   0.02425  -0.53708   0.00000  -0.52368   0.00000  -0.52368
  6.16541   0.02636  -0.53575   0.02636  -0.53575   0.00000  -0.52368   0.00000  -0.52368
  6.21554   0.02422  -0.53454   0.02422  -0.53454   0.00079  -0.52364   0.00079  -0.52364
  6.26566   0.02312  -0.53338   0.02312  -0.53338   0.00688  -0.52330   0.00688  -0.52330
  6.31579   0.02427  -0.53216   0.02427  -0.53216   0.01645  -0.52247   0.01645  -0.52247
  6.36591   0.02672  -0.53083   0.02672  -0.53083   0.02520  -0.52121   0.02520  -0.52121
  6.41604   0.03089  -0.52928   0.03089  -0.52928   0.02458  -0.51998   0.02458  -0.51998
  6.46617   0.03561  -0.52749   0.03561  -0.52749   0.02257  -0.51885   0.02257  -0.51885
  6.51629   0.03445  -0.52577   0.03445  -0.52577   0.02245  -0.51772   0.02245  -0.51772
  6.56642   0.03519  -0.52400   0.03519  -0.52400   0.02404  -0.51652   0.02404  -0.51652
  6.61654   0.03568  -0.52221   0.03568  -0.52221   0.02725  -0.51515   0.02725  -0.51515
  6.66667   0.03431  -0.52049   0.03431  -0.52049   0.03309  -0.51349   0.03309  -0.51349
  6.71679   0.03284  -0.51885   0.03284  -0.51885   0.03347  -0.51181   0.03347  -0.51181
  6.76692   0.03375  -0.51716   0.03375  -0.51716   0.03277  -0.51017   0.03277  -0.51017
  6.81704   0.04520  -0.51489   0.04520  -0.51489   0.03388  -0.50847   0.03388  -0.50847
  6.86717   0.05204  -0.51228   0.05204  -0.51228   0.03286  -0.50683   0.03286  -0.50683
  6.91729   0.05129  -0.50971   0.05129  -0.50971   0.03186  -0.50523   0.03186  -0.50523
  6.96742   0.06222  -0.50659   0.06222  -0.50659   0.03126  -0.50366   0.03126  -0.50366
  7.01754   0.06484  -0.50334   0.06484  -0.50334   0.04032  -0.50164   0.04032  -0.50164
  7.06767   0.06257  -0.50021   0.06257  -0.50021   0.04948  -0.49916   0.04948  -0.49916
  7.11779   0.05409  -0.49749   0.05409  -0.49749   0.04920  -0.49669   0.04920  -0.49669
  7.16792   0.05328  -0.49482   0.05328  -0.49482   0.04754  -0.49431   0.04754  -0.49431
  7.21805   0.05537  -0.49205   0.05537  -0.49205   0.05548  -0.49153   0.05548  -0.49153
  7.26817   0.05251  -0.48942   0.05251  -0.48942   0.06768  -0.48814   0.06768  -0.48814
  7.31830   0.04702  -0.48706   0.04702  -0.48706   0.06627  -0.48482   0.06627  -0.48482
  7.36842   0.04352  -0.48488   0.04352  -0.48488   0.06045  -0.48179   0.06045  -0.48179
  7.41855   0.04671  -0.48254   0.04671  -0.48254   0.05782  -0.47889   0.05782  -0.47889
  7.46867   0.03826  -0.48062   0.03826  -0.48062   0.05444  -0.47616   0.05444  -0.47616
  7.51880   0.03486  -0.47887   0.03486  -0.47887   0.05257  -0.47352   0.05257  -0.47352
  7.56892   0.04217  -0.47676   0.04217  -0.47676   0.04774  -0.47113   0.04774  -0.47113
  7.61905   0.05099  -0.47420   0.05099  -0.47420   0.04620  -0.46882   0.04620  -0.46882
  7.66917   0.04058  -0.47217   0.04058  -0.47217   0.03938  -0.46684   0.03938  -0.46684
  7.71930   0.03272  -0.47053   0.03272  -0.47053   0.03747  -0.46496   0.03747  -0.46496
  7.76942   0.03944  -0.46855   0.03944  -0.46855   0.03720  -0.46310   0.03720  -0.46310
  7.81955   0.04717  -0.46619   0.04717  -0.46619   0.04433  -0.46088   0.04433  -0.46088
  7.86967   0.05321  -0.46352   0.05321  -0.46352   0.04959  -0.45839   0.04959  -0.45839
  7.91980   0.05625  -0.46070   0.05625  -0.46070   0.03282  -0.45675   0.03282  -0.45675
  7.96992   0.04983  -0.45820   0.04983  -0.45820   0.03356  -0.45506   0.03356  -0.45506
  8.02005   0.06060  -0.45516   0.06060  -0.45516   0.04567  -0.45277   0.04567  -0.45277
  8.07018   0.07009  -0.45165   0.07009  -0.45165   0.05192  -0.45017   0.05192  -0.45017
  8.12030   0.05616  -0.44884   0.05616  -0.44884   0.04750  -0.44779   0.04750  -0.44779
  8.17043   0.06675  -0.44549   0.06675  -0.44549   0.05689  -0.44494   0.05689  -0.44494
  8.22055   0.10138  -0.44041   0.10138  -0.44041   0.07758  -0.44105   0.07758  -0.44105
  8.27068   0.13603  -0.43359   0.13603  -0.43359   0.06689  -0.43770   0.06689  -0.43770
  8.32080   0.11327  -0.42791   0.11327  -0.42791   0.05584  -0.43490   0.05584  -0.43490
  8.37093   0.11888  -0.42195   0.11888  -0.42195   0.08268  -0.43075   0.08268  -0.43075
  8.42105   0.11558  -0.41616   0.11558  -0.41616   0.11894  -0.42479   0.11894  -0.42479
  8.47118   0.10440  -0.41093   0.10440  -0.41093   0.11124  -0.41922   0.11124  -0.41922
  8.52130   0.15745  -0.40303   0.15745  -0.40303   0.11661  -0.41337   0.11661  -0.41337
  8.57143   0.11532  -0.39725   0.11532  -0.39725   0.11278  -0.40772   0.11278  -0.40772
  8.62155   0.13293  -0.39059   0.13293  -0.39059   0.12395  -0.40151   0.12395  -0.40151
  8.67168   0.11000  -0.38508   0.11000  -0.38508   0.11857  -0.39556   0.11857  -0.39556
  8.72180   0.11339  -0.37939   0.11339  -0.37939   0.13103  -0.38899   0.13103  -0.38899
  8.77193   0.14252  -0.37225   0.14252  -0.37225   0.13404  -0.38228   0.13404  -0.38228
  8.82206   0.12911  -0.36578   0.12911  -0.36578   0.10710  -0.37691   0.10710  -0.37691
  8.87218   0.11494  -0.36002   0.11494  -0.36002   0.09571  -0.37211   0.09571  -0.37211
  8.92231   0.13798  -0.35310   0.13798  -0.35310   0.15801  -0.36419   0.15801  -0.36419
  8.97243   0.15717  -0.34522   0.15717  -0.34522   0.13306  -0.35752   0.13306  -0.35752
  9.02256   0.12885  -0.33876   0.12885  -0.33876   0.11946  -0.35153   0.11946  -0.35153
  9.07268   0.14076  -0.33171   0.14076  -0.33171   0.12797  -0.34512   0.12797  -0.34512
  9.12281   0.16811  -0.32328   0.16811  -0.32328   0.16565  -0.33681   0.16565  -0.33681
  9.17293   0.08778  -0.31888   0.08778  -0.31888   0.13301  -0.33015   0.13301  -0.33015
  9.22306   0.09462  -0.31414   0.09462  -0.31414   0.13616  -0.32332   0.13616  -0.32332
  9.27318   0.08810  -0.30972   0.08810  -0.30972   0.12550  -0.31703   0.12550  -0.31703
  9.32331   0.08137  -0.30564   0.08137  -0.30564   0.07654  -0.31319   0.07654  -0.31319
  9.37343   0.07428  -0.30192   0.07428  -0.30192   0.10446  -0.30796   0.10446  -0.30796
  9.42356   0.07272  -0.29828   0.07272  -0.29828   0.08612  -0.30364   0.08612  -0.30364
  9.47368   0.08118  -0.29421   0.08118  -0.29421   0.07677  -0.29979   0.07677  -0.29979
  9.52381   0.08396  -0.29000   0.08396  -0.29000   0.06802  -0.29638   0.06802  -0.29638
  9.57393   0.10172  -0.28490   0.10172  -0.28490   0.07393  -0.29268   0.07393  -0.29268
  9.62406   0.11249  -0.27926   0.11249  -0.27926   0.07744  -0.28880   0.07744  -0.28880
  9.67419   0.08544  -0.27498   0.08544  -0.27498   0.06605  -0.28549   0.06605  -0.28549
  9.72431   0.08306  -0.27081   0.08306  -0.27081   0.08056  -0.28145   0.08056  -0.28145
  9.77444   0.09248  -0.26618   0.09248  -0.26618   0.09254  -0.27681   0.09254  -0.27681
  9.82456   0.11000  -0.26067   0.11000  -0.26067   0.08346  -0.27263   0.08346  -0.27263
  9.87469   0.12234  -0.25453   0.12234  -0.25453   0.07544  -0.26884   0.07544  -0.26884
  9.92481   0.14680  -0.24717   0.14680  -0.24717   0.08468  -0.26460   0.08468  -0.26460
  9.97494   0.15466  -0.23942   0.15466  -0.23942   0.09758  -0.25971   0.09758  -0.25971
 10.02506   0.13458  -0.23268   0.13458  -0.23268   0.11841  -0.25377   0.11841  -0.25377