ESCALE ; pCOHP file generated by LOBSTER. Energy is shifted such that the Fermi level lies at 0 eV.
         2          2        401  -5.82964e+00   1.42205e+01   4.19543e+00 
Average
No.1:Mn53->O112(1.9210384060821686)
-10.02506   0.00000  -0.72666   0.00000  -0.72666   0.00000  -0.72254   0.00000  -0.72254
 -9.97494   0.00000  -0.72666   0.00000  -0.72666   0.00000  -0.72254   0.00000  -0.72254
 -9.92481   0.00000  -0.72666   0.00000  -0.72666   0.00000  -0.72254   0.00000  -0.72254
 -9.87469   0.00000  -0.72666   0.00000  -0.72666   0.00000  -0.72254   0.00000  -0.72254
 -9.82456   0.00000  -0.72666   0.00000  -0.72666   0.00000  -0.72254   0.00000  -0.72254
 -9.77444   0.00000  -0.72666   0.00000  -0.72666   0.00000  -0.72254   0.00000  -0.72254
 -9.72431   0.00000  -0.72666   0.00000  -0.72666   0.00000  -0.72254   0.00000  -0.72254
 -9.67419   0.00000  -0.72666   0.00000  -0.72666   0.00000  -0.72254   0.00000  -0.72254
 -9.62406   0.00000  -0.72666   0.00000  -0.72666   0.00000  -0.72254   0.00000  -0.72254
 -9.57393   0.00000  -0.72666   0.00000  -0.72666   0.00000  -0.72254   0.00000  -0.72254
 -9.52381   0.00000  -0.72666   0.00000  -0.72666   0.00000  -0.72254   0.00000  -0.72254
 -9.47368   0.00000  -0.72666   0.00000  -0.72666   0.00000  -0.72254   0.00000  -0.72254
 -9.42356   0.00000  -0.72666   0.00000  -0.72666   0.00000  -0.72254   0.00000  -0.72254
 -9.37343   0.00000  -0.72666   0.00000  -0.72666   0.00000  -0.72254   0.00000  -0.72254
 -9.32331   0.00000  -0.72666   0.00000  -0.72666   0.00000  -0.72254   0.00000  -0.72254
 -9.27318   0.00000  -0.72666   0.00000  -0.72666   0.00000  -0.72254   0.00000  -0.72254
 -9.22306   0.00000  -0.72666   0.00000  -0.72666   0.00000  -0.72254   0.00000  -0.72254
 -9.17293   0.00000  -0.72666   0.00000  -0.72666   0.00000  -0.72254   0.00000  -0.72254
 -9.12281   0.00000  -0.72666   0.00000  -0.72666   0.00000  -0.72254   0.00000  -0.72254
 -9.07268   0.00000  -0.72666   0.00000  -0.72666   0.00000  -0.72254   0.00000  -0.72254
 -9.02256   0.00000  -0.72666   0.00000  -0.72666   0.00000  -0.72254   0.00000  -0.72254
 -8.97243   0.00000  -0.72666   0.00000  -0.72666   0.00000  -0.72254   0.00000  -0.72254
 -8.92231   0.00000  -0.72666   0.00000  -0.72666   0.00000  -0.72254   0.00000  -0.72254
 -8.87218   0.00000  -0.72666   0.00000  -0.72666   0.00000  -0.72254   0.00000  -0.72254
 -8.82206   0.00000  -0.72666   0.00000  -0.72666   0.00000  -0.72254   0.00000  -0.72254
 -8.77193   0.00000  -0.72666   0.00000  -0.72666   0.00000  -0.72254   0.00000  -0.72254
 -8.72180   0.00000  -0.72666   0.00000  -0.72666   0.00000  -0.72254   0.00000  -0.72254
 -8.67168   0.00000  -0.72666   0.00000  -0.72666   0.00000  -0.72254   0.00000  -0.72254
 -8.62155   0.00000  -0.72666   0.00000  -0.72666   0.00000  -0.72254   0.00000  -0.72254
 -8.57143   0.00000  -0.72666   0.00000  -0.72666   0.00000  -0.72254   0.00000  -0.72254
 -8.52130   0.00000  -0.72666   0.00000  -0.72666   0.00000  -0.72254   0.00000  -0.72254
 -8.47118   0.00000  -0.72666   0.00000  -0.72666   0.00000  -0.72254   0.00000  -0.72254
 -8.42105   0.00000  -0.72666   0.00000  -0.72666   0.00000  -0.72254   0.00000  -0.72254
 -8.37093   0.00000  -0.72666   0.00000  -0.72666   0.00000  -0.72254   0.00000  -0.72254
 -8.32080   0.00000  -0.72666   0.00000  -0.72666   0.00000  -0.72254   0.00000  -0.72254
 -8.27068   0.00000  -0.72666   0.00000  -0.72666   0.00000  -0.72254   0.00000  -0.72254
 -8.22055   0.00000  -0.72666   0.00000  -0.72666   0.00000  -0.72254   0.00000  -0.72254
 -8.17043   0.00000  -0.72666   0.00000  -0.72666   0.00000  -0.72254   0.00000  -0.72254
 -8.12030   0.00000  -0.72666   0.00000  -0.72666   0.00000  -0.72254   0.00000  -0.72254
 -8.07018   0.00000  -0.72666   0.00000  -0.72666   0.00000  -0.72254   0.00000  -0.72254
 -8.02005   0.00000  -0.72666   0.00000  -0.72666   0.00000  -0.72254   0.00000  -0.72254
 -7.96992   0.00000  -0.72666   0.00000  -0.72666   0.00000  -0.72254   0.00000  -0.72254
 -7.91980   0.00000  -0.72666   0.00000  -0.72666   0.00000  -0.72254   0.00000  -0.72254
 -7.86967   0.00000  -0.72666   0.00000  -0.72666   0.00000  -0.72254   0.00000  -0.72254
 -7.81955   0.00000  -0.72666   0.00000  -0.72666   0.00000  -0.72254   0.00000  -0.72254
 -7.76942   0.00000  -0.72666   0.00000  -0.72666   0.00000  -0.72254   0.00000  -0.72254
 -7.71930   0.00000  -0.72666   0.00000  -0.72666   0.00000  -0.72254   0.00000  -0.72254
 -7.66917   0.00000  -0.72666   0.00000  -0.72666   0.00000  -0.72254   0.00000  -0.72254
 -7.61905   0.00000  -0.72666   0.00000  -0.72666   0.00000  -0.72254   0.00000  -0.72254
 -7.56892   0.00000  -0.72666   0.00000  -0.72666   0.00000  -0.72254   0.00000  -0.72254
 -7.51880   0.00000  -0.72666   0.00000  -0.72666   0.00000  -0.72254   0.00000  -0.72254
 -7.46867   0.00000  -0.72666   0.00000  -0.72666   0.00000  -0.72254   0.00000  -0.72254
 -7.41855   0.00000  -0.72666   0.00000  -0.72666   0.00000  -0.72254   0.00000  -0.72254
 -7.36842   0.00000  -0.72666   0.00000  -0.72666   0.00000  -0.72254   0.00000  -0.72254
 -7.31830   0.00000  -0.72666   0.00000  -0.72666   0.00000  -0.72254   0.00000  -0.72254
 -7.26817   0.00000  -0.72666   0.00000  -0.72666   0.00000  -0.72254   0.00000  -0.72254
 -7.21805   0.00000  -0.72666   0.00000  -0.72666   0.00000  -0.72254   0.00000  -0.72254
 -7.16792   0.00000  -0.72666   0.00000  -0.72666   0.00000  -0.72254   0.00000  -0.72254
 -7.11779   0.00000  -0.72666   0.00000  -0.72666   0.00000  -0.72254   0.00000  -0.72254
 -7.06767  -0.06693  -0.73001  -0.06693  -0.73001   0.00000  -0.72254   0.00000  -0.72254
 -7.01754  -0.49298  -0.75472  -0.49298  -0.75472   0.00000  -0.72254   0.00000  -0.72254
 -6.96742  -0.09807  -0.75964  -0.09807  -0.75964   0.00000  -0.72254   0.00000  -0.72254
 -6.91729  -0.17117  -0.76822  -0.17117  -0.76822   0.00000  -0.72254   0.00000  -0.72254
 -6.86717  -0.33570  -0.78504  -0.33570  -0.78504   0.00000  -0.72254   0.00000  -0.72254
 -6.81704  -0.26882  -0.79852  -0.26882  -0.79852   0.00000  -0.72254   0.00000  -0.72254
 -6.76692  -0.28914  -0.81301  -0.28914  -0.81301   0.00000  -0.72254   0.00000  -0.72254
 -6.71679  -0.27557  -0.82683  -0.27557  -0.82683   0.00000  -0.72254   0.00000  -0.72254
 -6.66667  -0.35351  -0.84455  -0.35351  -0.84455   0.00000  -0.72254   0.00000  -0.72254
 -6.61654  -0.37547  -0.86337  -0.37547  -0.86337   0.00000  -0.72254   0.00000  -0.72254
 -6.56642  -0.23041  -0.87492  -0.23041  -0.87492   0.00000  -0.72254   0.00000  -0.72254
 -6.51629  -0.38133  -0.89403  -0.38133  -0.89403   0.00000  -0.72254   0.00000  -0.72254
 -6.46617  -0.30037  -0.90909  -0.30037  -0.90909   0.00000  -0.72254   0.00000  -0.72254
 -6.41604  -0.19862  -0.91904  -0.19862  -0.91904   0.00000  -0.72254   0.00000  -0.72254
 -6.36591  -0.18796  -0.92846  -0.18796  -0.92846   0.00000  -0.72254   0.00000  -0.72254
 -6.31579  -0.22361  -0.93967  -0.22361  -0.93967   0.00000  -0.72254   0.00000  -0.72254
 -6.26566  -0.19024  -0.94921  -0.19024  -0.94921   0.00000  -0.72254   0.00000  -0.72254
 -6.21554  -0.19146  -0.95881  -0.19146  -0.95881   0.00000  -0.72254   0.00000  -0.72254
 -6.16541  -0.21412  -0.96954  -0.21412  -0.96954   0.00000  -0.72254   0.00000  -0.72254
 -6.11529  -0.16923  -0.97802  -0.16923  -0.97802   0.00000  -0.72254   0.00000  -0.72254
 -6.06516  -0.33865  -0.99500  -0.33865  -0.99500   0.00000  -0.72254   0.00000  -0.72254
 -6.01504  -0.37430  -1.01376  -0.37430  -1.01376   0.00000  -0.72254   0.00000  -0.72254
 -5.96491  -0.33172  -1.03039  -0.33172  -1.03039   0.00000  -0.72254   0.00000  -0.72254
 -5.91479  -0.33965  -1.04741  -0.33965  -1.04741   0.00000  -0.72254   0.00000  -0.72254
 -5.86466  -0.30367  -1.06263  -0.30367  -1.06263   0.00000  -0.72254   0.00000  -0.72254
 -5.81454  -0.26169  -1.07575  -0.26169  -1.07575   0.00000  -0.72254   0.00000  -0.72254
 -5.76441  -0.26814  -1.08919  -0.26814  -1.08919   0.00000  -0.72254   0.00000  -0.72254
 -5.71429  -0.29314  -1.10388  -0.29314  -1.10388  -0.00769  -0.72293  -0.00769  -0.72293
 -5.66416  -0.32869  -1.12036  -0.32869  -1.12036  -0.17178  -0.73154  -0.17178  -0.73154
 -5.61404  -0.42104  -1.14146  -0.42104  -1.14146  -0.17220  -0.74017  -0.17220  -0.74017
 -5.56391  -0.35137  -1.15908  -0.35137  -1.15908  -0.17175  -0.74878  -0.17175  -0.74878
 -5.51378  -0.55507  -1.18690  -0.55507  -1.18690  -0.11543  -0.75456  -0.11543  -0.75456
 -5.46366  -0.46029  -1.20997  -0.46029  -1.20997  -0.07124  -0.75813  -0.07124  -0.75813
 -5.41353  -0.38813  -1.22943  -0.38813  -1.22943  -0.06093  -0.76119  -0.06093  -0.76119
 -5.36341  -0.32955  -1.24595  -0.32955  -1.24595  -0.05944  -0.76417  -0.05944  -0.76417
 -5.31328  -0.51337  -1.27168  -0.51337  -1.27168  -0.04425  -0.76639  -0.04425  -0.76639
 -5.26316  -0.69966  -1.30675  -0.69966  -1.30675  -0.09716  -0.77126  -0.09716  -0.77126
 -5.21303  -0.65595  -1.33963  -0.65595  -1.33963  -0.21118  -0.78184  -0.21118  -0.78184
 -5.16291  -0.52280  -1.36583  -0.52280  -1.36583  -0.36918  -0.80035  -0.36918  -0.80035
 -5.11278  -0.40453  -1.38611  -0.40453  -1.38611  -0.32289  -0.81653  -0.32289  -0.81653
 -5.06266  -0.36090  -1.40420  -0.36090  -1.40420  -0.28813  -0.83097  -0.28813  -0.83097
 -5.01253  -0.17879  -1.41316  -0.17879  -1.41316  -0.22411  -0.84221  -0.22411  -0.84221
 -4.96241  -0.09512  -1.41793  -0.09512  -1.41793  -0.19322  -0.85189  -0.19322  -0.85189
 -4.91228  -0.12706  -1.42430  -0.12706  -1.42430  -0.27456  -0.86566  -0.27456  -0.86566
 -4.86216  -0.09258  -1.42894  -0.09258  -1.42894  -0.41152  -0.88628  -0.41152  -0.88628
 -4.81203  -0.13972  -1.43595  -0.13972  -1.43595  -0.33999  -0.90333  -0.33999  -0.90333
 -4.76190  -0.11974  -1.44195  -0.11974  -1.44195  -0.36316  -0.92153  -0.36316  -0.92153
 -4.71178  -0.17445  -1.45069  -0.17445  -1.45069  -0.30937  -0.93704  -0.30937  -0.93704
 -4.66165  -0.15548  -1.45849  -0.15548  -1.45849  -0.27078  -0.95061  -0.27078  -0.95061
 -4.61153  -0.20912  -1.46897  -0.20912  -1.46897  -0.30566  -0.96593  -0.30566  -0.96593
 -4.56140  -0.18321  -1.47815  -0.18321  -1.47815  -0.27546  -0.97974  -0.27546  -0.97974
 -4.51128  -0.14237  -1.48529  -0.14237  -1.48529  -0.25959  -0.99275  -0.25959  -0.99275
 -4.46115  -0.11139  -1.49087  -0.11139  -1.49087  -0.27081  -1.00633  -0.27081  -1.00633
 -4.41103  -0.05604  -1.49368  -0.05604  -1.49368  -0.37523  -1.02513  -0.37523  -1.02513
 -4.36090  -0.03375  -1.49537  -0.03375  -1.49537  -0.36917  -1.04364  -0.36917  -1.04364
 -4.31078  -0.08084  -1.49942  -0.08084  -1.49942  -0.39851  -1.06361  -0.39851  -1.06361
 -4.26065  -0.13901  -1.50639  -0.13901  -1.50639  -0.34393  -1.08085  -0.34393  -1.08085
 -4.21053  -0.17153  -1.51499  -0.17153  -1.51499  -0.43155  -1.10248  -0.43155  -1.10248
 -4.16040  -0.11167  -1.52059  -0.11167  -1.52059  -0.28851  -1.11695  -0.28851  -1.11695
 -4.11028  -0.09096  -1.52515  -0.09096  -1.52515  -0.27935  -1.13095  -0.27935  -1.13095
 -4.06015  -0.07607  -1.52896  -0.07607  -1.52896  -0.33503  -1.14774  -0.33503  -1.14774
 -4.01003  -0.07996  -1.53297  -0.07996  -1.53297  -0.33624  -1.16460  -0.33624  -1.16460
 -3.95990  -0.06286  -1.53612  -0.06286  -1.53612  -0.39500  -1.18440  -0.39500  -1.18440
 -3.90977  -0.08158  -1.54021  -0.08158  -1.54021  -0.45659  -1.20728  -0.45659  -1.20728
 -3.85965  -0.07779  -1.54411  -0.07779  -1.54411  -0.43415  -1.22904  -0.43415  -1.22904
 -3.80952  -0.03432  -1.54583  -0.03432  -1.54583  -0.53188  -1.25571  -0.53188  -1.25571
 -3.75940   0.00636  -1.54551   0.00636  -1.54551  -0.40609  -1.27606  -0.40609  -1.27606
 -3.70927   0.04252  -1.54338   0.04252  -1.54338  -0.26871  -1.28953  -0.26871  -1.28953
 -3.65915   0.04327  -1.54121   0.04327  -1.54121  -0.19057  -1.29908  -0.19057  -1.29908
 -3.60902   0.01118  -1.54065   0.01118  -1.54065  -0.17534  -1.30787  -0.17534  -1.30787
 -3.55890  -0.03108  -1.54221  -0.03108  -1.54221  -0.20777  -1.31829  -0.20777  -1.31829
 -3.50877  -0.08010  -1.54622  -0.08010  -1.54622  -0.21672  -1.32915  -0.21672  -1.32915
 -3.45865  -0.02579  -1.54751  -0.02579  -1.54751  -0.19176  -1.33876  -0.19176  -1.33876
 -3.40852  -0.02850  -1.54894  -0.02850  -1.54894  -0.17549  -1.34756  -0.17549  -1.34756
 -3.35840  -0.01415  -1.54965  -0.01415  -1.54965  -0.16220  -1.35569  -0.16220  -1.35569
 -3.30827   0.02991  -1.54815   0.02991  -1.54815  -0.12293  -1.36185  -0.12293  -1.36185
 -3.25815   0.01017  -1.54764   0.01017  -1.54764  -0.10064  -1.36689  -0.10064  -1.36689
 -3.20802   0.05732  -1.54477   0.05732  -1.54477  -0.11226  -1.37252  -0.11226  -1.37252
 -3.15789   0.09331  -1.54009   0.09331  -1.54009  -0.17157  -1.38112  -0.17157  -1.38112
 -3.10777   0.05209  -1.53748   0.05209  -1.53748  -0.17891  -1.39009  -0.17891  -1.39009
 -3.05764   0.02632  -1.53616   0.02632  -1.53616  -0.14908  -1.39756  -0.14908  -1.39756
 -3.00752   0.02499  -1.53491   0.02499  -1.53491  -0.16022  -1.40559  -0.16022  -1.40559
 -2.95739   0.01889  -1.53396   0.01889  -1.53396  -0.16089  -1.41366  -0.16089  -1.41366
 -2.90727   0.01547  -1.53319   0.01547  -1.53319  -0.09966  -1.41865  -0.09966  -1.41865
 -2.85714   0.02686  -1.53184   0.02686  -1.53184  -0.08255  -1.42279  -0.08255  -1.42279
 -2.80702   0.07271  -1.52820   0.07271  -1.52820  -0.07231  -1.42642  -0.07231  -1.42642
 -2.75689   0.11420  -1.52247   0.11420  -1.52247  -0.09398  -1.43113  -0.09398  -1.43113
 -2.70677   0.07307  -1.51881   0.07307  -1.51881  -0.08334  -1.43530  -0.08334  -1.43530
 -2.65664   0.08932  -1.51433   0.08932  -1.51433  -0.09355  -1.43999  -0.09355  -1.43999
 -2.60652   0.10250  -1.50919   0.10250  -1.50919  -0.12528  -1.44627  -0.12528  -1.44627
 -2.55639   0.10514  -1.50392   0.10514  -1.50392  -0.10844  -1.45171  -0.10844  -1.45171
 -2.50627   0.17477  -1.49516   0.17477  -1.49516  -0.13411  -1.45843  -0.13411  -1.45843
 -2.45614   0.14551  -1.48787   0.14551  -1.48787  -0.11738  -1.46431  -0.11738  -1.46431
 -2.40602   0.20039  -1.47782   0.20039  -1.47782  -0.09898  -1.46928  -0.09898  -1.46928
 -2.35589   0.22665  -1.46646   0.22665  -1.46646  -0.09661  -1.47412  -0.09661  -1.47412
 -2.30576   0.23950  -1.45446   0.23950  -1.45446  -0.08748  -1.47850  -0.08748  -1.47850
 -2.25564   0.16217  -1.44633   0.16217  -1.44633  -0.08520  -1.48277  -0.08520  -1.48277
 -2.20551   0.16361  -1.43813   0.16361  -1.43813  -0.09406  -1.48749  -0.09406  -1.48749
 -2.15539   0.20705  -1.42775   0.20705  -1.42775  -0.05564  -1.49028  -0.05564  -1.49028
 -2.10526   0.20558  -1.41745   0.20558  -1.41745  -0.02982  -1.49177  -0.02982  -1.49177
 -2.05514   0.17716  -1.40857   0.17716  -1.40857  -0.00488  -1.49202  -0.00488  -1.49202
 -2.00501   0.15525  -1.40078   0.15525  -1.40078  -0.00063  -1.49205  -0.00063  -1.49205
 -1.95489   0.15614  -1.39296   0.15614  -1.39296  -0.00304  -1.49220  -0.00304  -1.49220
 -1.90476   0.12540  -1.38667   0.12540  -1.38667   0.01430  -1.49148   0.01430  -1.49148
 -1.85464   0.15036  -1.37913   0.15036  -1.37913   0.00730  -1.49112   0.00730  -1.49112
 -1.80451   0.18300  -1.36996   0.18300  -1.36996  -0.00815  -1.49153  -0.00815  -1.49153
 -1.75439   0.21973  -1.35895   0.21973  -1.35895  -0.02255  -1.49266  -0.02255  -1.49266
 -1.70426   0.24591  -1.34662   0.24591  -1.34662   0.00535  -1.49239   0.00535  -1.49239
 -1.65414   0.26595  -1.33329   0.26595  -1.33329  -0.01453  -1.49312  -0.01453  -1.49312
 -1.60401   0.28383  -1.31906   0.28383  -1.31906  -0.04250  -1.49525  -0.04250  -1.49525
 -1.55388   0.17868  -1.31011   0.17868  -1.31011  -0.04274  -1.49739  -0.04274  -1.49739
 -1.50376   0.13922  -1.30313   0.13922  -1.30313  -0.05190  -1.49999  -0.05190  -1.49999
 -1.45363   0.13988  -1.29612   0.13988  -1.29612  -0.04610  -1.50230  -0.04610  -1.50230
 -1.40351   0.17297  -1.28745   0.17297  -1.28745  -0.04113  -1.50436  -0.04113  -1.50436
 -1.35338   0.12908  -1.28098   0.12908  -1.28098  -0.03812  -1.50628  -0.03812  -1.50628
 -1.30326   0.13599  -1.27416   0.13599  -1.27416  -0.03276  -1.50792  -0.03276  -1.50792
 -1.25313   0.11902  -1.26819   0.11902  -1.26819  -0.03174  -1.50951  -0.03174  -1.50951
 -1.20301   0.08204  -1.26408   0.08204  -1.26408  -0.03061  -1.51104  -0.03061  -1.51104
 -1.15288   0.06648  -1.26075   0.06648  -1.26075  -0.03114  -1.51260  -0.03114  -1.51260
 -1.10276   0.11698  -1.25489   0.11698  -1.25489  -0.02591  -1.51390  -0.02591  -1.51390
 -1.05263   0.13686  -1.24803   0.13686  -1.24803  -0.00821  -1.51431  -0.00821  -1.51431
 -1.00251   0.07016  -1.24451   0.07016  -1.24451  -0.00480  -1.51455  -0.00480  -1.51455
 -0.95238   0.05874  -1.24156   0.05874  -1.24156   0.00373  -1.51437   0.00373  -1.51437
 -0.90226   0.07685  -1.23771   0.07685  -1.23771   0.00080  -1.51433   0.00080  -1.51433
 -0.85213   0.08729  -1.23334   0.08729  -1.23334  -0.00362  -1.51451  -0.00362  -1.51451
 -0.80201   0.07713  -1.22947   0.07713  -1.22947  -0.00135  -1.51458  -0.00135  -1.51458
 -0.75188   0.10017  -1.22445   0.10017  -1.22445   0.00889  -1.51413   0.00889  -1.51413
 -0.70175   0.07024  -1.22093   0.07024  -1.22093  -0.00205  -1.51423  -0.00205  -1.51423
 -0.65163   0.03642  -1.21910   0.03642  -1.21910   0.00022  -1.51422   0.00022  -1.51422
 -0.60150   0.02832  -1.21768   0.02832  -1.21768   0.00000  -1.51422   0.00000  -1.51422
 -0.55138   0.01619  -1.21687   0.01619  -1.21687   0.00000  -1.51422   0.00000  -1.51422
 -0.50125   0.00797  -1.21647   0.00797  -1.21647   0.00000  -1.51422   0.00000  -1.51422
 -0.45113   0.00975  -1.21598   0.00975  -1.21598   0.00000  -1.51422   0.00000  -1.51422
 -0.40100   0.01442  -1.21526   0.01442  -1.21526   0.00000  -1.51422   0.00000  -1.51422
 -0.35088   0.01377  -1.21457   0.01377  -1.21457   0.00000  -1.51422   0.00000  -1.51422
 -0.30075   0.00449  -1.21435   0.00449  -1.21435   0.00000  -1.51422   0.00000  -1.51422
 -0.25063   0.00469  -1.21411   0.00469  -1.21411   0.00000  -1.51422   0.00000  -1.51422
 -0.20050   0.00791  -1.21371   0.00791  -1.21371   0.00000  -1.51422   0.00000  -1.51422
 -0.15038   0.00037  -1.21370   0.00037  -1.21370   0.00000  -1.51422   0.00000  -1.51422
 -0.10025   0.00200  -1.21360   0.00200  -1.21360   0.00000  -1.51422   0.00000  -1.51422
 -0.05013   0.00277  -1.21346   0.00277  -1.21346   0.00000  -1.51422   0.00000  -1.51422
  0.00000   0.00526  -1.21319   0.00526  -1.21319   0.00000  -1.51422   0.00000  -1.51422
  0.05013   0.00000  -1.21319   0.00000  -1.21319   0.00000  -1.51422   0.00000  -1.51422
  0.10025   0.00000  -1.21319   0.00000  -1.21319   0.00000  -1.51422   0.00000  -1.51422
  0.15038   0.00000  -1.21319   0.00000  -1.21319   0.00000  -1.51422   0.00000  -1.51422
  0.20050   0.00000  -1.21319   0.00000  -1.21319   0.00000  -1.51422   0.00000  -1.51422
  0.25063   0.00000  -1.21319   0.00000  -1.21319   0.00000  -1.51422   0.00000  -1.51422
  0.30075   0.00000  -1.21319   0.00000  -1.21319   0.00000  -1.51422   0.00000  -1.51422
  0.35088   0.00000  -1.21319   0.00000  -1.21319   0.00000  -1.51422   0.00000  -1.51422
  0.40100   0.00000  -1.21319   0.00000  -1.21319   0.00000  -1.51422   0.00000  -1.51422
  0.45113   0.00000  -1.21319   0.00000  -1.21319   0.00000  -1.51422   0.00000  -1.51422
  0.50125   0.00000  -1.21319   0.00000  -1.21319   0.00000  -1.51422   0.00000  -1.51422
  0.55138   0.00000  -1.21319   0.00000  -1.21319   0.00000  -1.51422   0.00000  -1.51422
  0.60150   0.00000  -1.21319   0.00000  -1.21319   0.00000  -1.51422   0.00000  -1.51422
  0.65163   0.00000  -1.21319   0.00000  -1.21319   0.00000  -1.51422   0.00000  -1.51422
  0.70175   0.00000  -1.21319   0.00000  -1.21319   0.00000  -1.51422   0.00000  -1.51422
  0.75188   0.00000  -1.21319   0.00000  -1.21319   0.00000  -1.51422   0.00000  -1.51422
  0.80201   0.00000  -1.21319   0.00000  -1.21319   0.00000  -1.51422   0.00000  -1.51422
  0.85213   0.00000  -1.21319   0.00000  -1.21319   0.00000  -1.51422   0.00000  -1.51422
  0.90226   0.00000  -1.21319   0.00000  -1.21319   0.00000  -1.51422   0.00000  -1.51422
  0.95238   0.00000  -1.21319   0.00000  -1.21319   0.00000  -1.51422   0.00000  -1.51422
  1.00251   0.25274  -1.20052   0.25274  -1.20052   0.00000  -1.51422   0.00000  -1.51422
  1.05263   0.39494  -1.18073   0.39494  -1.18073   0.00000  -1.51422   0.00000  -1.51422
  1.10276   0.60006  -1.15065   0.60006  -1.15065   0.00000  -1.51422   0.00000  -1.51422
  1.15288   0.70628  -1.11525   0.70628  -1.11525   0.00000  -1.51422   0.00000  -1.51422
  1.20301   0.64802  -1.08277   0.64802  -1.08277   0.00000  -1.51422   0.00000  -1.51422
  1.25313   0.84300  -1.04051   0.84300  -1.04051   0.00000  -1.51422   0.00000  -1.51422
  1.30326   0.91590  -0.99460   0.91590  -0.99460   0.00000  -1.51422   0.00000  -1.51422
  1.35338   1.14680  -0.93712   1.14680  -0.93712   0.00000  -1.51422   0.00000  -1.51422
  1.40351   0.88781  -0.89261   0.88781  -0.89261   0.00000  -1.51422   0.00000  -1.51422
  1.45363   0.64883  -0.86009   0.64883  -0.86009   0.00000  -1.51422   0.00000  -1.51422
  1.50376   1.09962  -0.80497   1.09962  -0.80497   0.00000  -1.51422   0.00000  -1.51422
  1.55388   0.75936  -0.76691   0.75936  -0.76691   0.00000  -1.51422   0.00000  -1.51422
  1.60401   0.68003  -0.73282   0.68003  -0.73282   0.00000  -1.51422   0.00000  -1.51422
  1.65414   0.56823  -0.70434   0.56823  -0.70434   0.00000  -1.51422   0.00000  -1.51422
  1.70426   0.45553  -0.68151   0.45553  -0.68151   0.00000  -1.51422   0.00000  -1.51422
  1.75439   0.35193  -0.66387   0.35193  -0.66387   0.00000  -1.51422   0.00000  -1.51422
  1.80451   0.36627  -0.64551   0.36627  -0.64551   0.00000  -1.51422   0.00000  -1.51422
  1.85464   0.60540  -0.61516   0.60540  -0.61516   0.00000  -1.51422   0.00000  -1.51422
  1.90476   0.64611  -0.58277   0.64611  -0.58277   0.00000  -1.51422   0.00000  -1.51422
  1.95489   0.28856  -0.56831   0.28856  -0.56831   0.00000  -1.51422   0.00000  -1.51422
  2.00501   0.12668  -0.56196   0.12668  -0.56196   0.00000  -1.51422   0.00000  -1.51422
  2.05514   0.11714  -0.55609   0.11714  -0.55609   0.00000  -1.51422   0.00000  -1.51422
  2.10526   0.07562  -0.55230   0.07562  -0.55230   0.00000  -1.51422   0.00000  -1.51422
  2.15539   0.00440  -0.55208   0.00440  -0.55208   0.00000  -1.51422   0.00000  -1.51422
  2.20551   0.00067  -0.55204   0.00067  -0.55204   0.00000  -1.51422   0.00000  -1.51422
  2.25564   0.00000  -0.55204   0.00000  -0.55204   0.00000  -1.51422   0.00000  -1.51422
  2.30576   0.00000  -0.55204   0.00000  -0.55204   0.00000  -1.51422   0.00000  -1.51422
  2.35589   0.00000  -0.55204   0.00000  -0.55204   0.00000  -1.51422   0.00000  -1.51422
  2.40602   0.00000  -0.55204   0.00000  -0.55204   0.00000  -1.51422   0.00000  -1.51422
  2.45614   0.00000  -0.55204   0.00000  -0.55204   0.00000  -1.51422   0.00000  -1.51422
  2.50627   0.00000  -0.55204   0.00000  -0.55204   0.00000  -1.51422   0.00000  -1.51422
  2.55639   0.00000  -0.55204   0.00000  -0.55204   0.00000  -1.51422   0.00000  -1.51422
  2.60652   0.00000  -0.55204   0.00000  -0.55204   0.28503  -1.49994   0.28503  -1.49994
  2.65664   0.00000  -0.55204   0.00000  -0.55204   0.25307  -1.48725   0.25307  -1.48725
  2.70677   0.00000  -0.55204   0.00000  -0.55204   0.26903  -1.47377   0.26903  -1.47377
  2.75689   0.00000  -0.55204   0.00000  -0.55204   0.28534  -1.45946   0.28534  -1.45946
  2.80702   0.00000  -0.55204   0.00000  -0.55204   0.72332  -1.42321   0.72332  -1.42321
  2.85714   0.00000  -0.55204   0.00000  -0.55204   0.33371  -1.40648   0.33371  -1.40648
  2.90727   0.00000  -0.55204   0.00000  -0.55204   0.19451  -1.39673   0.19451  -1.39673
  2.95739   0.00000  -0.55204   0.00000  -0.55204   0.22477  -1.38546   0.22477  -1.38546
  3.00752   0.00000  -0.55204   0.00000  -0.55204   0.39258  -1.36578   0.39258  -1.36578
  3.05764   0.00000  -0.55204   0.00000  -0.55204   0.22639  -1.35444   0.22639  -1.35444
  3.10777   0.00000  -0.55204   0.00000  -0.55204   0.29570  -1.33961   0.29570  -1.33961
  3.15789   0.00000  -0.55204   0.00000  -0.55204   0.24354  -1.32741   0.24354  -1.32741
  3.20802   0.00000  -0.55204   0.00000  -0.55204   0.22333  -1.31621   0.22333  -1.31621
  3.25815   0.00000  -0.55204   0.00000  -0.55204   0.53203  -1.28954   0.53203  -1.28954
  3.30827   0.00000  -0.55204   0.00000  -0.55204   0.72775  -1.25306   0.72775  -1.25306
  3.35840   0.00000  -0.55204   0.00000  -0.55204   0.91517  -1.20719   0.91517  -1.20719
  3.40852   0.00000  -0.55204   0.00000  -0.55204   0.34787  -1.18976   0.34787  -1.18976
  3.45865   0.00000  -0.55204   0.00000  -0.55204   0.07974  -1.18576   0.07974  -1.18576
  3.50877   0.00000  -0.55204   0.00000  -0.55204   0.13694  -1.17889   0.13694  -1.17889
  3.55890   0.00000  -0.55204   0.00000  -0.55204   0.15884  -1.17093   0.15884  -1.17093
  3.60902   0.00000  -0.55204   0.00000  -0.55204   0.71806  -1.13494   0.71806  -1.13494
  3.65915   0.00000  -0.55204   0.00000  -0.55204   0.71536  -1.09908   0.71536  -1.09908
  3.70927   0.00000  -0.55204   0.00000  -0.55204   1.11585  -1.04315   1.11585  -1.04315
  3.75940   0.00000  -0.55204   0.00000  -0.55204   1.26631  -0.97967   1.26631  -0.97967
  3.80952   0.00000  -0.55204   0.00000  -0.55204   1.03576  -0.92776   1.03576  -0.92776
  3.85965   0.00000  -0.55204   0.00000  -0.55204   1.12490  -0.87137   1.12490  -0.87137
  3.90977   0.00000  -0.55204   0.00000  -0.55204   1.13705  -0.81438   1.13705  -0.81438
  3.95990   0.00000  -0.55204   0.00000  -0.55204   1.38559  -0.74492   1.38559  -0.74492
  4.01003   0.00000  -0.55204   0.00000  -0.55204   1.28016  -0.68075   1.28016  -0.68075
  4.06015   0.00000  -0.55204   0.00000  -0.55204   1.07368  -0.62694   1.07368  -0.62694
  4.11028   0.00000  -0.55204   0.00000  -0.55204   1.01330  -0.57614   1.01330  -0.57614
  4.16040   0.00000  -0.55204   0.00000  -0.55204   0.31185  -0.56051   0.31185  -0.56051
  4.21053   0.00000  -0.55204   0.00000  -0.55204   0.10904  -0.55505   0.10904  -0.55505
  4.26065   0.00000  -0.55204   0.00000  -0.55204   0.08217  -0.55093   0.08217  -0.55093
  4.31078   0.00000  -0.55204   0.00000  -0.55204   0.08091  -0.54687   0.08091  -0.54687
  4.36090   0.00000  -0.55204   0.00000  -0.55204   0.05181  -0.54428   0.05181  -0.54428
  4.41103   0.00000  -0.55204   0.00000  -0.55204   0.01469  -0.54354   0.01469  -0.54354
  4.46115   0.00000  -0.55204   0.00000  -0.55204   0.03904  -0.54158   0.03904  -0.54158
  4.51128   0.00000  -0.55204   0.00000  -0.55204   0.00000  -0.54158   0.00000  -0.54158
  4.56140   0.00000  -0.55204   0.00000  -0.55204   0.00000  -0.54158   0.00000  -0.54158
  4.61153   0.00000  -0.55204   0.00000  -0.55204   0.00000  -0.54158   0.00000  -0.54158
  4.66165   0.00000  -0.55204   0.00000  -0.55204   0.00000  -0.54158   0.00000  -0.54158
  4.71178   0.00000  -0.55204   0.00000  -0.55204   0.00000  -0.54158   0.00000  -0.54158
  4.76190   0.00000  -0.55204   0.00000  -0.55204   0.00000  -0.54158   0.00000  -0.54158
  4.81203   0.00000  -0.55204   0.00000  -0.55204   0.00000  -0.54158   0.00000  -0.54158
  4.86216   0.00000  -0.55204   0.00000  -0.55204   0.00000  -0.54158   0.00000  -0.54158
  4.91228   0.00000  -0.55204   0.00000  -0.55204   0.00000  -0.54158   0.00000  -0.54158
  4.96241   0.00000  -0.55204   0.00000  -0.55204   0.00000  -0.54158   0.00000  -0.54158
  5.01253   0.00000  -0.55204   0.00000  -0.55204   0.00000  -0.54158   0.00000  -0.54158
  5.06266   0.00000  -0.55204   0.00000  -0.55204   0.00000  -0.54158   0.00000  -0.54158
  5.11278   0.00000  -0.55204   0.00000  -0.55204   0.00000  -0.54158   0.00000  -0.54158
  5.16291   0.00000  -0.55204   0.00000  -0.55204   0.00000  -0.54158   0.00000  -0.54158
  5.21303   0.00000  -0.55204   0.00000  -0.55204   0.00000  -0.54158   0.00000  -0.54158
  5.26316   0.00000  -0.55204   0.00000  -0.55204   0.00000  -0.54158   0.00000  -0.54158
  5.31328   0.00000  -0.55204   0.00000  -0.55204   0.00000  -0.54158   0.00000  -0.54158
  5.36341   0.00000  -0.55204   0.00000  -0.55204   0.00000  -0.54158   0.00000  -0.54158
  5.41353   0.00000  -0.55204   0.00000  -0.55204   0.00000  -0.54158   0.00000  -0.54158
  5.46366   0.00000  -0.55204   0.00000  -0.55204   0.00000  -0.54158   0.00000  -0.54158
  5.51378   0.00000  -0.55204   0.00000  -0.55204   0.00000  -0.54158   0.00000  -0.54158
  5.56391   0.00000  -0.55204   0.00000  -0.55204   0.00000  -0.54158   0.00000  -0.54158
  5.61404   0.00000  -0.55204   0.00000  -0.55204   0.00000  -0.54158   0.00000  -0.54158
  5.66416   0.00000  -0.55204   0.00000  -0.55204   0.00000  -0.54158   0.00000  -0.54158
  5.71429   0.00000  -0.55204   0.00000  -0.55204   0.00000  -0.54158   0.00000  -0.54158
  5.76441   0.00000  -0.55204   0.00000  -0.55204   0.00000  -0.54158   0.00000  -0.54158
  5.81454   0.00000  -0.55204   0.00000  -0.55204   0.00000  -0.54158   0.00000  -0.54158
  5.86466   0.00000  -0.55204   0.00000  -0.55204   0.00000  -0.54158   0.00000  -0.54158
  5.91479   0.00000  -0.55204   0.00000  -0.55204   0.00000  -0.54158   0.00000  -0.54158
  5.96491   0.00025  -0.55203   0.00025  -0.55203   0.00000  -0.54158   0.00000  -0.54158
  6.01504   0.00343  -0.55186   0.00343  -0.55186   0.00000  -0.54158   0.00000  -0.54158
  6.06516   0.00964  -0.55138   0.00964  -0.55138   0.00000  -0.54158   0.00000  -0.54158
  6.11529   0.01643  -0.55055   0.01643  -0.55055   0.00000  -0.54158   0.00000  -0.54158
  6.16541   0.01767  -0.54967   0.01767  -0.54967   0.00000  -0.54158   0.00000  -0.54158
  6.21554   0.01591  -0.54887   0.01591  -0.54887   0.00052  -0.54156   0.00052  -0.54156
  6.26566   0.01499  -0.54812   0.01499  -0.54812   0.00454  -0.54133   0.00454  -0.54133
  6.31579   0.01593  -0.54732   0.01593  -0.54732   0.01085  -0.54078   0.01085  -0.54078
  6.36591   0.01791  -0.54642   0.01791  -0.54642   0.01660  -0.53995   0.01660  -0.53995
  6.41604   0.02140  -0.54535   0.02140  -0.54535   0.01602  -0.53915   0.01602  -0.53915
  6.46617   0.02573  -0.54406   0.02573  -0.54406   0.01445  -0.53843   0.01445  -0.53843
  6.51629   0.02376  -0.54287   0.02376  -0.54287   0.01436  -0.53771   0.01436  -0.53771
  6.56642   0.02207  -0.54176   0.02207  -0.54176   0.01569  -0.53692   0.01569  -0.53692
  6.61654   0.02125  -0.54070   0.02125  -0.54070   0.01818  -0.53601   0.01818  -0.53601
  6.66667   0.02050  -0.53967   0.02050  -0.53967   0.02316  -0.53485   0.02316  -0.53485
  6.71679   0.02019  -0.53866   0.02019  -0.53866   0.02313  -0.53369   0.02313  -0.53369
  6.76692   0.02280  -0.53751   0.02280  -0.53751   0.02087  -0.53264   0.02087  -0.53264
  6.81704   0.03397  -0.53581   0.03397  -0.53581   0.01997  -0.53164   0.01997  -0.53164
  6.86717   0.03723  -0.53395   0.03723  -0.53395   0.01913  -0.53068   0.01913  -0.53068
  6.91729   0.03503  -0.53219   0.03503  -0.53219   0.01869  -0.52974   0.01869  -0.52974
  6.96742   0.04272  -0.53005   0.04272  -0.53005   0.01956  -0.52876   0.01956  -0.52876
  7.01754   0.04631  -0.52773   0.04631  -0.52773   0.02906  -0.52731   0.02906  -0.52731
  7.06767   0.04638  -0.52540   0.04638  -0.52540   0.03465  -0.52557   0.03465  -0.52557
  7.11779   0.04159  -0.52332   0.04159  -0.52332   0.03275  -0.52393   0.03275  -0.52393
  7.16792   0.04338  -0.52114   0.04338  -0.52114   0.03160  -0.52235   0.03160  -0.52235
  7.21805   0.04817  -0.51873   0.04817  -0.51873   0.03812  -0.52043   0.03812  -0.52043
  7.26817   0.04773  -0.51634   0.04773  -0.51634   0.04727  -0.51807   0.04727  -0.51807
  7.31830   0.04483  -0.51409   0.04483  -0.51409   0.04736  -0.51569   0.04736  -0.51569
  7.36842   0.04297  -0.51193   0.04297  -0.51193   0.04520  -0.51343   0.04520  -0.51343
  7.41855   0.04396  -0.50973   0.04396  -0.50973   0.04550  -0.51115   0.04550  -0.51115
  7.46867   0.03553  -0.50795   0.03553  -0.50795   0.04435  -0.50892   0.04435  -0.50892
  7.51880   0.03382  -0.50625   0.03382  -0.50625   0.04531  -0.50665   0.04531  -0.50665
  7.56892   0.03843  -0.50433   0.03843  -0.50433   0.04457  -0.50442   0.04457  -0.50442
  7.61905   0.04556  -0.50204   0.04556  -0.50204   0.04389  -0.50222   0.04389  -0.50222
  7.66917   0.04229  -0.49992   0.04229  -0.49992   0.03598  -0.50041   0.03598  -0.50041
  7.71930   0.03823  -0.49801   0.03823  -0.49801   0.03532  -0.49864   0.03532  -0.49864
  7.76942   0.04957  -0.49552   0.04957  -0.49552   0.03664  -0.49681   0.03664  -0.49681
  7.81955   0.06122  -0.49245   0.06122  -0.49245   0.04180  -0.49471   0.04180  -0.49471
  7.86967   0.06730  -0.48908   0.06730  -0.48908   0.04970  -0.49222   0.04970  -0.49222
  7.91980   0.07822  -0.48516   0.07822  -0.48516   0.04079  -0.49018   0.04079  -0.49018
  7.96992   0.08287  -0.48101   0.08287  -0.48101   0.04738  -0.48780   0.04738  -0.48780
  8.02005   0.09807  -0.47609   0.09807  -0.47609   0.07014  -0.48428   0.07014  -0.48428
  8.07018   0.10247  -0.47095   0.10247  -0.47095   0.08049  -0.48025   0.08049  -0.48025
  8.12030   0.10392  -0.46575   0.10392  -0.46575   0.07717  -0.47638   0.07717  -0.47638
  8.17043   0.11665  -0.45990   0.11665  -0.45990   0.09511  -0.47161   0.09511  -0.47161
  8.22055   0.14048  -0.45286   0.14048  -0.45286   0.10798  -0.46620   0.10798  -0.46620
  8.27068   0.13576  -0.44605   0.13576  -0.44605   0.10238  -0.46107   0.10238  -0.46107
  8.32080   0.15691  -0.43819   0.15691  -0.43819   0.10630  -0.45574   0.10630  -0.45574
  8.37093   0.16651  -0.42984   0.16651  -0.42984   0.12156  -0.44965   0.12156  -0.44965
  8.42105   0.18289  -0.42067   0.18289  -0.42067   0.12691  -0.44329   0.12691  -0.44329
  8.47118   0.19192  -0.41105   0.19192  -0.41105   0.13883  -0.43633   0.13883  -0.43633
  8.52130   0.16590  -0.40274   0.16590  -0.40274   0.17137  -0.42774   0.17137  -0.42774
  8.57143   0.13156  -0.39614   0.13156  -0.39614   0.16718  -0.41936   0.16718  -0.41936
  8.62155   0.17473  -0.38738   0.17473  -0.38738   0.21795  -0.40843   0.21795  -0.40843
  8.67168   0.10249  -0.38225   0.10249  -0.38225   0.14656  -0.40109   0.14656  -0.40109
  8.72180   0.12248  -0.37611   0.12248  -0.37611   0.14646  -0.39375   0.14646  -0.39375
  8.77193   0.13456  -0.36936   0.13456  -0.36936   0.15834  -0.38581   0.15834  -0.38581
  8.82206   0.11825  -0.36344   0.11825  -0.36344   0.14077  -0.37875   0.14077  -0.37875
  8.87218   0.18807  -0.35401   0.18807  -0.35401   0.09502  -0.37399   0.09502  -0.37399
  8.92231   0.16146  -0.34592   0.16146  -0.34592   0.13552  -0.36720   0.13552  -0.36720
  8.97243   0.16997  -0.33740   0.16997  -0.33740   0.12435  -0.36096   0.12435  -0.36096
  9.02256   0.15583  -0.32958   0.15583  -0.32958   0.16498  -0.35270   0.16498  -0.35270
  9.07268   0.12493  -0.32332   0.12493  -0.32332   0.17667  -0.34384   0.17667  -0.34384
  9.12281   0.16887  -0.31486   0.16887  -0.31486   0.16552  -0.33554   0.16552  -0.33554
  9.17293   0.12992  -0.30835   0.12992  -0.30835   0.14956  -0.32805   0.14956  -0.32805
  9.22306   0.12192  -0.30223   0.12192  -0.30223   0.13922  -0.32107   0.13922  -0.32107
  9.27318   0.11220  -0.29661   0.11220  -0.29661   0.15188  -0.31345   0.15188  -0.31345
  9.32331   0.10224  -0.29149   0.10224  -0.29149   0.12938  -0.30697   0.12938  -0.30697
  9.37343   0.10924  -0.28601   0.10924  -0.28601   0.12428  -0.30074   0.12428  -0.30074
  9.42356   0.10784  -0.28060   0.10784  -0.28060   0.10509  -0.29547   0.10509  -0.29547
  9.47368   0.11539  -0.27482   0.11539  -0.27482   0.09109  -0.29091   0.09109  -0.29091
  9.52381   0.11780  -0.26892   0.11780  -0.26892   0.10024  -0.28588   0.10024  -0.28588
  9.57393   0.11850  -0.26298   0.11850  -0.26298   0.10199  -0.28077   0.10199  -0.28077
  9.62406   0.14638  -0.25564   0.14638  -0.25564   0.12046  -0.27473   0.12046  -0.27473
  9.67419   0.11324  -0.24996   0.11324  -0.24996   0.11802  -0.26882   0.11802  -0.26882
  9.72431   0.10938  -0.24448   0.10938  -0.24448   0.12716  -0.26244   0.12716  -0.26244
  9.77444   0.09420  -0.23976   0.09420  -0.23976   0.11801  -0.25653   0.11801  -0.25653
  9.82456   0.09420  -0.23504   0.09420  -0.23504   0.09078  -0.25198   0.09078  -0.25198
  9.87469   0.10632  -0.22971   0.10632  -0.22971   0.08659  -0.24764   0.08659  -0.24764
  9.92481   0.12153  -0.22361   0.12153  -0.22361   0.08637  -0.24331   0.08637  -0.24331
  9.97494   0.12177  -0.21751   0.12177  -0.21751   0.08432  -0.23908   0.08432  -0.23908
 10.02506   0.11517  -0.21174   0.11517  -0.21174   0.10199  -0.23397   0.10199  -0.23397