ESCALE ; pCOHP file generated by LOBSTER. Energy is shifted such that the Fermi level lies at 0 eV.
         2          2        401  -5.82964e+00   1.42205e+01   4.19543e+00 
Average
No.1:Mn53->O72(1.9179034246527584)
-10.02506   0.00000  -0.73220   0.00000  -0.73220   0.00000  -0.72745   0.00000  -0.72745
 -9.97494   0.00000  -0.73220   0.00000  -0.73220   0.00000  -0.72745   0.00000  -0.72745
 -9.92481   0.00000  -0.73220   0.00000  -0.73220   0.00000  -0.72745   0.00000  -0.72745
 -9.87469   0.00000  -0.73220   0.00000  -0.73220   0.00000  -0.72745   0.00000  -0.72745
 -9.82456   0.00000  -0.73220   0.00000  -0.73220   0.00000  -0.72745   0.00000  -0.72745
 -9.77444   0.00000  -0.73220   0.00000  -0.73220   0.00000  -0.72745   0.00000  -0.72745
 -9.72431   0.00000  -0.73220   0.00000  -0.73220   0.00000  -0.72745   0.00000  -0.72745
 -9.67419   0.00000  -0.73220   0.00000  -0.73220   0.00000  -0.72745   0.00000  -0.72745
 -9.62406   0.00000  -0.73220   0.00000  -0.73220   0.00000  -0.72745   0.00000  -0.72745
 -9.57393   0.00000  -0.73220   0.00000  -0.73220   0.00000  -0.72745   0.00000  -0.72745
 -9.52381   0.00000  -0.73220   0.00000  -0.73220   0.00000  -0.72745   0.00000  -0.72745
 -9.47368   0.00000  -0.73220   0.00000  -0.73220   0.00000  -0.72745   0.00000  -0.72745
 -9.42356   0.00000  -0.73220   0.00000  -0.73220   0.00000  -0.72745   0.00000  -0.72745
 -9.37343   0.00000  -0.73220   0.00000  -0.73220   0.00000  -0.72745   0.00000  -0.72745
 -9.32331   0.00000  -0.73220   0.00000  -0.73220   0.00000  -0.72745   0.00000  -0.72745
 -9.27318   0.00000  -0.73220   0.00000  -0.73220   0.00000  -0.72745   0.00000  -0.72745
 -9.22306   0.00000  -0.73220   0.00000  -0.73220   0.00000  -0.72745   0.00000  -0.72745
 -9.17293   0.00000  -0.73220   0.00000  -0.73220   0.00000  -0.72745   0.00000  -0.72745
 -9.12281   0.00000  -0.73220   0.00000  -0.73220   0.00000  -0.72745   0.00000  -0.72745
 -9.07268   0.00000  -0.73220   0.00000  -0.73220   0.00000  -0.72745   0.00000  -0.72745
 -9.02256   0.00000  -0.73220   0.00000  -0.73220   0.00000  -0.72745   0.00000  -0.72745
 -8.97243   0.00000  -0.73220   0.00000  -0.73220   0.00000  -0.72745   0.00000  -0.72745
 -8.92231   0.00000  -0.73220   0.00000  -0.73220   0.00000  -0.72745   0.00000  -0.72745
 -8.87218   0.00000  -0.73220   0.00000  -0.73220   0.00000  -0.72745   0.00000  -0.72745
 -8.82206   0.00000  -0.73220   0.00000  -0.73220   0.00000  -0.72745   0.00000  -0.72745
 -8.77193   0.00000  -0.73220   0.00000  -0.73220   0.00000  -0.72745   0.00000  -0.72745
 -8.72180   0.00000  -0.73220   0.00000  -0.73220   0.00000  -0.72745   0.00000  -0.72745
 -8.67168   0.00000  -0.73220   0.00000  -0.73220   0.00000  -0.72745   0.00000  -0.72745
 -8.62155   0.00000  -0.73220   0.00000  -0.73220   0.00000  -0.72745   0.00000  -0.72745
 -8.57143   0.00000  -0.73220   0.00000  -0.73220   0.00000  -0.72745   0.00000  -0.72745
 -8.52130   0.00000  -0.73220   0.00000  -0.73220   0.00000  -0.72745   0.00000  -0.72745
 -8.47118   0.00000  -0.73220   0.00000  -0.73220   0.00000  -0.72745   0.00000  -0.72745
 -8.42105   0.00000  -0.73220   0.00000  -0.73220   0.00000  -0.72745   0.00000  -0.72745
 -8.37093   0.00000  -0.73220   0.00000  -0.73220   0.00000  -0.72745   0.00000  -0.72745
 -8.32080   0.00000  -0.73220   0.00000  -0.73220   0.00000  -0.72745   0.00000  -0.72745
 -8.27068   0.00000  -0.73220   0.00000  -0.73220   0.00000  -0.72745   0.00000  -0.72745
 -8.22055   0.00000  -0.73220   0.00000  -0.73220   0.00000  -0.72745   0.00000  -0.72745
 -8.17043   0.00000  -0.73220   0.00000  -0.73220   0.00000  -0.72745   0.00000  -0.72745
 -8.12030   0.00000  -0.73220   0.00000  -0.73220   0.00000  -0.72745   0.00000  -0.72745
 -8.07018   0.00000  -0.73220   0.00000  -0.73220   0.00000  -0.72745   0.00000  -0.72745
 -8.02005   0.00000  -0.73220   0.00000  -0.73220   0.00000  -0.72745   0.00000  -0.72745
 -7.96992   0.00000  -0.73220   0.00000  -0.73220   0.00000  -0.72745   0.00000  -0.72745
 -7.91980   0.00000  -0.73220   0.00000  -0.73220   0.00000  -0.72745   0.00000  -0.72745
 -7.86967   0.00000  -0.73220   0.00000  -0.73220   0.00000  -0.72745   0.00000  -0.72745
 -7.81955   0.00000  -0.73220   0.00000  -0.73220   0.00000  -0.72745   0.00000  -0.72745
 -7.76942   0.00000  -0.73220   0.00000  -0.73220   0.00000  -0.72745   0.00000  -0.72745
 -7.71930   0.00000  -0.73220   0.00000  -0.73220   0.00000  -0.72745   0.00000  -0.72745
 -7.66917   0.00000  -0.73220   0.00000  -0.73220   0.00000  -0.72745   0.00000  -0.72745
 -7.61905   0.00000  -0.73220   0.00000  -0.73220   0.00000  -0.72745   0.00000  -0.72745
 -7.56892   0.00000  -0.73220   0.00000  -0.73220   0.00000  -0.72745   0.00000  -0.72745
 -7.51880   0.00000  -0.73220   0.00000  -0.73220   0.00000  -0.72745   0.00000  -0.72745
 -7.46867   0.00000  -0.73220   0.00000  -0.73220   0.00000  -0.72745   0.00000  -0.72745
 -7.41855   0.00000  -0.73220   0.00000  -0.73220   0.00000  -0.72745   0.00000  -0.72745
 -7.36842   0.00000  -0.73220   0.00000  -0.73220   0.00000  -0.72745   0.00000  -0.72745
 -7.31830   0.00000  -0.73220   0.00000  -0.73220   0.00000  -0.72745   0.00000  -0.72745
 -7.26817   0.00000  -0.73220   0.00000  -0.73220   0.00000  -0.72745   0.00000  -0.72745
 -7.21805   0.00000  -0.73220   0.00000  -0.73220   0.00000  -0.72745   0.00000  -0.72745
 -7.16792   0.00000  -0.73220   0.00000  -0.73220   0.00000  -0.72745   0.00000  -0.72745
 -7.11779   0.00000  -0.73220   0.00000  -0.73220   0.00000  -0.72745   0.00000  -0.72745
 -7.06767  -0.06415  -0.73542  -0.06415  -0.73542   0.00000  -0.72745   0.00000  -0.72745
 -7.01754  -0.51103  -0.76103  -0.51103  -0.76103   0.00000  -0.72745   0.00000  -0.72745
 -6.96742  -0.14036  -0.76807  -0.14036  -0.76807   0.00000  -0.72745   0.00000  -0.72745
 -6.91729  -0.15909  -0.77604  -0.15909  -0.77604   0.00000  -0.72745   0.00000  -0.72745
 -6.86717  -0.25015  -0.78858  -0.25015  -0.78858   0.00000  -0.72745   0.00000  -0.72745
 -6.81704  -0.24819  -0.80102  -0.24819  -0.80102   0.00000  -0.72745   0.00000  -0.72745
 -6.76692  -0.25804  -0.81396  -0.25804  -0.81396   0.00000  -0.72745   0.00000  -0.72745
 -6.71679  -0.29381  -0.82868  -0.29381  -0.82868   0.00000  -0.72745   0.00000  -0.72745
 -6.66667  -0.47958  -0.85272  -0.47958  -0.85272   0.00000  -0.72745   0.00000  -0.72745
 -6.61654  -0.37605  -0.87157  -0.37605  -0.87157   0.00000  -0.72745   0.00000  -0.72745
 -6.56642  -0.21182  -0.88219  -0.21182  -0.88219   0.00000  -0.72745   0.00000  -0.72745
 -6.51629  -0.31904  -0.89818  -0.31904  -0.89818   0.00000  -0.72745   0.00000  -0.72745
 -6.46617  -0.21021  -0.90872  -0.21021  -0.90872   0.00000  -0.72745   0.00000  -0.72745
 -6.41604  -0.25343  -0.92142  -0.25343  -0.92142   0.00000  -0.72745   0.00000  -0.72745
 -6.36591  -0.29141  -0.93603  -0.29141  -0.93603   0.00000  -0.72745   0.00000  -0.72745
 -6.31579  -0.28590  -0.95036  -0.28590  -0.95036   0.00000  -0.72745   0.00000  -0.72745
 -6.26566  -0.25328  -0.96306  -0.25328  -0.96306   0.00000  -0.72745   0.00000  -0.72745
 -6.21554  -0.25842  -0.97601  -0.25842  -0.97601   0.00000  -0.72745   0.00000  -0.72745
 -6.16541  -0.21380  -0.98673  -0.21380  -0.98673   0.00000  -0.72745   0.00000  -0.72745
 -6.11529  -0.20600  -0.99705  -0.20600  -0.99705   0.00000  -0.72745   0.00000  -0.72745
 -6.06516  -0.23927  -1.00905  -0.23927  -1.00905   0.00000  -0.72745   0.00000  -0.72745
 -6.01504  -0.18362  -1.01825  -0.18362  -1.01825   0.00000  -0.72745   0.00000  -0.72745
 -5.96491  -0.27999  -1.03228  -0.27999  -1.03228   0.00000  -0.72745   0.00000  -0.72745
 -5.91479  -0.38728  -1.05170  -0.38728  -1.05170   0.00000  -0.72745   0.00000  -0.72745
 -5.86466  -0.32005  -1.06774  -0.32005  -1.06774   0.00000  -0.72745   0.00000  -0.72745
 -5.81454  -0.28476  -1.08201  -0.28476  -1.08201   0.00000  -0.72745   0.00000  -0.72745
 -5.76441  -0.21802  -1.09294  -0.21802  -1.09294   0.00000  -0.72745   0.00000  -0.72745
 -5.71429  -0.17590  -1.10176  -0.17590  -1.10176  -0.00735  -0.72782  -0.00735  -0.72782
 -5.66416  -0.27261  -1.11542  -0.27261  -1.11542  -0.20114  -0.73790  -0.20114  -0.73790
 -5.61404  -0.34688  -1.13281  -0.34688  -1.13281  -0.23040  -0.74945  -0.23040  -0.74945
 -5.56391  -0.37061  -1.15139  -0.37061  -1.15139  -0.23897  -0.76143  -0.23897  -0.76143
 -5.51378  -0.48731  -1.17581  -0.48731  -1.17581  -0.15972  -0.76944  -0.15972  -0.76944
 -5.46366  -0.42545  -1.19714  -0.42545  -1.19714  -0.08854  -0.77387  -0.08854  -0.77387
 -5.41353  -0.80198  -1.23734  -0.80198  -1.23734  -0.04827  -0.77629  -0.04827  -0.77629
 -5.36341  -0.49983  -1.26239  -0.49983  -1.26239  -0.06688  -0.77965  -0.06688  -0.77965
 -5.31328  -0.48787  -1.28685  -0.48787  -1.28685  -0.08108  -0.78371  -0.08108  -0.78371
 -5.26316  -0.53722  -1.31378  -0.53722  -1.31378  -0.10473  -0.78896  -0.10473  -0.78896
 -5.21303  -0.65697  -1.34671  -0.65697  -1.34671  -0.20079  -0.79902  -0.20079  -0.79902
 -5.16291  -0.47859  -1.37070  -0.47859  -1.37070  -0.26900  -0.81251  -0.26900  -0.81251
 -5.11278  -0.30687  -1.38608  -0.30687  -1.38608  -0.20947  -0.82301  -0.20947  -0.82301
 -5.06266  -0.33567  -1.40290  -0.33567  -1.40290  -0.17315  -0.83169  -0.17315  -0.83169
 -5.01253  -0.24471  -1.41517  -0.24471  -1.41517  -0.14729  -0.83907  -0.14729  -0.83907
 -4.96241  -0.19879  -1.42513  -0.19879  -1.42513  -0.24845  -0.85152  -0.24845  -0.85152
 -4.91228  -0.26106  -1.43822  -0.26106  -1.43822  -0.27992  -0.86555  -0.27992  -0.86555
 -4.86216  -0.25184  -1.45084  -0.25184  -1.45084  -0.29437  -0.88031  -0.29437  -0.88031
 -4.81203  -0.16786  -1.45926  -0.16786  -1.45926  -0.34770  -0.89774  -0.34770  -0.89774
 -4.76190  -0.12721  -1.46563  -0.12721  -1.46563  -0.36626  -0.91610  -0.36626  -0.91610
 -4.71178  -0.11157  -1.47123  -0.11157  -1.47123  -0.32403  -0.93234  -0.32403  -0.93234
 -4.66165  -0.12020  -1.47725  -0.12020  -1.47725  -0.30246  -0.94750  -0.30246  -0.94750
 -4.61153  -0.14642  -1.48459  -0.14642  -1.48459  -0.35512  -0.96530  -0.35512  -0.96530
 -4.56140  -0.10738  -1.48997  -0.10738  -1.48997  -0.31390  -0.98104  -0.31390  -0.98104
 -4.51128  -0.15614  -1.49780  -0.15614  -1.49780  -0.39856  -1.00101  -0.39856  -1.00101
 -4.46115  -0.18976  -1.50731  -0.18976  -1.50731  -0.36344  -1.01923  -0.36344  -1.01923
 -4.41103  -0.18847  -1.51676  -0.18847  -1.51676  -0.42788  -1.04068  -0.42788  -1.04068
 -4.36090  -0.14271  -1.52391  -0.14271  -1.52391  -0.36533  -1.05899  -0.36533  -1.05899
 -4.31078  -0.15420  -1.53164  -0.15420  -1.53164  -0.35298  -1.07668  -0.35298  -1.07668
 -4.26065  -0.08740  -1.53602  -0.08740  -1.53602  -0.20059  -1.08674  -0.20059  -1.08674
 -4.21053  -0.08567  -1.54032  -0.08567  -1.54032  -0.27865  -1.10071  -0.27865  -1.10071
 -4.16040  -0.04382  -1.54251  -0.04382  -1.54251  -0.30500  -1.11599  -0.30500  -1.11599
 -4.11028  -0.01181  -1.54311  -0.01181  -1.54311  -0.26746  -1.12940  -0.26746  -1.12940
 -4.06015   0.00262  -1.54298   0.00262  -1.54298  -0.35186  -1.14704  -0.35186  -1.14704
 -4.01003  -0.00061  -1.54301  -0.00061  -1.54301  -0.47091  -1.17064  -0.47091  -1.17064
 -3.95990  -0.09043  -1.54754  -0.09043  -1.54754  -0.60267  -1.20085  -0.60267  -1.20085
 -3.90977  -0.12949  -1.55403  -0.12949  -1.55403  -0.59808  -1.23083  -0.59808  -1.23083
 -3.85965  -0.10363  -1.55922  -0.10363  -1.55922  -0.48889  -1.25534  -0.48889  -1.25534
 -3.80952  -0.10954  -1.56471  -0.10954  -1.56471  -0.48881  -1.27984  -0.48881  -1.27984
 -3.75940  -0.07886  -1.56867  -0.07886  -1.56867  -0.31476  -1.29562  -0.31476  -1.29562
 -3.70927  -0.08608  -1.57298  -0.08608  -1.57298  -0.25888  -1.30859  -0.25888  -1.30859
 -3.65915  -0.03636  -1.57481  -0.03636  -1.57481  -0.25973  -1.32161  -0.25973  -1.32161
 -3.60902  -0.11803  -1.58072  -0.11803  -1.58072  -0.16749  -1.33001  -0.16749  -1.33001
 -3.55890  -0.16007  -1.58874  -0.16007  -1.58874  -0.13056  -1.33655  -0.13056  -1.33655
 -3.50877  -0.06980  -1.59224  -0.06980  -1.59224  -0.11033  -1.34208  -0.11033  -1.34208
 -3.45865   0.03277  -1.59060   0.03277  -1.59060  -0.16186  -1.35019  -0.16186  -1.35019
 -3.40852   0.02110  -1.58954   0.02110  -1.58954  -0.14056  -1.35724  -0.14056  -1.35724
 -3.35840   0.05401  -1.58684   0.05401  -1.58684  -0.14987  -1.36475  -0.14987  -1.36475
 -3.30827   0.05831  -1.58391   0.05831  -1.58391  -0.08725  -1.36913  -0.08725  -1.36913
 -3.25815   0.05448  -1.58118   0.05448  -1.58118  -0.07770  -1.37302  -0.07770  -1.37302
 -3.20802   0.16483  -1.57292   0.16483  -1.57292  -0.07379  -1.37672  -0.07379  -1.37672
 -3.15789   0.09426  -1.56820   0.09426  -1.56820  -0.08495  -1.38098  -0.08495  -1.38098
 -3.10777   0.07969  -1.56420   0.07969  -1.56420  -0.10213  -1.38610  -0.10213  -1.38610
 -3.05764   0.06221  -1.56108   0.06221  -1.56108  -0.12381  -1.39230  -0.12381  -1.39230
 -3.00752   0.11031  -1.55555   0.11031  -1.55555  -0.11612  -1.39812  -0.11612  -1.39812
 -2.95739   0.09893  -1.55059   0.09893  -1.55059  -0.11798  -1.40404  -0.11798  -1.40404
 -2.90727   0.08659  -1.54625   0.08659  -1.54625  -0.12248  -1.41018  -0.12248  -1.41018
 -2.85714   0.09597  -1.54144   0.09597  -1.54144  -0.13092  -1.41674  -0.13092  -1.41674
 -2.80702   0.10678  -1.53609   0.10678  -1.53609  -0.16451  -1.42499  -0.16451  -1.42499
 -2.75689   0.12669  -1.52974   0.12669  -1.52974  -0.16105  -1.43306  -0.16105  -1.43306
 -2.70677   0.10044  -1.52471   0.10044  -1.52471  -0.11629  -1.43889  -0.11629  -1.43889
 -2.65664   0.08115  -1.52064   0.08115  -1.52064  -0.09320  -1.44356  -0.09320  -1.44356
 -2.60652   0.07130  -1.51706   0.07130  -1.51706  -0.07811  -1.44747  -0.07811  -1.44747
 -2.55639   0.10562  -1.51177   0.10562  -1.51177  -0.08590  -1.45178  -0.08590  -1.45178
 -2.50627   0.11701  -1.50591   0.11701  -1.50591  -0.08392  -1.45599  -0.08392  -1.45599
 -2.45614   0.12401  -1.49969   0.12401  -1.49969  -0.07927  -1.45996  -0.07927  -1.45996
 -2.40602   0.19162  -1.49008   0.19162  -1.49008  -0.05019  -1.46248  -0.05019  -1.46248
 -2.35589   0.21954  -1.47908   0.21954  -1.47908  -0.07500  -1.46624  -0.07500  -1.46624
 -2.30576   0.19481  -1.46932   0.19481  -1.46932  -0.10093  -1.47129  -0.10093  -1.47129
 -2.25564   0.20038  -1.45927   0.20038  -1.45927  -0.10179  -1.47640  -0.10179  -1.47640
 -2.20551   0.14337  -1.45208   0.14337  -1.45208  -0.05735  -1.47927  -0.05735  -1.47927
 -2.15539   0.17326  -1.44340   0.17326  -1.44340  -0.06114  -1.48234  -0.06114  -1.48234
 -2.10526   0.17190  -1.43478   0.17190  -1.43478  -0.04381  -1.48453  -0.04381  -1.48453
 -2.05514   0.12322  -1.42861   0.12322  -1.42861  -0.03909  -1.48649  -0.03909  -1.48649
 -2.00501   0.13522  -1.42183   0.13522  -1.42183  -0.03579  -1.48829  -0.03579  -1.48829
 -1.95489   0.15423  -1.41410   0.15423  -1.41410  -0.03167  -1.48987  -0.03167  -1.48987
 -1.90476   0.16917  -1.40562   0.16917  -1.40562  -0.01905  -1.49083  -0.01905  -1.49083
 -1.85464   0.17533  -1.39683   0.17533  -1.39683  -0.03011  -1.49234  -0.03011  -1.49234
 -1.80451   0.22335  -1.38563   0.22335  -1.38563  -0.03237  -1.49396  -0.03237  -1.49396
 -1.75439   0.19644  -1.37579   0.19644  -1.37579  -0.04637  -1.49628  -0.04637  -1.49628
 -1.70426   0.32517  -1.35949   0.32517  -1.35949  -0.07042  -1.49981  -0.07042  -1.49981
 -1.65414   0.33432  -1.34273   0.33432  -1.34273  -0.05693  -1.50267  -0.05693  -1.50267
 -1.60401   0.34995  -1.32519   0.34995  -1.32519  -0.06188  -1.50577  -0.06188  -1.50577
 -1.55388   0.25503  -1.31241   0.25503  -1.31241  -0.07613  -1.50958  -0.07613  -1.50958
 -1.50376   0.17251  -1.30376   0.17251  -1.30376  -0.07761  -1.51347  -0.07761  -1.51347
 -1.45363   0.20276  -1.29359   0.20276  -1.29359  -0.08145  -1.51756  -0.08145  -1.51756
 -1.40351   0.16320  -1.28541   0.16320  -1.28541  -0.07152  -1.52114  -0.07152  -1.52114
 -1.35338   0.09953  -1.28042   0.09953  -1.28042  -0.04571  -1.52343  -0.04571  -1.52343
 -1.30326   0.08775  -1.27603   0.08775  -1.27603  -0.02755  -1.52481  -0.02755  -1.52481
 -1.25313   0.06701  -1.27267   0.06701  -1.27267  -0.02271  -1.52595  -0.02271  -1.52595
 -1.20301   0.10394  -1.26746   0.10394  -1.26746  -0.01557  -1.52673  -0.01557  -1.52673
 -1.15288   0.18720  -1.25807   0.18720  -1.25807   0.00295  -1.52658   0.00295  -1.52658
 -1.10276   0.15742  -1.25018   0.15742  -1.25018   0.00254  -1.52646   0.00254  -1.52646
 -1.05263   0.11934  -1.24420   0.11934  -1.24420   0.00733  -1.52609   0.00733  -1.52609
 -1.00251   0.05932  -1.24123   0.05932  -1.24123   0.00873  -1.52565   0.00873  -1.52565
 -0.95238   0.07851  -1.23729   0.07851  -1.23729   0.00123  -1.52559   0.00123  -1.52559
 -0.90226   0.05633  -1.23447   0.05633  -1.23447   0.01775  -1.52470   0.01775  -1.52470
 -0.85213   0.06973  -1.23097   0.06973  -1.23097   0.01666  -1.52387   0.01666  -1.52387
 -0.80201   0.03364  -1.22929   0.03364  -1.22929   0.00732  -1.52350   0.00732  -1.52350
 -0.75188   0.08810  -1.22487   0.08810  -1.22487   0.00755  -1.52312   0.00755  -1.52312
 -0.70175   0.06815  -1.22145   0.06815  -1.22145   0.03385  -1.52142   0.03385  -1.52142
 -0.65163   0.02801  -1.22005   0.02801  -1.22005   0.02296  -1.52027   0.02296  -1.52027
 -0.60150   0.02089  -1.21900   0.02089  -1.21900   0.00000  -1.52027   0.00000  -1.52027
 -0.55138   0.02404  -1.21780   0.02404  -1.21780   0.00000  -1.52027   0.00000  -1.52027
 -0.50125   0.01518  -1.21704   0.01518  -1.21704   0.00000  -1.52027   0.00000  -1.52027
 -0.45113   0.02404  -1.21583   0.02404  -1.21583   0.00000  -1.52027   0.00000  -1.52027
 -0.40100   0.02875  -1.21439   0.02875  -1.21439   0.00000  -1.52027   0.00000  -1.52027
 -0.35088   0.04755  -1.21201   0.04755  -1.21201   0.00000  -1.52027   0.00000  -1.52027
 -0.30075   0.00962  -1.21153   0.00962  -1.21153   0.00000  -1.52027   0.00000  -1.52027
 -0.25063   0.00705  -1.21117   0.00705  -1.21117   0.00000  -1.52027   0.00000  -1.52027
 -0.20050   0.01003  -1.21067   0.01003  -1.21067   0.00000  -1.52027   0.00000  -1.52027
 -0.15038   0.00143  -1.21060   0.00143  -1.21060   0.00000  -1.52027   0.00000  -1.52027
 -0.10025   0.00171  -1.21051   0.00171  -1.21051   0.00000  -1.52027   0.00000  -1.52027
 -0.05013   0.00398  -1.21031   0.00398  -1.21031   0.00000  -1.52027   0.00000  -1.52027
  0.00000   0.01135  -1.20974   0.01135  -1.20974   0.00000  -1.52027   0.00000  -1.52027
  0.05013   0.00000  -1.20974   0.00000  -1.20974   0.00000  -1.52027   0.00000  -1.52027
  0.10025   0.00000  -1.20974   0.00000  -1.20974   0.00000  -1.52027   0.00000  -1.52027
  0.15038   0.00000  -1.20974   0.00000  -1.20974   0.00000  -1.52027   0.00000  -1.52027
  0.20050   0.00000  -1.20974   0.00000  -1.20974   0.00000  -1.52027   0.00000  -1.52027
  0.25063   0.00000  -1.20974   0.00000  -1.20974   0.00000  -1.52027   0.00000  -1.52027
  0.30075   0.00000  -1.20974   0.00000  -1.20974   0.00000  -1.52027   0.00000  -1.52027
  0.35088   0.00000  -1.20974   0.00000  -1.20974   0.00000  -1.52027   0.00000  -1.52027
  0.40100   0.00000  -1.20974   0.00000  -1.20974   0.00000  -1.52027   0.00000  -1.52027
  0.45113   0.00000  -1.20974   0.00000  -1.20974   0.00000  -1.52027   0.00000  -1.52027
  0.50125   0.00000  -1.20974   0.00000  -1.20974   0.00000  -1.52027   0.00000  -1.52027
  0.55138   0.00000  -1.20974   0.00000  -1.20974   0.00000  -1.52027   0.00000  -1.52027
  0.60150   0.00000  -1.20974   0.00000  -1.20974   0.00000  -1.52027   0.00000  -1.52027
  0.65163   0.00000  -1.20974   0.00000  -1.20974   0.00000  -1.52027   0.00000  -1.52027
  0.70175   0.00000  -1.20974   0.00000  -1.20974   0.00000  -1.52027   0.00000  -1.52027
  0.75188   0.00000  -1.20974   0.00000  -1.20974   0.00000  -1.52027   0.00000  -1.52027
  0.80201   0.00000  -1.20974   0.00000  -1.20974   0.00000  -1.52027   0.00000  -1.52027
  0.85213   0.00000  -1.20974   0.00000  -1.20974   0.00000  -1.52027   0.00000  -1.52027
  0.90226   0.00000  -1.20974   0.00000  -1.20974   0.00000  -1.52027   0.00000  -1.52027
  0.95238   0.00000  -1.20974   0.00000  -1.20974   0.00000  -1.52027   0.00000  -1.52027
  1.00251   0.18481  -1.20048   0.18481  -1.20048   0.00000  -1.52027   0.00000  -1.52027
  1.05263   0.42196  -1.17933   0.42196  -1.17933   0.00000  -1.52027   0.00000  -1.52027
  1.10276   0.78918  -1.13977   0.78918  -1.13977   0.00000  -1.52027   0.00000  -1.52027
  1.15288   0.69258  -1.10506   0.69258  -1.10506   0.00000  -1.52027   0.00000  -1.52027
  1.20301   0.75080  -1.06742   0.75080  -1.06742   0.00000  -1.52027   0.00000  -1.52027
  1.25313   0.78163  -1.02824   0.78163  -1.02824   0.00000  -1.52027   0.00000  -1.52027
  1.30326   0.87266  -0.98450   0.87266  -0.98450   0.00000  -1.52027   0.00000  -1.52027
  1.35338   0.86209  -0.94129   0.86209  -0.94129   0.00000  -1.52027   0.00000  -1.52027
  1.40351   0.86171  -0.89809   0.86171  -0.89809   0.00000  -1.52027   0.00000  -1.52027
  1.45363   0.58140  -0.86895   0.58140  -0.86895   0.00000  -1.52027   0.00000  -1.52027
  1.50376   0.89085  -0.82430   0.89085  -0.82430   0.00000  -1.52027   0.00000  -1.52027
  1.55388   0.79950  -0.78422   0.79950  -0.78422   0.00000  -1.52027   0.00000  -1.52027
  1.60401   0.81345  -0.74345   0.81345  -0.74345   0.00000  -1.52027   0.00000  -1.52027
  1.65414   0.83738  -0.70147   0.83738  -0.70147   0.00000  -1.52027   0.00000  -1.52027
  1.70426   0.99965  -0.65137   0.99965  -0.65137   0.00000  -1.52027   0.00000  -1.52027
  1.75439   0.55083  -0.62376   0.55083  -0.62376   0.00000  -1.52027   0.00000  -1.52027
  1.80451   0.39538  -0.60394   0.39538  -0.60394   0.00000  -1.52027   0.00000  -1.52027
  1.85464   0.31493  -0.58815   0.31493  -0.58815   0.00000  -1.52027   0.00000  -1.52027
  1.90476   0.29581  -0.57332   0.29581  -0.57332   0.00000  -1.52027   0.00000  -1.52027
  1.95489   0.23720  -0.56143   0.23720  -0.56143   0.00000  -1.52027   0.00000  -1.52027
  2.00501   0.12250  -0.55529   0.12250  -0.55529   0.00000  -1.52027   0.00000  -1.52027
  2.05514   0.10779  -0.54989   0.10779  -0.54989   0.00000  -1.52027   0.00000  -1.52027
  2.10526   0.04475  -0.54765   0.04475  -0.54765   0.00000  -1.52027   0.00000  -1.52027
  2.15539   0.00886  -0.54720   0.00886  -0.54720   0.00000  -1.52027   0.00000  -1.52027
  2.20551   0.00048  -0.54718   0.00048  -0.54718   0.00000  -1.52027   0.00000  -1.52027
  2.25564   0.00000  -0.54718   0.00000  -0.54718   0.00000  -1.52027   0.00000  -1.52027
  2.30576   0.00000  -0.54718   0.00000  -0.54718   0.00000  -1.52027   0.00000  -1.52027
  2.35589   0.00000  -0.54718   0.00000  -0.54718   0.00000  -1.52027   0.00000  -1.52027
  2.40602   0.00000  -0.54718   0.00000  -0.54718   0.00000  -1.52027   0.00000  -1.52027
  2.45614   0.00000  -0.54718   0.00000  -0.54718   0.00000  -1.52027   0.00000  -1.52027
  2.50627   0.00000  -0.54718   0.00000  -0.54718   0.00000  -1.52027   0.00000  -1.52027
  2.55639   0.00000  -0.54718   0.00000  -0.54718   0.00000  -1.52027   0.00000  -1.52027
  2.60652   0.00000  -0.54718   0.00000  -0.54718   0.15686  -1.51241   0.15686  -1.51241
  2.65664   0.00000  -0.54718   0.00000  -0.54718   0.17421  -1.50368   0.17421  -1.50368
  2.70677   0.00000  -0.54718   0.00000  -0.54718   0.28172  -1.48956   0.28172  -1.48956
  2.75689   0.00000  -0.54718   0.00000  -0.54718   0.37664  -1.47068   0.37664  -1.47068
  2.80702   0.00000  -0.54718   0.00000  -0.54718   0.64481  -1.43836   0.64481  -1.43836
  2.85714   0.00000  -0.54718   0.00000  -0.54718   0.39913  -1.41835   0.39913  -1.41835
  2.90727   0.00000  -0.54718   0.00000  -0.54718   0.17300  -1.40968   0.17300  -1.40968
  2.95739   0.00000  -0.54718   0.00000  -0.54718   0.12772  -1.40328   0.12772  -1.40328
  3.00752   0.00000  -0.54718   0.00000  -0.54718   0.36531  -1.38496   0.36531  -1.38496
  3.05764   0.00000  -0.54718   0.00000  -0.54718   0.55820  -1.35698   0.55820  -1.35698
  3.10777   0.00000  -0.54718   0.00000  -0.54718   0.60840  -1.32649   0.60840  -1.32649
  3.15789   0.00000  -0.54718   0.00000  -0.54718   0.68903  -1.29195   0.68903  -1.29195
  3.20802   0.00000  -0.54718   0.00000  -0.54718   0.32988  -1.27542   0.32988  -1.27542
  3.25815   0.00000  -0.54718   0.00000  -0.54718   0.33758  -1.25849   0.33758  -1.25849
  3.30827   0.00000  -0.54718   0.00000  -0.54718   0.52346  -1.23226   0.52346  -1.23226
  3.35840   0.00000  -0.54718   0.00000  -0.54718   0.65265  -1.19954   0.65265  -1.19954
  3.40852   0.00000  -0.54718   0.00000  -0.54718   0.21459  -1.18879   0.21459  -1.18879
  3.45865   0.00000  -0.54718   0.00000  -0.54718   0.10633  -1.18346   0.10633  -1.18346
  3.50877   0.00000  -0.54718   0.00000  -0.54718   0.23856  -1.17150   0.23856  -1.17150
  3.55890   0.00000  -0.54718   0.00000  -0.54718   0.22329  -1.16031   0.22329  -1.16031
  3.60902   0.00000  -0.54718   0.00000  -0.54718   0.72668  -1.12388   0.72668  -1.12388
  3.65915   0.00000  -0.54718   0.00000  -0.54718   0.80163  -1.08370   0.80163  -1.08370
  3.70927   0.00000  -0.54718   0.00000  -0.54718   1.22554  -1.02227   1.22554  -1.02227
  3.75940   0.00000  -0.54718   0.00000  -0.54718   1.36750  -0.95372   1.36750  -0.95372
  3.80952   0.00000  -0.54718   0.00000  -0.54718   1.23855  -0.89164   1.23855  -0.89164
  3.85965   0.00000  -0.54718   0.00000  -0.54718   0.79779  -0.85165   0.79779  -0.85165
  3.90977   0.00000  -0.54718   0.00000  -0.54718   0.67639  -0.81774   0.67639  -0.81774
  3.95990   0.00000  -0.54718   0.00000  -0.54718   1.01533  -0.76685   1.01533  -0.76685
  4.01003   0.00000  -0.54718   0.00000  -0.54718   1.71220  -0.68103   1.71220  -0.68103
  4.06015   0.00000  -0.54718   0.00000  -0.54718   1.39653  -0.61103   1.39653  -0.61103
  4.11028   0.00000  -0.54718   0.00000  -0.54718   0.61103  -0.58040   0.61103  -0.58040
  4.16040   0.00000  -0.54718   0.00000  -0.54718   0.28905  -0.56591   0.28905  -0.56591
  4.21053   0.00000  -0.54718   0.00000  -0.54718   0.13839  -0.55897   0.13839  -0.55897
  4.26065   0.00000  -0.54718   0.00000  -0.54718   0.29645  -0.54411   0.29645  -0.54411
  4.31078   0.00000  -0.54718   0.00000  -0.54718   0.14723  -0.53673   0.14723  -0.53673
  4.36090   0.00000  -0.54718   0.00000  -0.54718   0.04803  -0.53432   0.04803  -0.53432
  4.41103   0.00000  -0.54718   0.00000  -0.54718   0.01949  -0.53335   0.01949  -0.53335
  4.46115   0.00000  -0.54718   0.00000  -0.54718   0.00896  -0.53290   0.00896  -0.53290
  4.51128   0.00000  -0.54718   0.00000  -0.54718   0.00000  -0.53290   0.00000  -0.53290
  4.56140   0.00000  -0.54718   0.00000  -0.54718   0.00000  -0.53290   0.00000  -0.53290
  4.61153   0.00000  -0.54718   0.00000  -0.54718   0.00000  -0.53290   0.00000  -0.53290
  4.66165   0.00000  -0.54718   0.00000  -0.54718   0.00000  -0.53290   0.00000  -0.53290
  4.71178   0.00000  -0.54718   0.00000  -0.54718   0.00000  -0.53290   0.00000  -0.53290
  4.76190   0.00000  -0.54718   0.00000  -0.54718   0.00000  -0.53290   0.00000  -0.53290
  4.81203   0.00000  -0.54718   0.00000  -0.54718   0.00000  -0.53290   0.00000  -0.53290
  4.86216   0.00000  -0.54718   0.00000  -0.54718   0.00000  -0.53290   0.00000  -0.53290
  4.91228   0.00000  -0.54718   0.00000  -0.54718   0.00000  -0.53290   0.00000  -0.53290
  4.96241   0.00000  -0.54718   0.00000  -0.54718   0.00000  -0.53290   0.00000  -0.53290
  5.01253   0.00000  -0.54718   0.00000  -0.54718   0.00000  -0.53290   0.00000  -0.53290
  5.06266   0.00000  -0.54718   0.00000  -0.54718   0.00000  -0.53290   0.00000  -0.53290
  5.11278   0.00000  -0.54718   0.00000  -0.54718   0.00000  -0.53290   0.00000  -0.53290
  5.16291   0.00000  -0.54718   0.00000  -0.54718   0.00000  -0.53290   0.00000  -0.53290
  5.21303   0.00000  -0.54718   0.00000  -0.54718   0.00000  -0.53290   0.00000  -0.53290
  5.26316   0.00000  -0.54718   0.00000  -0.54718   0.00000  -0.53290   0.00000  -0.53290
  5.31328   0.00000  -0.54718   0.00000  -0.54718   0.00000  -0.53290   0.00000  -0.53290
  5.36341   0.00000  -0.54718   0.00000  -0.54718   0.00000  -0.53290   0.00000  -0.53290
  5.41353   0.00000  -0.54718   0.00000  -0.54718   0.00000  -0.53290   0.00000  -0.53290
  5.46366   0.00000  -0.54718   0.00000  -0.54718   0.00000  -0.53290   0.00000  -0.53290
  5.51378   0.00000  -0.54718   0.00000  -0.54718   0.00000  -0.53290   0.00000  -0.53290
  5.56391   0.00000  -0.54718   0.00000  -0.54718   0.00000  -0.53290   0.00000  -0.53290
  5.61404   0.00000  -0.54718   0.00000  -0.54718   0.00000  -0.53290   0.00000  -0.53290
  5.66416   0.00000  -0.54718   0.00000  -0.54718   0.00000  -0.53290   0.00000  -0.53290
  5.71429   0.00000  -0.54718   0.00000  -0.54718   0.00000  -0.53290   0.00000  -0.53290
  5.76441   0.00000  -0.54718   0.00000  -0.54718   0.00000  -0.53290   0.00000  -0.53290
  5.81454   0.00000  -0.54718   0.00000  -0.54718   0.00000  -0.53290   0.00000  -0.53290
  5.86466   0.00000  -0.54718   0.00000  -0.54718   0.00000  -0.53290   0.00000  -0.53290
  5.91479   0.00000  -0.54718   0.00000  -0.54718   0.00000  -0.53290   0.00000  -0.53290
  5.96491   0.00023  -0.54717   0.00023  -0.54717   0.00000  -0.53290   0.00000  -0.53290
  6.01504   0.00315  -0.54701   0.00315  -0.54701   0.00000  -0.53290   0.00000  -0.53290
  6.06516   0.00884  -0.54657   0.00884  -0.54657   0.00000  -0.53290   0.00000  -0.53290
  6.11529   0.01504  -0.54581   0.01504  -0.54581   0.00000  -0.53290   0.00000  -0.53290
  6.16541   0.01608  -0.54501   0.01608  -0.54501   0.00000  -0.53290   0.00000  -0.53290
  6.21554   0.01430  -0.54429   0.01430  -0.54429   0.00046  -0.53288   0.00046  -0.53288
  6.26566   0.01331  -0.54362   0.01331  -0.54362   0.00395  -0.53268   0.00395  -0.53268
  6.31579   0.01409  -0.54292   0.01409  -0.54292   0.00944  -0.53220   0.00944  -0.53220
  6.36591   0.01581  -0.54212   0.01581  -0.54212   0.01443  -0.53148   0.01443  -0.53148
  6.41604   0.01897  -0.54117   0.01897  -0.54117   0.01387  -0.53079   0.01387  -0.53079
  6.46617   0.02339  -0.54000   0.02339  -0.54000   0.01233  -0.53017   0.01233  -0.53017
  6.51629   0.02212  -0.53889   0.02212  -0.53889   0.01213  -0.52956   0.01213  -0.52956
  6.56642   0.02094  -0.53784   0.02094  -0.53784   0.01322  -0.52890   0.01322  -0.52890
  6.61654   0.02020  -0.53683   0.02020  -0.53683   0.01528  -0.52813   0.01528  -0.52813
  6.66667   0.01944  -0.53586   0.01944  -0.53586   0.01981  -0.52714   0.01981  -0.52714
  6.71679   0.01905  -0.53490   0.01905  -0.53490   0.02050  -0.52611   0.02050  -0.52611
  6.76692   0.02165  -0.53382   0.02165  -0.53382   0.01916  -0.52515   0.01916  -0.52515
  6.81704   0.03290  -0.53217   0.03290  -0.53217   0.01857  -0.52422   0.01857  -0.52422
  6.86717   0.03590  -0.53037   0.03590  -0.53037   0.01771  -0.52333   0.01771  -0.52333
  6.91729   0.03368  -0.52868   0.03368  -0.52868   0.01714  -0.52247   0.01714  -0.52247
  6.96742   0.04080  -0.52663   0.04080  -0.52663   0.01788  -0.52158   0.01788  -0.52158
  7.01754   0.04445  -0.52441   0.04445  -0.52441   0.02778  -0.52018   0.02778  -0.52018
  7.06767   0.04483  -0.52216   0.04483  -0.52216   0.03302  -0.51853   0.03302  -0.51853
  7.11779   0.04069  -0.52012   0.04069  -0.52012   0.03100  -0.51697   0.03100  -0.51697
  7.16792   0.04225  -0.51800   0.04225  -0.51800   0.02992  -0.51547   0.02992  -0.51547
  7.21805   0.04731  -0.51563   0.04731  -0.51563   0.03640  -0.51365   0.03640  -0.51365
  7.26817   0.04835  -0.51321   0.04835  -0.51321   0.04529  -0.51138   0.04529  -0.51138
  7.31830   0.04563  -0.51092   0.04563  -0.51092   0.04567  -0.50909   0.04567  -0.50909
  7.36842   0.04270  -0.50878   0.04270  -0.50878   0.04368  -0.50690   0.04368  -0.50690
  7.41855   0.04333  -0.50661   0.04333  -0.50661   0.04367  -0.50471   0.04367  -0.50471
  7.46867   0.03484  -0.50486   0.03484  -0.50486   0.04326  -0.50254   0.04326  -0.50254
  7.51880   0.03297  -0.50321   0.03297  -0.50321   0.04642  -0.50022   0.04642  -0.50022
  7.56892   0.03752  -0.50133   0.03752  -0.50133   0.04583  -0.49792   0.04583  -0.49792
  7.61905   0.04569  -0.49904   0.04569  -0.49904   0.04483  -0.49567   0.04483  -0.49567
  7.66917   0.04375  -0.49684   0.04375  -0.49684   0.03658  -0.49384   0.03658  -0.49384
  7.71930   0.04109  -0.49478   0.04109  -0.49478   0.03527  -0.49207   0.03527  -0.49207
  7.76942   0.05578  -0.49199   0.05578  -0.49199   0.03660  -0.49024   0.03660  -0.49024
  7.81955   0.06900  -0.48853   0.06900  -0.48853   0.04168  -0.48815   0.04168  -0.48815
  7.86967   0.07490  -0.48478   0.07490  -0.48478   0.05041  -0.48562   0.05041  -0.48562
  7.91980   0.08628  -0.48045   0.08628  -0.48045   0.04392  -0.48342   0.04392  -0.48342
  7.96992   0.08842  -0.47602   0.08842  -0.47602   0.05262  -0.48078   0.05262  -0.48078
  8.02005   0.10837  -0.47059   0.10837  -0.47059   0.07824  -0.47686   0.07824  -0.47686
  8.07018   0.11852  -0.46465   0.11852  -0.46465   0.08767  -0.47247   0.08767  -0.47247
  8.12030   0.12451  -0.45840   0.12451  -0.45840   0.08311  -0.46830   0.08311  -0.46830
  8.17043   0.14323  -0.45122   0.14323  -0.45122   0.10344  -0.46312   0.10344  -0.46312
  8.22055   0.15530  -0.44344   0.15530  -0.44344   0.12713  -0.45674   0.12713  -0.45674
  8.27068   0.13128  -0.43686   0.13128  -0.43686   0.12345  -0.45056   0.12345  -0.45056
  8.32080   0.16791  -0.42844   0.16791  -0.42844   0.12772  -0.44415   0.12772  -0.44415
  8.37093   0.19083  -0.41888   0.19083  -0.41888   0.13952  -0.43716   0.13952  -0.43716
  8.42105   0.17995  -0.40986   0.17995  -0.40986   0.13302  -0.43049   0.13302  -0.43049
  8.47118   0.20426  -0.39962   0.20426  -0.39962   0.16199  -0.42237   0.16199  -0.42237
  8.52130   0.14846  -0.39218   0.14846  -0.39218   0.19660  -0.41252   0.19660  -0.41252
  8.57143   0.11303  -0.38651   0.11303  -0.38651   0.16084  -0.40445   0.16084  -0.40445
  8.62155   0.14211  -0.37939   0.14211  -0.37939   0.20528  -0.39416   0.20528  -0.39416
  8.67168   0.10075  -0.37434   0.10075  -0.37434   0.14374  -0.38696   0.14374  -0.38696
  8.72180   0.13184  -0.36773   0.13184  -0.36773   0.14875  -0.37950   0.14875  -0.37950
  8.77193   0.13428  -0.36100   0.13428  -0.36100   0.14587  -0.37219   0.14587  -0.37219
  8.82206   0.13299  -0.35433   0.13299  -0.35433   0.13124  -0.36561   0.13124  -0.36561
  8.87218   0.14980  -0.34682   0.14980  -0.34682   0.11057  -0.36007   0.11057  -0.36007
  8.92231   0.13330  -0.34014   0.13330  -0.34014   0.13698  -0.35320   0.13698  -0.35320
  8.97243   0.15961  -0.33214   0.15961  -0.33214   0.12549  -0.34691   0.12549  -0.34691
  9.02256   0.14381  -0.32493   0.14381  -0.32493   0.12079  -0.34086   0.12079  -0.34086
  9.07268   0.12423  -0.31871   0.12423  -0.31871   0.13600  -0.33404   0.13600  -0.33404
  9.12281   0.17682  -0.30984   0.17682  -0.30984   0.16475  -0.32578   0.16475  -0.32578
  9.17293   0.12604  -0.30353   0.12604  -0.30353   0.13411  -0.31906   0.13411  -0.31906
  9.22306   0.12888  -0.29707   0.12888  -0.29707   0.13295  -0.31240   0.13295  -0.31240
  9.27318   0.13083  -0.29051   0.13083  -0.29051   0.15499  -0.30463   0.15499  -0.30463
  9.32331   0.11565  -0.28471   0.11565  -0.28471   0.11957  -0.29864   0.11957  -0.29864
  9.37343   0.11705  -0.27884   0.11705  -0.27884   0.13066  -0.29209   0.13066  -0.29209
  9.42356   0.11180  -0.27324   0.11180  -0.27324   0.12286  -0.28593   0.12286  -0.28593
  9.47368   0.10688  -0.26788   0.10688  -0.26788   0.10302  -0.28076   0.10302  -0.28076
  9.52381   0.11570  -0.26208   0.11570  -0.26208   0.10389  -0.27556   0.10389  -0.27556
  9.57393   0.11707  -0.25621   0.11707  -0.25621   0.10881  -0.27010   0.10881  -0.27010
  9.62406   0.12765  -0.24982   0.12765  -0.24982   0.12858  -0.26366   0.12858  -0.26366
  9.67419   0.09390  -0.24511   0.09390  -0.24511   0.11175  -0.25806   0.11175  -0.25806
  9.72431   0.09731  -0.24023   0.09731  -0.24023   0.11171  -0.25246   0.11171  -0.25246
  9.77444   0.09118  -0.23566   0.09118  -0.23566   0.09985  -0.24745   0.09985  -0.24745
  9.82456   0.08691  -0.23130   0.08691  -0.23130   0.08338  -0.24327   0.08338  -0.24327
  9.87469   0.09838  -0.22637   0.09838  -0.22637   0.08763  -0.23888   0.08763  -0.23888
  9.92481   0.10718  -0.22100   0.10718  -0.22100   0.09247  -0.23425   0.09247  -0.23425
  9.97494   0.11631  -0.21517   0.11631  -0.21517   0.08225  -0.23012   0.08225  -0.23012
 10.02506   0.11062  -0.20963   0.11062  -0.20963   0.08859  -0.22568   0.08859  -0.22568