ESCALE ; pCOHP file generated by LOBSTER. Energy is shifted such that the Fermi level lies at 0 eV.
         2          2        401  -5.82964e+00   1.42205e+01   4.19543e+00 
Average
No.1:Mn54->O81(1.9418587825898439)
-10.02506   0.00000  -0.69865   0.00000  -0.69865   0.00000  -0.69444   0.00000  -0.69444
 -9.97494   0.00000  -0.69865   0.00000  -0.69865   0.00000  -0.69444   0.00000  -0.69444
 -9.92481   0.00000  -0.69865   0.00000  -0.69865   0.00000  -0.69444   0.00000  -0.69444
 -9.87469   0.00000  -0.69865   0.00000  -0.69865   0.00000  -0.69444   0.00000  -0.69444
 -9.82456   0.00000  -0.69865   0.00000  -0.69865   0.00000  -0.69444   0.00000  -0.69444
 -9.77444   0.00000  -0.69865   0.00000  -0.69865   0.00000  -0.69444   0.00000  -0.69444
 -9.72431   0.00000  -0.69865   0.00000  -0.69865   0.00000  -0.69444   0.00000  -0.69444
 -9.67419   0.00000  -0.69865   0.00000  -0.69865   0.00000  -0.69444   0.00000  -0.69444
 -9.62406   0.00000  -0.69865   0.00000  -0.69865   0.00000  -0.69444   0.00000  -0.69444
 -9.57393   0.00000  -0.69865   0.00000  -0.69865   0.00000  -0.69444   0.00000  -0.69444
 -9.52381   0.00000  -0.69865   0.00000  -0.69865   0.00000  -0.69444   0.00000  -0.69444
 -9.47368   0.00000  -0.69865   0.00000  -0.69865   0.00000  -0.69444   0.00000  -0.69444
 -9.42356   0.00000  -0.69865   0.00000  -0.69865   0.00000  -0.69444   0.00000  -0.69444
 -9.37343   0.00000  -0.69865   0.00000  -0.69865   0.00000  -0.69444   0.00000  -0.69444
 -9.32331   0.00000  -0.69865   0.00000  -0.69865   0.00000  -0.69444   0.00000  -0.69444
 -9.27318   0.00000  -0.69865   0.00000  -0.69865   0.00000  -0.69444   0.00000  -0.69444
 -9.22306   0.00000  -0.69865   0.00000  -0.69865   0.00000  -0.69444   0.00000  -0.69444
 -9.17293   0.00000  -0.69865   0.00000  -0.69865   0.00000  -0.69444   0.00000  -0.69444
 -9.12281   0.00000  -0.69865   0.00000  -0.69865   0.00000  -0.69444   0.00000  -0.69444
 -9.07268   0.00000  -0.69865   0.00000  -0.69865   0.00000  -0.69444   0.00000  -0.69444
 -9.02256   0.00000  -0.69865   0.00000  -0.69865   0.00000  -0.69444   0.00000  -0.69444
 -8.97243   0.00000  -0.69865   0.00000  -0.69865   0.00000  -0.69444   0.00000  -0.69444
 -8.92231   0.00000  -0.69865   0.00000  -0.69865   0.00000  -0.69444   0.00000  -0.69444
 -8.87218   0.00000  -0.69865   0.00000  -0.69865   0.00000  -0.69444   0.00000  -0.69444
 -8.82206   0.00000  -0.69865   0.00000  -0.69865   0.00000  -0.69444   0.00000  -0.69444
 -8.77193   0.00000  -0.69865   0.00000  -0.69865   0.00000  -0.69444   0.00000  -0.69444
 -8.72180   0.00000  -0.69865   0.00000  -0.69865   0.00000  -0.69444   0.00000  -0.69444
 -8.67168   0.00000  -0.69865   0.00000  -0.69865   0.00000  -0.69444   0.00000  -0.69444
 -8.62155   0.00000  -0.69865   0.00000  -0.69865   0.00000  -0.69444   0.00000  -0.69444
 -8.57143   0.00000  -0.69865   0.00000  -0.69865   0.00000  -0.69444   0.00000  -0.69444
 -8.52130   0.00000  -0.69865   0.00000  -0.69865   0.00000  -0.69444   0.00000  -0.69444
 -8.47118   0.00000  -0.69865   0.00000  -0.69865   0.00000  -0.69444   0.00000  -0.69444
 -8.42105   0.00000  -0.69865   0.00000  -0.69865   0.00000  -0.69444   0.00000  -0.69444
 -8.37093   0.00000  -0.69865   0.00000  -0.69865   0.00000  -0.69444   0.00000  -0.69444
 -8.32080   0.00000  -0.69865   0.00000  -0.69865   0.00000  -0.69444   0.00000  -0.69444
 -8.27068   0.00000  -0.69865   0.00000  -0.69865   0.00000  -0.69444   0.00000  -0.69444
 -8.22055   0.00000  -0.69865   0.00000  -0.69865   0.00000  -0.69444   0.00000  -0.69444
 -8.17043   0.00000  -0.69865   0.00000  -0.69865   0.00000  -0.69444   0.00000  -0.69444
 -8.12030   0.00000  -0.69865   0.00000  -0.69865   0.00000  -0.69444   0.00000  -0.69444
 -8.07018   0.00000  -0.69865   0.00000  -0.69865   0.00000  -0.69444   0.00000  -0.69444
 -8.02005   0.00000  -0.69865   0.00000  -0.69865   0.00000  -0.69444   0.00000  -0.69444
 -7.96992   0.00000  -0.69865   0.00000  -0.69865   0.00000  -0.69444   0.00000  -0.69444
 -7.91980   0.00000  -0.69865   0.00000  -0.69865   0.00000  -0.69444   0.00000  -0.69444
 -7.86967   0.00000  -0.69865   0.00000  -0.69865   0.00000  -0.69444   0.00000  -0.69444
 -7.81955   0.00000  -0.69865   0.00000  -0.69865   0.00000  -0.69444   0.00000  -0.69444
 -7.76942   0.00000  -0.69865   0.00000  -0.69865   0.00000  -0.69444   0.00000  -0.69444
 -7.71930   0.00000  -0.69865   0.00000  -0.69865   0.00000  -0.69444   0.00000  -0.69444
 -7.66917   0.00000  -0.69865   0.00000  -0.69865   0.00000  -0.69444   0.00000  -0.69444
 -7.61905   0.00000  -0.69865   0.00000  -0.69865   0.00000  -0.69444   0.00000  -0.69444
 -7.56892   0.00000  -0.69865   0.00000  -0.69865   0.00000  -0.69444   0.00000  -0.69444
 -7.51880   0.00000  -0.69865   0.00000  -0.69865   0.00000  -0.69444   0.00000  -0.69444
 -7.46867   0.00000  -0.69865   0.00000  -0.69865   0.00000  -0.69444   0.00000  -0.69444
 -7.41855   0.00000  -0.69865   0.00000  -0.69865   0.00000  -0.69444   0.00000  -0.69444
 -7.36842   0.00000  -0.69865   0.00000  -0.69865   0.00000  -0.69444   0.00000  -0.69444
 -7.31830   0.00000  -0.69865   0.00000  -0.69865   0.00000  -0.69444   0.00000  -0.69444
 -7.26817   0.00000  -0.69865   0.00000  -0.69865   0.00000  -0.69444   0.00000  -0.69444
 -7.21805   0.00000  -0.69865   0.00000  -0.69865   0.00000  -0.69444   0.00000  -0.69444
 -7.16792   0.00000  -0.69865   0.00000  -0.69865   0.00000  -0.69444   0.00000  -0.69444
 -7.11779   0.00000  -0.69865   0.00000  -0.69865   0.00000  -0.69444   0.00000  -0.69444
 -7.06767  -0.11479  -0.70440  -0.11479  -0.70440   0.00000  -0.69444   0.00000  -0.69444
 -7.01754  -1.26792  -0.76795  -1.26792  -0.76795   0.00000  -0.69444   0.00000  -0.69444
 -6.96742  -0.36337  -0.78617  -0.36337  -0.78617   0.00000  -0.69444   0.00000  -0.69444
 -6.91729  -0.46792  -0.80962  -0.46792  -0.80962   0.00000  -0.69444   0.00000  -0.69444
 -6.86717  -0.24642  -0.82198  -0.24642  -0.82198   0.00000  -0.69444   0.00000  -0.69444
 -6.81704  -0.18524  -0.83126  -0.18524  -0.83126   0.00000  -0.69444   0.00000  -0.69444
 -6.76692  -0.25250  -0.84392  -0.25250  -0.84392   0.00000  -0.69444   0.00000  -0.69444
 -6.71679  -0.24130  -0.85601  -0.24130  -0.85601   0.00000  -0.69444   0.00000  -0.69444
 -6.66667  -0.33835  -0.87297  -0.33835  -0.87297   0.00000  -0.69444   0.00000  -0.69444
 -6.61654  -0.45403  -0.89573  -0.45403  -0.89573   0.00000  -0.69444   0.00000  -0.69444
 -6.56642  -0.55228  -0.92341  -0.55228  -0.92341   0.00000  -0.69444   0.00000  -0.69444
 -6.51629  -0.45288  -0.94611  -0.45288  -0.94611   0.00000  -0.69444   0.00000  -0.69444
 -6.46617  -0.27310  -0.95980  -0.27310  -0.95980   0.00000  -0.69444   0.00000  -0.69444
 -6.41604  -0.33854  -0.97677  -0.33854  -0.97677   0.00000  -0.69444   0.00000  -0.69444
 -6.36591  -0.31292  -0.99246  -0.31292  -0.99246   0.00000  -0.69444   0.00000  -0.69444
 -6.31579  -0.26677  -1.00583  -0.26677  -1.00583   0.00000  -0.69444   0.00000  -0.69444
 -6.26566  -0.20262  -1.01599  -0.20262  -1.01599   0.00000  -0.69444   0.00000  -0.69444
 -6.21554  -0.16425  -1.02422  -0.16425  -1.02422   0.00000  -0.69444   0.00000  -0.69444
 -6.16541  -0.20006  -1.03425  -0.20006  -1.03425   0.00000  -0.69444   0.00000  -0.69444
 -6.11529  -0.22622  -1.04559  -0.22622  -1.04559   0.00000  -0.69444   0.00000  -0.69444
 -6.06516  -0.25080  -1.05816  -0.25080  -1.05816   0.00000  -0.69444   0.00000  -0.69444
 -6.01504  -0.28513  -1.07245  -0.28513  -1.07245   0.00000  -0.69444   0.00000  -0.69444
 -5.96491  -0.26022  -1.08549  -0.26022  -1.08549   0.00000  -0.69444   0.00000  -0.69444
 -5.91479  -0.27093  -1.09907  -0.27093  -1.09907   0.00000  -0.69444   0.00000  -0.69444
 -5.86466  -0.21873  -1.11004  -0.21873  -1.11004   0.00000  -0.69444   0.00000  -0.69444
 -5.81454  -0.15835  -1.11797  -0.15835  -1.11797   0.00000  -0.69444   0.00000  -0.69444
 -5.76441  -0.14486  -1.12524  -0.14486  -1.12524   0.00000  -0.69444   0.00000  -0.69444
 -5.71429  -0.18337  -1.13443  -0.18337  -1.13443  -0.02006  -0.69544  -0.02006  -0.69544
 -5.66416  -0.33481  -1.15121  -0.33481  -1.15121  -0.33515  -0.71224  -0.33515  -0.71224
 -5.61404  -0.44048  -1.17329  -0.44048  -1.17329  -0.40527  -0.73256  -0.40527  -0.73256
 -5.56391  -0.47213  -1.19695  -0.47213  -1.19695  -0.57902  -0.76158  -0.57902  -0.76158
 -5.51378  -0.55033  -1.22454  -0.55033  -1.22454  -0.37932  -0.78059  -0.37932  -0.78059
 -5.46366  -0.36704  -1.24294  -0.36704  -1.24294  -0.28050  -0.79465  -0.28050  -0.79465
 -5.41353  -0.39651  -1.26281  -0.39651  -1.26281  -0.29715  -0.80955  -0.29715  -0.80955
 -5.36341  -0.23822  -1.27475  -0.23822  -1.27475  -0.29914  -0.82454  -0.29914  -0.82454
 -5.31328  -0.28039  -1.28881  -0.28039  -1.28881  -0.21824  -0.83548  -0.21824  -0.83548
 -5.26316  -0.50492  -1.31412  -0.50492  -1.31412  -0.17659  -0.84433  -0.17659  -0.84433
 -5.21303  -0.49533  -1.33895  -0.49533  -1.33895  -0.17656  -0.85318  -0.17656  -0.85318
 -5.16291  -0.23921  -1.35094  -0.23921  -1.35094  -0.22701  -0.86456  -0.22701  -0.86456
 -5.11278  -0.26372  -1.36416  -0.26372  -1.36416  -0.27266  -0.87823  -0.27266  -0.87823
 -5.06266  -0.20856  -1.37461  -0.20856  -1.37461  -0.27996  -0.89226  -0.27996  -0.89226
 -5.01253  -0.14812  -1.38203  -0.14812  -1.38203  -0.24676  -0.90463  -0.24676  -0.90463
 -4.96241  -0.13315  -1.38871  -0.13315  -1.38871  -0.22742  -0.91603  -0.22742  -0.91603
 -4.91228  -0.13548  -1.39550  -0.13548  -1.39550  -0.41154  -0.93666  -0.41154  -0.93666
 -4.86216  -0.13391  -1.40221  -0.13391  -1.40221  -0.39928  -0.95667  -0.39928  -0.95667
 -4.81203  -0.18551  -1.41151  -0.18551  -1.41151  -0.28636  -0.97103  -0.28636  -0.97103
 -4.76190  -0.10911  -1.41698  -0.10911  -1.41698  -0.23377  -0.98275  -0.23377  -0.98275
 -4.71178  -0.08363  -1.42117  -0.08363  -1.42117  -0.24504  -0.99503  -0.24504  -0.99503
 -4.66165  -0.13459  -1.42792  -0.13459  -1.42792  -0.25841  -1.00798  -0.25841  -1.00798
 -4.61153  -0.14736  -1.43530  -0.14736  -1.43530  -0.28644  -1.02234  -0.28644  -1.02234
 -4.56140  -0.09355  -1.43999  -0.09355  -1.43999  -0.25659  -1.03520  -0.25659  -1.03520
 -4.51128  -0.16097  -1.44806  -0.16097  -1.44806  -0.28697  -1.04959  -0.28697  -1.04959
 -4.46115  -0.06022  -1.45108  -0.06022  -1.45108  -0.28155  -1.06370  -0.28155  -1.06370
 -4.41103  -0.04043  -1.45311  -0.04043  -1.45311  -0.38340  -1.08292  -0.38340  -1.08292
 -4.36090  -0.03798  -1.45501  -0.03798  -1.45501  -0.30940  -1.09843  -0.30940  -1.09843
 -4.31078  -0.06554  -1.45830  -0.06554  -1.45830  -0.21592  -1.10925  -0.21592  -1.10925
 -4.26065  -0.02326  -1.45946  -0.02326  -1.45946  -0.21352  -1.11995  -0.21352  -1.11995
 -4.21053  -0.03343  -1.46114  -0.03343  -1.46114  -0.27077  -1.13352  -0.27077  -1.13352
 -4.16040  -0.04822  -1.46356  -0.04822  -1.46356  -0.32390  -1.14976  -0.32390  -1.14976
 -4.11028  -0.04898  -1.46601  -0.04898  -1.46601  -0.30120  -1.16486  -0.30120  -1.16486
 -4.06015  -0.04657  -1.46835  -0.04657  -1.46835  -0.25634  -1.17771  -0.25634  -1.17771
 -4.01003  -0.00136  -1.46841  -0.00136  -1.46841  -0.23107  -1.18929  -0.23107  -1.18929
 -3.95990  -0.03194  -1.47001  -0.03194  -1.47001  -0.26512  -1.20258  -0.26512  -1.20258
 -3.90977  -0.10202  -1.47513  -0.10202  -1.47513  -0.25134  -1.21518  -0.25134  -1.21518
 -3.85965  -0.11085  -1.48068  -0.11085  -1.48068  -0.18756  -1.22458  -0.18756  -1.22458
 -3.80952  -0.07037  -1.48421  -0.07037  -1.48421  -0.22230  -1.23572  -0.22230  -1.23572
 -3.75940  -0.02194  -1.48531  -0.02194  -1.48531  -0.11779  -1.24162  -0.11779  -1.24162
 -3.70927  -0.00262  -1.48544  -0.00262  -1.48544  -0.15907  -1.24960  -0.15907  -1.24960
 -3.65915  -0.00256  -1.48557  -0.00256  -1.48557  -0.13329  -1.25628  -0.13329  -1.25628
 -3.60902   0.03656  -1.48374   0.03656  -1.48374  -0.14631  -1.26361  -0.14631  -1.26361
 -3.55890   0.07263  -1.48010   0.07263  -1.48010  -0.17855  -1.27256  -0.17855  -1.27256
 -3.50877   0.04491  -1.47785   0.04491  -1.47785  -0.21174  -1.28318  -0.21174  -1.28318
 -3.45865   0.01261  -1.47721   0.01261  -1.47721  -0.21611  -1.29401  -0.21611  -1.29401
 -3.40852   0.03872  -1.47527   0.03872  -1.47527  -0.25489  -1.30679  -0.25489  -1.30679
 -3.35840   0.00640  -1.47495   0.00640  -1.47495  -0.20338  -1.31698  -0.20338  -1.31698
 -3.30827   0.03996  -1.47295   0.03996  -1.47295  -0.09798  -1.32189  -0.09798  -1.32189
 -3.25815   0.04275  -1.47081   0.04275  -1.47081  -0.18017  -1.33092  -0.18017  -1.33092
 -3.20802   0.01385  -1.47011   0.01385  -1.47011  -0.19047  -1.34047  -0.19047  -1.34047
 -3.15789   0.00920  -1.46965   0.00920  -1.46965  -0.16510  -1.34875  -0.16510  -1.34875
 -3.10777   0.06633  -1.46633   0.06633  -1.46633  -0.13472  -1.35550  -0.13472  -1.35550
 -3.05764   0.14997  -1.45881   0.14997  -1.45881  -0.11858  -1.36144  -0.11858  -1.36144
 -3.00752   0.11403  -1.45309   0.11403  -1.45309  -0.09612  -1.36626  -0.09612  -1.36626
 -2.95739   0.18211  -1.44397   0.18211  -1.44397  -0.08835  -1.37069  -0.08835  -1.37069
 -2.90727   0.16724  -1.43558   0.16724  -1.43558  -0.06970  -1.37418  -0.06970  -1.37418
 -2.85714   0.16741  -1.42719   0.16741  -1.42719  -0.10939  -1.37967  -0.10939  -1.37967
 -2.80702   0.16707  -1.41882   0.16707  -1.41882  -0.11308  -1.38533  -0.11308  -1.38533
 -2.75689   0.17703  -1.40994   0.17703  -1.40994  -0.09996  -1.39034  -0.09996  -1.39034
 -2.70677   0.15162  -1.40234   0.15162  -1.40234  -0.08850  -1.39478  -0.08850  -1.39478
 -2.65664   0.15937  -1.39435   0.15937  -1.39435  -0.08952  -1.39927  -0.08952  -1.39927
 -2.60652   0.11903  -1.38839   0.11903  -1.38839  -0.05495  -1.40202  -0.05495  -1.40202
 -2.55639   0.11493  -1.38263   0.11493  -1.38263  -0.07640  -1.40585  -0.07640  -1.40585
 -2.50627   0.12191  -1.37652   0.12191  -1.37652  -0.07754  -1.40974  -0.07754  -1.40974
 -2.45614   0.12149  -1.37043   0.12149  -1.37043  -0.07453  -1.41347  -0.07453  -1.41347
 -2.40602   0.12226  -1.36430   0.12226  -1.36430  -0.04620  -1.41579  -0.04620  -1.41579
 -2.35589   0.15031  -1.35676   0.15031  -1.35676  -0.03203  -1.41740  -0.03203  -1.41740
 -2.30576   0.21334  -1.34607   0.21334  -1.34607  -0.04291  -1.41955  -0.04291  -1.41955
 -2.25564   0.28297  -1.33189   0.28297  -1.33189  -0.00846  -1.41997  -0.00846  -1.41997
 -2.20551   0.25800  -1.31895   0.25800  -1.31895  -0.03026  -1.42149  -0.03026  -1.42149
 -2.15539   0.20858  -1.30850   0.20858  -1.30850  -0.04078  -1.42353  -0.04078  -1.42353
 -2.10526   0.21104  -1.29792   0.21104  -1.29792  -0.00827  -1.42395  -0.00827  -1.42395
 -2.05514   0.25872  -1.28495   0.25872  -1.28495   0.00797  -1.42355   0.00797  -1.42355
 -2.00501   0.20957  -1.27445   0.20957  -1.27445   0.02816  -1.42213   0.02816  -1.42213
 -1.95489   0.24915  -1.26196   0.24915  -1.26196   0.01032  -1.42162   0.01032  -1.42162
 -1.90476   0.17428  -1.25322   0.17428  -1.25322   0.00825  -1.42120   0.00825  -1.42120
 -1.85464   0.13302  -1.24656   0.13302  -1.24656  -0.00119  -1.42126  -0.00119  -1.42126
 -1.80451   0.11541  -1.24077   0.11541  -1.24077   0.01945  -1.42029   0.01945  -1.42029
 -1.75439   0.13298  -1.23410   0.13298  -1.23410   0.01335  -1.41962   0.01335  -1.41962
 -1.70426   0.09334  -1.22943   0.09334  -1.22943   0.00318  -1.41946   0.00318  -1.41946
 -1.65414   0.06398  -1.22622   0.06398  -1.22622   0.00512  -1.41920   0.00512  -1.41920
 -1.60401   0.09092  -1.22166   0.09092  -1.22166   0.00108  -1.41915   0.00108  -1.41915
 -1.55388   0.04710  -1.21930   0.04710  -1.21930  -0.01459  -1.41988  -0.01459  -1.41988
 -1.50376   0.04376  -1.21711   0.04376  -1.21711  -0.01219  -1.42049  -0.01219  -1.42049
 -1.45363   0.05736  -1.21423   0.05736  -1.21423  -0.01121  -1.42105  -0.01121  -1.42105
 -1.40351   0.04332  -1.21206   0.04332  -1.21206  -0.00641  -1.42138  -0.00641  -1.42138
 -1.35338   0.04334  -1.20989   0.04334  -1.20989  -0.00737  -1.42175  -0.00737  -1.42175
 -1.30326   0.07186  -1.20629   0.07186  -1.20629  -0.01175  -1.42233  -0.01175  -1.42233
 -1.25313   0.07089  -1.20273   0.07089  -1.20273  -0.01183  -1.42293  -0.01183  -1.42293
 -1.20301   0.11650  -1.19689   0.11650  -1.19689  -0.01948  -1.42390  -0.01948  -1.42390
 -1.15288   0.10229  -1.19177   0.10229  -1.19177  -0.03081  -1.42545  -0.03081  -1.42545
 -1.10276   0.07296  -1.18811   0.07296  -1.18811  -0.02722  -1.42681  -0.02722  -1.42681
 -1.05263   0.05384  -1.18541   0.05384  -1.18541  -0.02413  -1.42802  -0.02413  -1.42802
 -1.00251   0.04783  -1.18301   0.04783  -1.18301  -0.03203  -1.42963  -0.03203  -1.42963
 -0.95238   0.05011  -1.18050   0.05011  -1.18050  -0.00504  -1.42988  -0.00504  -1.42988
 -0.90226   0.06115  -1.17744   0.06115  -1.17744   0.02576  -1.42859   0.02576  -1.42859
 -0.85213   0.09710  -1.17257   0.09710  -1.17257   0.02374  -1.42740   0.02374  -1.42740
 -0.80201   0.07403  -1.16886   0.07403  -1.16886   0.00452  -1.42717   0.00452  -1.42717
 -0.75188   0.03712  -1.16700   0.03712  -1.16700  -0.01439  -1.42789  -0.01439  -1.42789
 -0.70175   0.04138  -1.16492   0.04138  -1.16492  -0.01523  -1.42866  -0.01523  -1.42866
 -0.65163   0.02100  -1.16387   0.02100  -1.16387  -0.00495  -1.42891  -0.00495  -1.42891
 -0.60150   0.02659  -1.16254   0.02659  -1.16254   0.00000  -1.42891   0.00000  -1.42891
 -0.55138   0.01777  -1.16165   0.01777  -1.16165   0.00000  -1.42891   0.00000  -1.42891
 -0.50125   0.01044  -1.16112   0.01044  -1.16112   0.00000  -1.42891   0.00000  -1.42891
 -0.45113   0.01840  -1.16020   0.01840  -1.16020   0.00000  -1.42891   0.00000  -1.42891
 -0.40100   0.01026  -1.15969   0.01026  -1.15969   0.00000  -1.42891   0.00000  -1.42891
 -0.35088   0.01931  -1.15872   0.01931  -1.15872   0.00000  -1.42891   0.00000  -1.42891
 -0.30075   0.00539  -1.15845   0.00539  -1.15845   0.00000  -1.42891   0.00000  -1.42891
 -0.25063   0.00393  -1.15825   0.00393  -1.15825   0.00000  -1.42891   0.00000  -1.42891
 -0.20050   0.00377  -1.15806   0.00377  -1.15806   0.00000  -1.42891   0.00000  -1.42891
 -0.15038   0.00043  -1.15804   0.00043  -1.15804   0.00000  -1.42891   0.00000  -1.42891
 -0.10025   0.00356  -1.15786   0.00356  -1.15786   0.00000  -1.42891   0.00000  -1.42891
 -0.05013   0.00319  -1.15770   0.00319  -1.15770   0.00000  -1.42891   0.00000  -1.42891
  0.00000   0.01302  -1.15705   0.01302  -1.15705   0.00000  -1.42891   0.00000  -1.42891
  0.05013   0.00000  -1.15705   0.00000  -1.15705   0.00000  -1.42891   0.00000  -1.42891
  0.10025   0.00000  -1.15705   0.00000  -1.15705   0.00000  -1.42891   0.00000  -1.42891
  0.15038   0.00000  -1.15705   0.00000  -1.15705   0.00000  -1.42891   0.00000  -1.42891
  0.20050   0.00000  -1.15705   0.00000  -1.15705   0.00000  -1.42891   0.00000  -1.42891
  0.25063   0.00000  -1.15705   0.00000  -1.15705   0.00000  -1.42891   0.00000  -1.42891
  0.30075   0.00000  -1.15705   0.00000  -1.15705   0.00000  -1.42891   0.00000  -1.42891
  0.35088   0.00000  -1.15705   0.00000  -1.15705   0.00000  -1.42891   0.00000  -1.42891
  0.40100   0.00000  -1.15705   0.00000  -1.15705   0.00000  -1.42891   0.00000  -1.42891
  0.45113   0.00000  -1.15705   0.00000  -1.15705   0.00000  -1.42891   0.00000  -1.42891
  0.50125   0.00000  -1.15705   0.00000  -1.15705   0.00000  -1.42891   0.00000  -1.42891
  0.55138   0.00000  -1.15705   0.00000  -1.15705   0.00000  -1.42891   0.00000  -1.42891
  0.60150   0.00000  -1.15705   0.00000  -1.15705   0.00000  -1.42891   0.00000  -1.42891
  0.65163   0.00000  -1.15705   0.00000  -1.15705   0.00000  -1.42891   0.00000  -1.42891
  0.70175   0.00000  -1.15705   0.00000  -1.15705   0.00000  -1.42891   0.00000  -1.42891
  0.75188   0.00000  -1.15705   0.00000  -1.15705   0.00000  -1.42891   0.00000  -1.42891
  0.80201   0.00000  -1.15705   0.00000  -1.15705   0.00000  -1.42891   0.00000  -1.42891
  0.85213   0.00000  -1.15705   0.00000  -1.15705   0.00000  -1.42891   0.00000  -1.42891
  0.90226   0.00000  -1.15705   0.00000  -1.15705   0.00000  -1.42891   0.00000  -1.42891
  0.95238   0.00000  -1.15705   0.00000  -1.15705   0.00000  -1.42891   0.00000  -1.42891
  1.00251   0.09870  -1.15210   0.09870  -1.15210   0.00000  -1.42891   0.00000  -1.42891
  1.05263   0.28906  -1.13761   0.28906  -1.13761   0.00000  -1.42891   0.00000  -1.42891
  1.10276   1.05497  -1.08473   1.05497  -1.08473   0.00000  -1.42891   0.00000  -1.42891
  1.15288   1.54298  -1.00739   1.54298  -1.00739   0.00000  -1.42891   0.00000  -1.42891
  1.20301   1.39943  -0.93724   1.39943  -0.93724   0.00000  -1.42891   0.00000  -1.42891
  1.25313   1.04900  -0.88466   1.04900  -0.88466   0.00000  -1.42891   0.00000  -1.42891
  1.30326   1.04917  -0.83207   1.04917  -0.83207   0.00000  -1.42891   0.00000  -1.42891
  1.35338   0.76306  -0.79382   0.76306  -0.79382   0.00000  -1.42891   0.00000  -1.42891
  1.40351   0.45510  -0.77101   0.45510  -0.77101   0.00000  -1.42891   0.00000  -1.42891
  1.45363   0.36288  -0.75282   0.36288  -0.75282   0.00000  -1.42891   0.00000  -1.42891
  1.50376   0.59870  -0.72281   0.59870  -0.72281   0.00000  -1.42891   0.00000  -1.42891
  1.55388   0.38024  -0.70375   0.38024  -0.70375   0.00000  -1.42891   0.00000  -1.42891
  1.60401   0.35054  -0.68618   0.35054  -0.68618   0.00000  -1.42891   0.00000  -1.42891
  1.65414   0.46124  -0.66306   0.46124  -0.66306   0.00000  -1.42891   0.00000  -1.42891
  1.70426   0.47396  -0.63930   0.47396  -0.63930   0.00000  -1.42891   0.00000  -1.42891
  1.75439   0.25952  -0.62630   0.25952  -0.62630   0.00000  -1.42891   0.00000  -1.42891
  1.80451   0.44446  -0.60402   0.44446  -0.60402   0.00000  -1.42891   0.00000  -1.42891
  1.85464   0.44035  -0.58194   0.44035  -0.58194   0.00000  -1.42891   0.00000  -1.42891
  1.90476   0.34721  -0.56454   0.34721  -0.56454   0.00000  -1.42891   0.00000  -1.42891
  1.95489   0.20267  -0.55438   0.20267  -0.55438   0.00000  -1.42891   0.00000  -1.42891
  2.00501   0.08376  -0.55018   0.08376  -0.55018   0.00000  -1.42891   0.00000  -1.42891
  2.05514   0.03745  -0.54831   0.03745  -0.54831   0.00000  -1.42891   0.00000  -1.42891
  2.10526   0.02846  -0.54688   0.02846  -0.54688   0.00000  -1.42891   0.00000  -1.42891
  2.15539   0.00898  -0.54643   0.00898  -0.54643   0.00000  -1.42891   0.00000  -1.42891
  2.20551   0.00048  -0.54641   0.00048  -0.54641   0.00000  -1.42891   0.00000  -1.42891
  2.25564   0.00000  -0.54641   0.00000  -0.54641   0.00000  -1.42891   0.00000  -1.42891
  2.30576   0.00000  -0.54641   0.00000  -0.54641   0.00000  -1.42891   0.00000  -1.42891
  2.35589   0.00000  -0.54641   0.00000  -0.54641   0.00000  -1.42891   0.00000  -1.42891
  2.40602   0.00000  -0.54641   0.00000  -0.54641   0.00000  -1.42891   0.00000  -1.42891
  2.45614   0.00000  -0.54641   0.00000  -0.54641   0.00000  -1.42891   0.00000  -1.42891
  2.50627   0.00000  -0.54641   0.00000  -0.54641   0.00000  -1.42891   0.00000  -1.42891
  2.55639   0.00000  -0.54641   0.00000  -0.54641   0.00000  -1.42891   0.00000  -1.42891
  2.60652   0.00000  -0.54641   0.00000  -0.54641   0.29132  -1.41430   0.29132  -1.41430
  2.65664   0.00000  -0.54641   0.00000  -0.54641   0.51237  -1.38862   0.51237  -1.38862
  2.70677   0.00000  -0.54641   0.00000  -0.54641   0.20677  -1.37826   0.20677  -1.37826
  2.75689   0.00000  -0.54641   0.00000  -0.54641   0.35583  -1.36042   0.35583  -1.36042
  2.80702   0.00000  -0.54641   0.00000  -0.54641   0.65287  -1.32769   0.65287  -1.32769
  2.85714   0.00000  -0.54641   0.00000  -0.54641   0.28956  -1.31318   0.28956  -1.31318
  2.90727   0.00000  -0.54641   0.00000  -0.54641   0.24156  -1.30107   0.24156  -1.30107
  2.95739   0.00000  -0.54641   0.00000  -0.54641   0.32485  -1.28479   0.32485  -1.28479
  3.00752   0.00000  -0.54641   0.00000  -0.54641   0.44657  -1.26240   0.44657  -1.26240
  3.05764   0.00000  -0.54641   0.00000  -0.54641   0.29735  -1.24750   0.29735  -1.24750
  3.10777   0.00000  -0.54641   0.00000  -0.54641   0.17679  -1.23864   0.17679  -1.23864
  3.15789   0.00000  -0.54641   0.00000  -0.54641   0.19526  -1.22885   0.19526  -1.22885
  3.20802   0.00000  -0.54641   0.00000  -0.54641   0.48407  -1.20459   0.48407  -1.20459
  3.25815   0.00000  -0.54641   0.00000  -0.54641   0.53253  -1.17789   0.53253  -1.17789
  3.30827   0.00000  -0.54641   0.00000  -0.54641   0.41386  -1.15715   0.41386  -1.15715
  3.35840   0.00000  -0.54641   0.00000  -0.54641   0.35930  -1.13914   0.35930  -1.13914
  3.40852   0.00000  -0.54641   0.00000  -0.54641   0.17764  -1.13023   0.17764  -1.13023
  3.45865   0.00000  -0.54641   0.00000  -0.54641   0.05306  -1.12757   0.05306  -1.12757
  3.50877   0.00000  -0.54641   0.00000  -0.54641   0.13246  -1.12093   0.13246  -1.12093
  3.55890   0.00000  -0.54641   0.00000  -0.54641   0.67494  -1.08710   0.67494  -1.08710
  3.60902   0.00000  -0.54641   0.00000  -0.54641   0.98662  -1.03765   0.98662  -1.03765
  3.65915   0.00000  -0.54641   0.00000  -0.54641   1.11008  -0.98201   1.11008  -0.98201
  3.70927   0.00000  -0.54641   0.00000  -0.54641   1.50916  -0.90636   1.50916  -0.90636
  3.75940   0.00000  -0.54641   0.00000  -0.54641   1.74928  -0.81867   1.74928  -0.81867
  3.80952   0.00000  -0.54641   0.00000  -0.54641   1.23987  -0.75653   1.23987  -0.75653
  3.85965   0.00000  -0.54641   0.00000  -0.54641   0.84900  -0.71397   0.84900  -0.71397
  3.90977   0.00000  -0.54641   0.00000  -0.54641   1.05728  -0.66097   1.05728  -0.66097
  3.95990   0.00000  -0.54641   0.00000  -0.54641   0.69661  -0.62606   0.69661  -0.62606
  4.01003   0.00000  -0.54641   0.00000  -0.54641   0.59570  -0.59620   0.59570  -0.59620
  4.06015   0.00000  -0.54641   0.00000  -0.54641   0.53495  -0.56938   0.53495  -0.56938
  4.11028   0.00000  -0.54641   0.00000  -0.54641   0.38952  -0.54986   0.38952  -0.54986
  4.16040   0.00000  -0.54641   0.00000  -0.54641   0.07601  -0.54605   0.07601  -0.54605
  4.21053   0.00000  -0.54641   0.00000  -0.54641   0.08039  -0.54202   0.08039  -0.54202
  4.26065   0.00000  -0.54641   0.00000  -0.54641   0.05781  -0.53912   0.05781  -0.53912
  4.31078   0.00000  -0.54641   0.00000  -0.54641   0.03773  -0.53723   0.03773  -0.53723
  4.36090   0.00000  -0.54641   0.00000  -0.54641   0.02350  -0.53605   0.02350  -0.53605
  4.41103   0.00000  -0.54641   0.00000  -0.54641   0.02983  -0.53455   0.02983  -0.53455
  4.46115   0.00000  -0.54641   0.00000  -0.54641   0.05641  -0.53173   0.05641  -0.53173
  4.51128   0.00000  -0.54641   0.00000  -0.54641   0.00000  -0.53173   0.00000  -0.53173
  4.56140   0.00000  -0.54641   0.00000  -0.54641   0.00000  -0.53173   0.00000  -0.53173
  4.61153   0.00000  -0.54641   0.00000  -0.54641   0.00000  -0.53173   0.00000  -0.53173
  4.66165   0.00000  -0.54641   0.00000  -0.54641   0.00000  -0.53173   0.00000  -0.53173
  4.71178   0.00000  -0.54641   0.00000  -0.54641   0.00000  -0.53173   0.00000  -0.53173
  4.76190   0.00000  -0.54641   0.00000  -0.54641   0.00000  -0.53173   0.00000  -0.53173
  4.81203   0.00000  -0.54641   0.00000  -0.54641   0.00000  -0.53173   0.00000  -0.53173
  4.86216   0.00000  -0.54641   0.00000  -0.54641   0.00000  -0.53173   0.00000  -0.53173
  4.91228   0.00000  -0.54641   0.00000  -0.54641   0.00000  -0.53173   0.00000  -0.53173
  4.96241   0.00000  -0.54641   0.00000  -0.54641   0.00000  -0.53173   0.00000  -0.53173
  5.01253   0.00000  -0.54641   0.00000  -0.54641   0.00000  -0.53173   0.00000  -0.53173
  5.06266   0.00000  -0.54641   0.00000  -0.54641   0.00000  -0.53173   0.00000  -0.53173
  5.11278   0.00000  -0.54641   0.00000  -0.54641   0.00000  -0.53173   0.00000  -0.53173
  5.16291   0.00000  -0.54641   0.00000  -0.54641   0.00000  -0.53173   0.00000  -0.53173
  5.21303   0.00000  -0.54641   0.00000  -0.54641   0.00000  -0.53173   0.00000  -0.53173
  5.26316   0.00000  -0.54641   0.00000  -0.54641   0.00000  -0.53173   0.00000  -0.53173
  5.31328   0.00000  -0.54641   0.00000  -0.54641   0.00000  -0.53173   0.00000  -0.53173
  5.36341   0.00000  -0.54641   0.00000  -0.54641   0.00000  -0.53173   0.00000  -0.53173
  5.41353   0.00000  -0.54641   0.00000  -0.54641   0.00000  -0.53173   0.00000  -0.53173
  5.46366   0.00000  -0.54641   0.00000  -0.54641   0.00000  -0.53173   0.00000  -0.53173
  5.51378   0.00000  -0.54641   0.00000  -0.54641   0.00000  -0.53173   0.00000  -0.53173
  5.56391   0.00000  -0.54641   0.00000  -0.54641   0.00000  -0.53173   0.00000  -0.53173
  5.61404   0.00000  -0.54641   0.00000  -0.54641   0.00000  -0.53173   0.00000  -0.53173
  5.66416   0.00000  -0.54641   0.00000  -0.54641   0.00000  -0.53173   0.00000  -0.53173
  5.71429   0.00000  -0.54641   0.00000  -0.54641   0.00000  -0.53173   0.00000  -0.53173
  5.76441   0.00000  -0.54641   0.00000  -0.54641   0.00000  -0.53173   0.00000  -0.53173
  5.81454   0.00000  -0.54641   0.00000  -0.54641   0.00000  -0.53173   0.00000  -0.53173
  5.86466   0.00000  -0.54641   0.00000  -0.54641   0.00000  -0.53173   0.00000  -0.53173
  5.91479   0.00000  -0.54641   0.00000  -0.54641   0.00000  -0.53173   0.00000  -0.53173
  5.96491   0.00049  -0.54638   0.00049  -0.54638   0.00000  -0.53173   0.00000  -0.53173
  6.01504   0.00661  -0.54605   0.00661  -0.54605   0.00000  -0.53173   0.00000  -0.53173
  6.06516   0.01861  -0.54512   0.01861  -0.54512   0.00000  -0.53173   0.00000  -0.53173
  6.11529   0.03195  -0.54351   0.03195  -0.54351   0.00000  -0.53173   0.00000  -0.53173
  6.16541   0.03682  -0.54167   0.03682  -0.54167   0.00000  -0.53173   0.00000  -0.53173
  6.21554   0.03675  -0.53983   0.03675  -0.53983   0.00101  -0.53168   0.00101  -0.53168
  6.26566   0.03809  -0.53792   0.03809  -0.53792   0.00879  -0.53124   0.00879  -0.53124
  6.31579   0.04238  -0.53579   0.04238  -0.53579   0.02109  -0.53018   0.02109  -0.53018
  6.36591   0.04980  -0.53330   0.04980  -0.53330   0.03285  -0.52853   0.03285  -0.52853
  6.41604   0.06132  -0.53022   0.06132  -0.53022   0.03446  -0.52680   0.03446  -0.52680
  6.46617   0.06938  -0.52675   0.06938  -0.52675   0.03446  -0.52508   0.03446  -0.52508
  6.51629   0.05936  -0.52377   0.05936  -0.52377   0.03691  -0.52323   0.03691  -0.52323
  6.56642   0.05245  -0.52114   0.05245  -0.52114   0.04196  -0.52112   0.04196  -0.52112
  6.61654   0.05246  -0.51851   0.05246  -0.51851   0.05111  -0.51856   0.05111  -0.51856
  6.66667   0.05278  -0.51587   0.05278  -0.51587   0.06403  -0.51535   0.06403  -0.51535
  6.71679   0.05405  -0.51316   0.05405  -0.51316   0.05923  -0.51238   0.05923  -0.51238
  6.76692   0.05833  -0.51023   0.05833  -0.51023   0.04955  -0.50990   0.04955  -0.50990
  6.81704   0.07452  -0.50650   0.07452  -0.50650   0.04765  -0.50751   0.04765  -0.50751
  6.86717   0.08537  -0.50222   0.08537  -0.50222   0.04773  -0.50512   0.04773  -0.50512
  6.91729   0.08215  -0.49810   0.08215  -0.49810   0.04888  -0.50267   0.04888  -0.50267
  6.96742   0.08817  -0.49368   0.08817  -0.49368   0.05161  -0.50008   0.05161  -0.50008
  7.01754   0.08305  -0.48952   0.08305  -0.48952   0.06480  -0.49683   0.06480  -0.49683
  7.06767   0.07571  -0.48572   0.07571  -0.48572   0.07897  -0.49288   0.07897  -0.49288
  7.11779   0.06483  -0.48247   0.06483  -0.48247   0.07745  -0.48899   0.07745  -0.48899
  7.16792   0.05954  -0.47949   0.05954  -0.47949   0.06845  -0.48556   0.06845  -0.48556
  7.21805   0.05851  -0.47656   0.05851  -0.47656   0.07025  -0.48204   0.07025  -0.48204
  7.26817   0.05672  -0.47371   0.05672  -0.47371   0.07986  -0.47804   0.07986  -0.47804
  7.31830   0.04704  -0.47136   0.04704  -0.47136   0.07682  -0.47419   0.07682  -0.47419
  7.36842   0.03747  -0.46948   0.03747  -0.46948   0.06816  -0.47077   0.06816  -0.47077
  7.41855   0.04200  -0.46737   0.04200  -0.46737   0.06195  -0.46767   0.06195  -0.46767
  7.46867   0.03493  -0.46562   0.03493  -0.46562   0.05868  -0.46472   0.05868  -0.46472
  7.51880   0.03278  -0.46398   0.03278  -0.46398   0.05953  -0.46174   0.05953  -0.46174
  7.56892   0.05308  -0.46132   0.05308  -0.46132   0.04847  -0.45931   0.04847  -0.45931
  7.61905   0.07079  -0.45777   0.07079  -0.45777   0.04324  -0.45714   0.04324  -0.45714
  7.66917   0.05691  -0.45492   0.05691  -0.45492   0.03954  -0.45516   0.03954  -0.45516
  7.71930   0.04668  -0.45258   0.04668  -0.45258   0.03728  -0.45329   0.03728  -0.45329
  7.76942   0.05523  -0.44981   0.05523  -0.44981   0.04047  -0.45126   0.04047  -0.45126
  7.81955   0.06930  -0.44633   0.06930  -0.44633   0.06403  -0.44805   0.06403  -0.44805
  7.86967   0.06963  -0.44284   0.06963  -0.44284   0.07844  -0.44412   0.07844  -0.44412
  7.91980   0.08317  -0.43868   0.08317  -0.43868   0.05174  -0.44153   0.05174  -0.44153
  7.96992   0.09174  -0.43408   0.09174  -0.43408   0.05693  -0.43867   0.05693  -0.43867
  8.02005   0.10826  -0.42865   0.10826  -0.42865   0.07017  -0.43516   0.07017  -0.43516
  8.07018   0.12796  -0.42224   0.12796  -0.42224   0.07174  -0.43156   0.07174  -0.43156
  8.12030   0.10765  -0.41684   0.10765  -0.41684   0.07957  -0.42757   0.07957  -0.42757
  8.17043   0.10469  -0.41159   0.10469  -0.41159   0.09821  -0.42265   0.09821  -0.42265
  8.22055   0.09296  -0.40693   0.09296  -0.40693   0.11220  -0.41703   0.11220  -0.41703
  8.27068   0.10000  -0.40192   0.10000  -0.40192   0.11526  -0.41125   0.11526  -0.41125
  8.32080   0.11930  -0.39594   0.11930  -0.39594   0.10368  -0.40605   0.10368  -0.40605
  8.37093   0.16038  -0.38790   0.16038  -0.38790   0.09393  -0.40134   0.09393  -0.40134
  8.42105   0.12471  -0.38165   0.12471  -0.38165   0.09796  -0.39643   0.09796  -0.39643
  8.47118   0.09839  -0.37672   0.09839  -0.37672   0.10002  -0.39142   0.10002  -0.39142
  8.52130   0.12780  -0.37031   0.12780  -0.37031   0.13793  -0.38451   0.13793  -0.38451
  8.57143   0.08757  -0.36592   0.08757  -0.36592   0.12236  -0.37837   0.12236  -0.37837
  8.62155   0.08316  -0.36175   0.08316  -0.36175   0.12361  -0.37218   0.12361  -0.37218
  8.67168   0.08254  -0.35762   0.08254  -0.35762   0.10578  -0.36687   0.10578  -0.36687
  8.72180   0.10020  -0.35259   0.10020  -0.35259   0.15016  -0.35935   0.15016  -0.35935
  8.77193   0.10546  -0.34731   0.10546  -0.34731   0.08522  -0.35508   0.08522  -0.35508
  8.82206   0.11298  -0.34164   0.11298  -0.34164   0.07277  -0.35143   0.07277  -0.35143
  8.87218   0.10164  -0.33655   0.10164  -0.33655   0.07690  -0.34757   0.07690  -0.34757
  8.92231   0.11844  -0.33061   0.11844  -0.33061   0.07833  -0.34365   0.07833  -0.34365
  8.97243   0.12856  -0.32417   0.12856  -0.32417   0.10165  -0.33855   0.10165  -0.33855
  9.02256   0.12243  -0.31803   0.12243  -0.31803   0.09090  -0.33400   0.09090  -0.33400
  9.07268   0.10820  -0.31261   0.10820  -0.31261   0.10123  -0.32892   0.10123  -0.32892
  9.12281   0.12723  -0.30623   0.12723  -0.30623   0.11694  -0.32306   0.11694  -0.32306
  9.17293   0.09896  -0.30127   0.09896  -0.30127   0.11513  -0.31729   0.11513  -0.31729
  9.22306   0.11938  -0.29529   0.11938  -0.29529   0.09728  -0.31241   0.09728  -0.31241
  9.27318   0.12227  -0.28916   0.12227  -0.28916   0.10901  -0.30695   0.10901  -0.30695
  9.32331   0.11237  -0.28352   0.11237  -0.28352   0.09409  -0.30223   0.09409  -0.30223
  9.37343   0.11261  -0.27788   0.11261  -0.27788   0.11552  -0.29644   0.11552  -0.29644
  9.42356   0.08400  -0.27367   0.08400  -0.27367   0.11988  -0.29043   0.11988  -0.29043
  9.47368   0.06512  -0.27041   0.06512  -0.27041   0.12041  -0.28440   0.12041  -0.28440
  9.52381   0.06687  -0.26705   0.06687  -0.26705   0.11732  -0.27852   0.11732  -0.27852
  9.57393   0.07102  -0.26349   0.07102  -0.26349   0.08976  -0.27402   0.08976  -0.27402
  9.62406   0.08608  -0.25918   0.08608  -0.25918   0.08620  -0.26970   0.08620  -0.26970
  9.67419   0.07458  -0.25544   0.07458  -0.25544   0.07880  -0.26575   0.07880  -0.26575
  9.72431   0.07982  -0.25144   0.07982  -0.25144   0.07985  -0.26174   0.07985  -0.26174
  9.77444   0.08315  -0.24727   0.08315  -0.24727   0.08114  -0.25768   0.08114  -0.25768
  9.82456   0.09046  -0.24274   0.09046  -0.24274   0.07496  -0.25392   0.07496  -0.25392
  9.87469   0.09682  -0.23788   0.09682  -0.23788   0.07993  -0.24991   0.07993  -0.24991
  9.92481   0.18656  -0.22853   0.18656  -0.22853   0.08881  -0.24546   0.08881  -0.24546
  9.97494   0.14994  -0.22102   0.14994  -0.22102   0.09230  -0.24083   0.09230  -0.24083
 10.02506   0.11251  -0.21538   0.11251  -0.21538   0.10001  -0.23582   0.10001  -0.23582