ESCALE ; pCOHP file generated by LOBSTER. Energy is shifted such that the Fermi level lies at 0 eV.
         2          2        401  -5.82964e+00   1.42205e+01   4.19543e+00 
Average
No.1:Ni57->O101(2.0732514895959655)
-10.02506   0.00000  -0.32419   0.00000  -0.32419   0.00000  -0.30913   0.00000  -0.30913
 -9.97494   0.00000  -0.32419   0.00000  -0.32419   0.00000  -0.30913   0.00000  -0.30913
 -9.92481   0.00000  -0.32419   0.00000  -0.32419   0.00000  -0.30913   0.00000  -0.30913
 -9.87469   0.00000  -0.32419   0.00000  -0.32419   0.00000  -0.30913   0.00000  -0.30913
 -9.82456   0.00000  -0.32419   0.00000  -0.32419   0.00000  -0.30913   0.00000  -0.30913
 -9.77444   0.00000  -0.32419   0.00000  -0.32419   0.00000  -0.30913   0.00000  -0.30913
 -9.72431   0.00000  -0.32419   0.00000  -0.32419   0.00000  -0.30913   0.00000  -0.30913
 -9.67419   0.00000  -0.32419   0.00000  -0.32419   0.00000  -0.30913   0.00000  -0.30913
 -9.62406   0.00000  -0.32419   0.00000  -0.32419   0.00000  -0.30913   0.00000  -0.30913
 -9.57393   0.00000  -0.32419   0.00000  -0.32419   0.00000  -0.30913   0.00000  -0.30913
 -9.52381   0.00000  -0.32419   0.00000  -0.32419   0.00000  -0.30913   0.00000  -0.30913
 -9.47368   0.00000  -0.32419   0.00000  -0.32419   0.00000  -0.30913   0.00000  -0.30913
 -9.42356   0.00000  -0.32419   0.00000  -0.32419   0.00000  -0.30913   0.00000  -0.30913
 -9.37343   0.00000  -0.32419   0.00000  -0.32419   0.00000  -0.30913   0.00000  -0.30913
 -9.32331   0.00000  -0.32419   0.00000  -0.32419   0.00000  -0.30913   0.00000  -0.30913
 -9.27318   0.00000  -0.32419   0.00000  -0.32419   0.00000  -0.30913   0.00000  -0.30913
 -9.22306   0.00000  -0.32419   0.00000  -0.32419   0.00000  -0.30913   0.00000  -0.30913
 -9.17293   0.00000  -0.32419   0.00000  -0.32419   0.00000  -0.30913   0.00000  -0.30913
 -9.12281   0.00000  -0.32419   0.00000  -0.32419   0.00000  -0.30913   0.00000  -0.30913
 -9.07268   0.00000  -0.32419   0.00000  -0.32419   0.00000  -0.30913   0.00000  -0.30913
 -9.02256   0.00000  -0.32419   0.00000  -0.32419   0.00000  -0.30913   0.00000  -0.30913
 -8.97243   0.00000  -0.32419   0.00000  -0.32419   0.00000  -0.30913   0.00000  -0.30913
 -8.92231   0.00000  -0.32419   0.00000  -0.32419   0.00000  -0.30913   0.00000  -0.30913
 -8.87218   0.00000  -0.32419   0.00000  -0.32419   0.00000  -0.30913   0.00000  -0.30913
 -8.82206   0.00000  -0.32419   0.00000  -0.32419   0.00000  -0.30913   0.00000  -0.30913
 -8.77193   0.00000  -0.32419   0.00000  -0.32419   0.00000  -0.30913   0.00000  -0.30913
 -8.72180   0.00000  -0.32419   0.00000  -0.32419   0.00000  -0.30913   0.00000  -0.30913
 -8.67168   0.00000  -0.32419   0.00000  -0.32419   0.00000  -0.30913   0.00000  -0.30913
 -8.62155   0.00000  -0.32419   0.00000  -0.32419   0.00000  -0.30913   0.00000  -0.30913
 -8.57143   0.00000  -0.32419   0.00000  -0.32419   0.00000  -0.30913   0.00000  -0.30913
 -8.52130   0.00000  -0.32419   0.00000  -0.32419   0.00000  -0.30913   0.00000  -0.30913
 -8.47118   0.00000  -0.32419   0.00000  -0.32419   0.00000  -0.30913   0.00000  -0.30913
 -8.42105   0.00000  -0.32419   0.00000  -0.32419   0.00000  -0.30913   0.00000  -0.30913
 -8.37093   0.00000  -0.32419   0.00000  -0.32419   0.00000  -0.30913   0.00000  -0.30913
 -8.32080   0.00000  -0.32419   0.00000  -0.32419   0.00000  -0.30913   0.00000  -0.30913
 -8.27068   0.00000  -0.32419   0.00000  -0.32419   0.00000  -0.30913   0.00000  -0.30913
 -8.22055   0.00000  -0.32419   0.00000  -0.32419   0.00000  -0.30913   0.00000  -0.30913
 -8.17043   0.00000  -0.32419   0.00000  -0.32419   0.00000  -0.30913   0.00000  -0.30913
 -8.12030   0.00000  -0.32419   0.00000  -0.32419   0.00000  -0.30913   0.00000  -0.30913
 -8.07018   0.00000  -0.32419   0.00000  -0.32419   0.00000  -0.30913   0.00000  -0.30913
 -8.02005   0.00000  -0.32419   0.00000  -0.32419   0.00000  -0.30913   0.00000  -0.30913
 -7.96992   0.00000  -0.32419   0.00000  -0.32419   0.00000  -0.30913   0.00000  -0.30913
 -7.91980   0.00000  -0.32419   0.00000  -0.32419   0.00000  -0.30913   0.00000  -0.30913
 -7.86967   0.00000  -0.32419   0.00000  -0.32419   0.00000  -0.30913   0.00000  -0.30913
 -7.81955   0.00000  -0.32419   0.00000  -0.32419   0.00000  -0.30913   0.00000  -0.30913
 -7.76942   0.00000  -0.32419   0.00000  -0.32419   0.00000  -0.30913   0.00000  -0.30913
 -7.71930   0.00000  -0.32419   0.00000  -0.32419   0.00000  -0.30913   0.00000  -0.30913
 -7.66917   0.00000  -0.32419   0.00000  -0.32419   0.00000  -0.30913   0.00000  -0.30913
 -7.61905   0.00000  -0.32419   0.00000  -0.32419   0.00000  -0.30913   0.00000  -0.30913
 -7.56892   0.00000  -0.32419   0.00000  -0.32419   0.00000  -0.30913   0.00000  -0.30913
 -7.51880   0.00000  -0.32419   0.00000  -0.32419   0.00000  -0.30913   0.00000  -0.30913
 -7.46867   0.00000  -0.32419   0.00000  -0.32419   0.00000  -0.30913   0.00000  -0.30913
 -7.41855   0.00000  -0.32419   0.00000  -0.32419   0.00000  -0.30913   0.00000  -0.30913
 -7.36842   0.00000  -0.32419   0.00000  -0.32419   0.00000  -0.30913   0.00000  -0.30913
 -7.31830   0.00000  -0.32419   0.00000  -0.32419   0.00000  -0.30913   0.00000  -0.30913
 -7.26817   0.00000  -0.32419   0.00000  -0.32419   0.00000  -0.30913   0.00000  -0.30913
 -7.21805   0.00000  -0.32419   0.00000  -0.32419   0.00000  -0.30913   0.00000  -0.30913
 -7.16792   0.00000  -0.32419   0.00000  -0.32419   0.00000  -0.30913   0.00000  -0.30913
 -7.11779   0.00000  -0.32419   0.00000  -0.32419   0.00000  -0.30913   0.00000  -0.30913
 -7.06767  -0.03555  -0.32597  -0.03555  -0.32597   0.00000  -0.30913   0.00000  -0.30913
 -7.01754  -0.65441  -0.35878  -0.65441  -0.35878   0.00000  -0.30913   0.00000  -0.30913
 -6.96742  -0.29348  -0.37349  -0.29348  -0.37349   0.00000  -0.30913   0.00000  -0.30913
 -6.91729  -0.20662  -0.38384  -0.20662  -0.38384   0.00000  -0.30913   0.00000  -0.30913
 -6.86717  -0.10326  -0.38902  -0.10326  -0.38902   0.00000  -0.30913   0.00000  -0.30913
 -6.81704  -0.12264  -0.39517  -0.12264  -0.39517   0.00000  -0.30913   0.00000  -0.30913
 -6.76692  -0.12972  -0.40167  -0.12972  -0.40167   0.00000  -0.30913   0.00000  -0.30913
 -6.71679  -0.16171  -0.40977  -0.16171  -0.40977   0.00000  -0.30913   0.00000  -0.30913
 -6.66667  -0.58762  -0.43923  -0.58762  -0.43923   0.00000  -0.30913   0.00000  -0.30913
 -6.61654  -0.79540  -0.47910  -0.79540  -0.47910   0.00000  -0.30913   0.00000  -0.30913
 -6.56642  -0.96549  -0.52749  -0.96549  -0.52749   0.00000  -0.30913   0.00000  -0.30913
 -6.51629  -0.73989  -0.56458  -0.73989  -0.56458   0.00000  -0.30913   0.00000  -0.30913
 -6.46617  -0.33783  -0.58152  -0.33783  -0.58152   0.00000  -0.30913   0.00000  -0.30913
 -6.41604  -0.36295  -0.59971  -0.36295  -0.59971   0.00000  -0.30913   0.00000  -0.30913
 -6.36591  -0.28846  -0.61417  -0.28846  -0.61417   0.00000  -0.30913   0.00000  -0.30913
 -6.31579  -0.19570  -0.62398  -0.19570  -0.62398   0.00000  -0.30913   0.00000  -0.30913
 -6.26566  -0.17571  -0.63279  -0.17571  -0.63279   0.00000  -0.30913   0.00000  -0.30913
 -6.21554  -0.17067  -0.64134  -0.17067  -0.64134   0.00000  -0.30913   0.00000  -0.30913
 -6.16541  -0.08850  -0.64578  -0.08850  -0.64578   0.00000  -0.30913   0.00000  -0.30913
 -6.11529  -0.07442  -0.64951  -0.07442  -0.64951   0.00000  -0.30913   0.00000  -0.30913
 -6.06516  -0.12623  -0.65583  -0.12623  -0.65583   0.00000  -0.30913   0.00000  -0.30913
 -6.01504  -0.08267  -0.65998  -0.08267  -0.65998   0.00000  -0.30913   0.00000  -0.30913
 -5.96491  -0.09008  -0.66449  -0.09008  -0.66449   0.00000  -0.30913   0.00000  -0.30913
 -5.91479  -0.09252  -0.66913  -0.09252  -0.66913   0.00000  -0.30913   0.00000  -0.30913
 -5.86466  -0.04181  -0.67123  -0.04181  -0.67123   0.00000  -0.30913   0.00000  -0.30913
 -5.81454  -0.06621  -0.67455  -0.06621  -0.67455   0.00000  -0.30913   0.00000  -0.30913
 -5.76441  -0.07776  -0.67844  -0.07776  -0.67844   0.00000  -0.30913   0.00000  -0.30913
 -5.71429  -0.09751  -0.68333  -0.09751  -0.68333  -0.01277  -0.30977  -0.01277  -0.30977
 -5.66416  -0.03865  -0.68527  -0.03865  -0.68527  -0.36171  -0.32790  -0.36171  -0.32790
 -5.61404  -0.11360  -0.69096  -0.11360  -0.69096  -0.44920  -0.35041  -0.44920  -0.35041
 -5.56391  -0.07301  -0.69462  -0.07301  -0.69462  -0.48208  -0.37458  -0.48208  -0.37458
 -5.51378  -0.12062  -0.70067  -0.12062  -0.70067  -0.29600  -0.38941  -0.29600  -0.38941
 -5.46366  -0.11886  -0.70663  -0.11886  -0.70663  -0.26870  -0.40288  -0.26870  -0.40288
 -5.41353  -0.13607  -0.71345  -0.13607  -0.71345  -0.31730  -0.41879  -0.31730  -0.41879
 -5.36341  -0.18834  -0.72289  -0.18834  -0.72289  -0.39155  -0.43841  -0.39155  -0.43841
 -5.31328  -0.14922  -0.73037  -0.14922  -0.73037  -0.27226  -0.45206  -0.27226  -0.45206
 -5.26316  -0.14934  -0.73785  -0.14934  -0.73785  -0.15654  -0.45991  -0.15654  -0.45991
 -5.21303  -0.17819  -0.74678  -0.17819  -0.74678  -0.25406  -0.47264  -0.25406  -0.47264
 -5.16291  -0.08325  -0.75096  -0.08325  -0.75096  -0.33587  -0.48948  -0.33587  -0.48948
 -5.11278  -0.03350  -0.75264  -0.03350  -0.75264  -0.30604  -0.50482  -0.30604  -0.50482
 -5.06266  -0.04748  -0.75502  -0.04748  -0.75502  -0.25620  -0.51766  -0.25620  -0.51766
 -5.01253  -0.07232  -0.75864  -0.07232  -0.75864  -0.24378  -0.52988  -0.24378  -0.52988
 -4.96241  -0.07361  -0.76233  -0.07361  -0.76233  -0.29584  -0.54471  -0.29584  -0.54471
 -4.91228  -0.08100  -0.76639  -0.08100  -0.76639  -0.24556  -0.55702  -0.24556  -0.55702
 -4.86216  -0.10509  -0.77166  -0.10509  -0.77166  -0.27982  -0.57104  -0.27982  -0.57104
 -4.81203  -0.14810  -0.77908  -0.14810  -0.77908  -0.30471  -0.58632  -0.30471  -0.58632
 -4.76190  -0.16412  -0.78731  -0.16412  -0.78731  -0.25992  -0.59935  -0.25992  -0.59935
 -4.71178  -0.20752  -0.79771  -0.20752  -0.79771  -0.19655  -0.60920  -0.19655  -0.60920
 -4.66165  -0.20374  -0.80792  -0.20374  -0.80792  -0.16419  -0.61743  -0.16419  -0.61743
 -4.61153  -0.14348  -0.81512  -0.14348  -0.81512  -0.15658  -0.62528  -0.15658  -0.62528
 -4.56140  -0.04389  -0.81732  -0.04389  -0.81732  -0.16192  -0.63339  -0.16192  -0.63339
 -4.51128  -0.05319  -0.81998  -0.05319  -0.81998  -0.18704  -0.64277  -0.18704  -0.64277
 -4.46115   0.00005  -0.81998   0.00005  -0.81998  -0.14370  -0.64997  -0.14370  -0.64997
 -4.41103  -0.00000  -0.81998  -0.00000  -0.81998  -0.14380  -0.65718  -0.14380  -0.65718
 -4.36090  -0.02409  -0.82119  -0.02409  -0.82119  -0.13847  -0.66412  -0.13847  -0.66412
 -4.31078  -0.03478  -0.82293  -0.03478  -0.82293  -0.16983  -0.67263  -0.16983  -0.67263
 -4.26065  -0.05943  -0.82591  -0.05943  -0.82591  -0.15257  -0.68028  -0.15257  -0.68028
 -4.21053  -0.04183  -0.82801  -0.04183  -0.82801  -0.15266  -0.68793  -0.15266  -0.68793
 -4.16040  -0.00630  -0.82832  -0.00630  -0.82832  -0.19502  -0.69771  -0.19502  -0.69771
 -4.11028   0.00419  -0.82811   0.00419  -0.82811  -0.18996  -0.70723  -0.18996  -0.70723
 -4.06015  -0.00107  -0.82817  -0.00107  -0.82817  -0.16337  -0.71542  -0.16337  -0.71542
 -4.01003  -0.01342  -0.82884  -0.01342  -0.82884  -0.12049  -0.72146  -0.12049  -0.72146
 -3.95990   0.00335  -0.82867   0.00335  -0.82867  -0.13177  -0.72806  -0.13177  -0.72806
 -3.90977   0.00688  -0.82832   0.00688  -0.82832  -0.10316  -0.73324  -0.10316  -0.73324
 -3.85965   0.00559  -0.82804   0.00559  -0.82804  -0.06680  -0.73658  -0.06680  -0.73658
 -3.80952  -0.01428  -0.82876  -0.01428  -0.82876  -0.05808  -0.73950  -0.05808  -0.73950
 -3.75940  -0.00421  -0.82897  -0.00421  -0.82897  -0.04924  -0.74196  -0.04924  -0.74196
 -3.70927   0.00222  -0.82886   0.00222  -0.82886  -0.04911  -0.74443  -0.04911  -0.74443
 -3.65915  -0.00376  -0.82905  -0.00376  -0.82905  -0.07989  -0.74843  -0.07989  -0.74843
 -3.60902   0.00500  -0.82880   0.00500  -0.82880  -0.06202  -0.75154  -0.06202  -0.75154
 -3.55890   0.01922  -0.82783   0.01922  -0.82783  -0.08970  -0.75604  -0.08970  -0.75604
 -3.50877   0.05204  -0.82523   0.05204  -0.82523  -0.08171  -0.76013  -0.08171  -0.76013
 -3.45865   0.10648  -0.81989   0.10648  -0.81989  -0.05786  -0.76303  -0.05786  -0.76303
 -3.40852   0.08638  -0.81556   0.08638  -0.81556  -0.08111  -0.76710  -0.08111  -0.76710
 -3.35840   0.06721  -0.81219   0.06721  -0.81219  -0.05629  -0.76992  -0.05629  -0.76992
 -3.30827   0.07779  -0.80829   0.07779  -0.80829  -0.05053  -0.77245  -0.05053  -0.77245
 -3.25815  -0.01030  -0.80881  -0.01030  -0.80881  -0.06665  -0.77579  -0.06665  -0.77579
 -3.20802   0.03299  -0.80715   0.03299  -0.80715  -0.04023  -0.77781  -0.04023  -0.77781
 -3.15789   0.03995  -0.80515   0.03995  -0.80515  -0.02242  -0.77893  -0.02242  -0.77893
 -3.10777   0.06851  -0.80172   0.06851  -0.80172  -0.01525  -0.77970  -0.01525  -0.77970
 -3.05764   0.07939  -0.79774   0.07939  -0.79774  -0.04329  -0.78187  -0.04329  -0.78187
 -3.00752   0.04011  -0.79573   0.04011  -0.79573  -0.06718  -0.78523  -0.06718  -0.78523
 -2.95739  -0.03588  -0.79753  -0.03588  -0.79753  -0.09123  -0.78981  -0.09123  -0.78981
 -2.90727  -0.00122  -0.79759  -0.00122  -0.79759  -0.11841  -0.79574  -0.11841  -0.79574
 -2.85714  -0.00584  -0.79788  -0.00584  -0.79788  -0.16360  -0.80394  -0.16360  -0.80394
 -2.80702  -0.00828  -0.79829  -0.00828  -0.79829  -0.14463  -0.81119  -0.14463  -0.81119
 -2.75689  -0.02687  -0.79964  -0.02687  -0.79964  -0.11988  -0.81720  -0.11988  -0.81720
 -2.70677   0.02700  -0.79829   0.02700  -0.79829  -0.05250  -0.81983  -0.05250  -0.81983
 -2.65664   0.06992  -0.79478   0.06992  -0.79478  -0.06084  -0.82288  -0.06084  -0.82288
 -2.60652   0.06388  -0.79158   0.06388  -0.79158   0.02034  -0.82186   0.02034  -0.82186
 -2.55639   0.06507  -0.78832   0.06507  -0.78832  -0.03045  -0.82339  -0.03045  -0.82339
 -2.50627   0.07560  -0.78453   0.07560  -0.78453  -0.06593  -0.82669  -0.06593  -0.82669
 -2.45614   0.06523  -0.78126   0.06523  -0.78126  -0.02006  -0.82770  -0.02006  -0.82770
 -2.40602   0.04510  -0.77900   0.04510  -0.77900  -0.02092  -0.82875  -0.02092  -0.82875
 -2.35589   0.03227  -0.77738   0.03227  -0.77738  -0.03653  -0.83058  -0.03653  -0.83058
 -2.30576   0.03453  -0.77565   0.03453  -0.77565  -0.02839  -0.83200  -0.02839  -0.83200
 -2.25564   0.08521  -0.77138   0.08521  -0.77138   0.01048  -0.83148   0.01048  -0.83148
 -2.20551   0.08064  -0.76734   0.08064  -0.76734  -0.03288  -0.83313  -0.03288  -0.83313
 -2.15539   0.08514  -0.76307   0.08514  -0.76307   0.00675  -0.83279   0.00675  -0.83279
 -2.10526   0.09237  -0.75844   0.09237  -0.75844   0.14531  -0.82550   0.14531  -0.82550
 -2.05514   0.07392  -0.75473   0.07392  -0.75473   0.19015  -0.81597   0.19015  -0.81597
 -2.00501   0.08621  -0.75041   0.08621  -0.75041   0.28526  -0.80167   0.28526  -0.80167
 -1.95489   0.07647  -0.74658   0.07647  -0.74658   0.35124  -0.78407   0.35124  -0.78407
 -1.90476   0.07534  -0.74280   0.07534  -0.74280   0.20671  -0.77371   0.20671  -0.77371
 -1.85464   0.06890  -0.73935   0.06890  -0.73935   0.10390  -0.76850   0.10390  -0.76850
 -1.80451   0.03333  -0.73768   0.03333  -0.73768   0.03952  -0.76652   0.03952  -0.76652
 -1.75439   0.05909  -0.73472   0.05909  -0.73472   0.05483  -0.76377   0.05483  -0.76377
 -1.70426   0.05337  -0.73204   0.05337  -0.73204   0.03253  -0.76214   0.03253  -0.76214
 -1.65414   0.04887  -0.72959   0.04887  -0.72959   0.01315  -0.76148   0.01315  -0.76148
 -1.60401   0.04987  -0.72709   0.04987  -0.72709   0.00828  -0.76106   0.00828  -0.76106
 -1.55388   0.05798  -0.72419   0.05798  -0.72419  -0.00426  -0.76128  -0.00426  -0.76128
 -1.50376   0.05779  -0.72129   0.05779  -0.72129   0.03387  -0.75958   0.03387  -0.75958
 -1.45363   0.08366  -0.71710   0.08366  -0.71710   0.02274  -0.75844   0.02274  -0.75844
 -1.40351   0.08509  -0.71283   0.08509  -0.71283   0.02466  -0.75720   0.02466  -0.75720
 -1.35338   0.09470  -0.70808   0.09470  -0.70808   0.01820  -0.75629   0.01820  -0.75629
 -1.30326   0.12401  -0.70187   0.12401  -0.70187   0.02348  -0.75512   0.02348  -0.75512
 -1.25313   0.13479  -0.69511   0.13479  -0.69511   0.01335  -0.75445   0.01335  -0.75445
 -1.20301   0.16625  -0.68678   0.16625  -0.68678  -0.00799  -0.75485  -0.00799  -0.75485
 -1.15288   0.13569  -0.67998   0.13569  -0.67998   0.01092  -0.75430   0.01092  -0.75430
 -1.10276   0.07495  -0.67622   0.07495  -0.67622   0.01376  -0.75361   0.01376  -0.75361
 -1.05263   0.08748  -0.67184   0.08748  -0.67184  -0.00230  -0.75372  -0.00230  -0.75372
 -1.00251   0.10640  -0.66650   0.10640  -0.66650   0.03013  -0.75221   0.03013  -0.75221
 -0.95238   0.20872  -0.65604   0.20872  -0.65604   0.00690  -0.75187   0.00690  -0.75187
 -0.90226   0.24203  -0.64391   0.24203  -0.64391   0.00292  -0.75172   0.00292  -0.75172
 -0.85213   0.54321  -0.61668   0.54321  -0.61668   0.00643  -0.75140   0.00643  -0.75140
 -0.80201   0.59638  -0.58679   0.59638  -0.58679   0.01090  -0.75085   0.01090  -0.75085
 -0.75188   0.32267  -0.57061   0.32267  -0.57061   0.00683  -0.75051   0.00683  -0.75051
 -0.70175   0.41915  -0.54960   0.41915  -0.54960  -0.00607  -0.75082  -0.00607  -0.75082
 -0.65163   0.37703  -0.53070   0.37703  -0.53070   0.00115  -0.75076   0.00115  -0.75076
 -0.60150   0.41633  -0.50983   0.41633  -0.50983   0.00000  -0.75076   0.00000  -0.75076
 -0.55138   0.16245  -0.50169   0.16245  -0.50169   0.00000  -0.75076   0.00000  -0.75076
 -0.50125   0.09846  -0.49676   0.09846  -0.49676   0.00000  -0.75076   0.00000  -0.75076
 -0.45113   0.12219  -0.49063   0.12219  -0.49063   0.00000  -0.75076   0.00000  -0.75076
 -0.40100   0.04622  -0.48831   0.04622  -0.48831   0.00000  -0.75076   0.00000  -0.75076
 -0.35088   0.05637  -0.48549   0.05637  -0.48549   0.00000  -0.75076   0.00000  -0.75076
 -0.30075   0.08997  -0.48098   0.08997  -0.48098   0.00000  -0.75076   0.00000  -0.75076
 -0.25063   0.10048  -0.47594   0.10048  -0.47594   0.00000  -0.75076   0.00000  -0.75076
 -0.20050   0.09373  -0.47124   0.09373  -0.47124   0.00000  -0.75076   0.00000  -0.75076
 -0.15038   0.01671  -0.47041   0.01671  -0.47041   0.00000  -0.75076   0.00000  -0.75076
 -0.10025   0.02957  -0.46892   0.02957  -0.46892   0.00000  -0.75076   0.00000  -0.75076
 -0.05013   0.04882  -0.46648   0.04882  -0.46648   0.00000  -0.75076   0.00000  -0.75076
  0.00000   0.08017  -0.46246   0.08017  -0.46246   0.00000  -0.75076   0.00000  -0.75076
  0.05013   0.00000  -0.46246   0.00000  -0.46246   0.00000  -0.75076   0.00000  -0.75076
  0.10025   0.00000  -0.46246   0.00000  -0.46246   0.00000  -0.75076   0.00000  -0.75076
  0.15038   0.00000  -0.46246   0.00000  -0.46246   0.00000  -0.75076   0.00000  -0.75076
  0.20050   0.00000  -0.46246   0.00000  -0.46246   0.00000  -0.75076   0.00000  -0.75076
  0.25063   0.00000  -0.46246   0.00000  -0.46246   0.00000  -0.75076   0.00000  -0.75076
  0.30075   0.00000  -0.46246   0.00000  -0.46246   0.00000  -0.75076   0.00000  -0.75076
  0.35088   0.00000  -0.46246   0.00000  -0.46246   0.00000  -0.75076   0.00000  -0.75076
  0.40100   0.00000  -0.46246   0.00000  -0.46246   0.00000  -0.75076   0.00000  -0.75076
  0.45113   0.00000  -0.46246   0.00000  -0.46246   0.00000  -0.75076   0.00000  -0.75076
  0.50125   0.00000  -0.46246   0.00000  -0.46246   0.00000  -0.75076   0.00000  -0.75076
  0.55138   0.00000  -0.46246   0.00000  -0.46246   0.00000  -0.75076   0.00000  -0.75076
  0.60150   0.00000  -0.46246   0.00000  -0.46246   0.00000  -0.75076   0.00000  -0.75076
  0.65163   0.00000  -0.46246   0.00000  -0.46246   0.00000  -0.75076   0.00000  -0.75076
  0.70175   0.00000  -0.46246   0.00000  -0.46246   0.00000  -0.75076   0.00000  -0.75076
  0.75188   0.00000  -0.46246   0.00000  -0.46246   0.00000  -0.75076   0.00000  -0.75076
  0.80201   0.00000  -0.46246   0.00000  -0.46246   0.00000  -0.75076   0.00000  -0.75076
  0.85213   0.00000  -0.46246   0.00000  -0.46246   0.00000  -0.75076   0.00000  -0.75076
  0.90226   0.00000  -0.46246   0.00000  -0.46246   0.00000  -0.75076   0.00000  -0.75076
  0.95238   0.00000  -0.46246   0.00000  -0.46246   0.00000  -0.75076   0.00000  -0.75076
  1.00251   0.00223  -0.46235   0.00223  -0.46235   0.00000  -0.75076   0.00000  -0.75076
  1.05263   0.00583  -0.46205   0.00583  -0.46205   0.00000  -0.75076   0.00000  -0.75076
  1.10276   0.01403  -0.46135   0.01403  -0.46135   0.00000  -0.75076   0.00000  -0.75076
  1.15288   0.01722  -0.46049   0.01722  -0.46049   0.00000  -0.75076   0.00000  -0.75076
  1.20301   0.01582  -0.45970   0.01582  -0.45970   0.00000  -0.75076   0.00000  -0.75076
  1.25313   0.01116  -0.45914   0.01116  -0.45914   0.00000  -0.75076   0.00000  -0.75076
  1.30326   0.01532  -0.45837   0.01532  -0.45837   0.00000  -0.75076   0.00000  -0.75076
  1.35338   0.01960  -0.45738   0.01960  -0.45738   0.00000  -0.75076   0.00000  -0.75076
  1.40351   0.02552  -0.45611   0.02552  -0.45611   0.00000  -0.75076   0.00000  -0.75076
  1.45363   0.02300  -0.45495   0.02300  -0.45495   0.00000  -0.75076   0.00000  -0.75076
  1.50376   0.02194  -0.45385   0.02194  -0.45385   0.00000  -0.75076   0.00000  -0.75076
  1.55388   0.00595  -0.45355   0.00595  -0.45355   0.00000  -0.75076   0.00000  -0.75076
  1.60401   0.00472  -0.45332   0.00472  -0.45332   0.00000  -0.75076   0.00000  -0.75076
  1.65414   0.00533  -0.45305   0.00533  -0.45305   0.00000  -0.75076   0.00000  -0.75076
  1.70426   0.00644  -0.45273   0.00644  -0.45273   0.00000  -0.75076   0.00000  -0.75076
  1.75439   0.00475  -0.45249   0.00475  -0.45249   0.00000  -0.75076   0.00000  -0.75076
  1.80451   0.00430  -0.45227   0.00430  -0.45227   0.00000  -0.75076   0.00000  -0.75076
  1.85464   0.00325  -0.45211   0.00325  -0.45211   0.00000  -0.75076   0.00000  -0.75076
  1.90476   0.00888  -0.45167   0.00888  -0.45167   0.00000  -0.75076   0.00000  -0.75076
  1.95489   0.00653  -0.45134   0.00653  -0.45134   0.00000  -0.75076   0.00000  -0.75076
  2.00501  -0.00271  -0.45147  -0.00271  -0.45147   0.00000  -0.75076   0.00000  -0.75076
  2.05514  -0.00312  -0.45163  -0.00312  -0.45163   0.00000  -0.75076   0.00000  -0.75076
  2.10526  -0.00381  -0.45182  -0.00381  -0.45182   0.00000  -0.75076   0.00000  -0.75076
  2.15539  -0.00267  -0.45196  -0.00267  -0.45196   0.00000  -0.75076   0.00000  -0.75076
  2.20551  -0.00055  -0.45198  -0.00055  -0.45198   0.00000  -0.75076   0.00000  -0.75076
  2.25564   0.00000  -0.45198   0.00000  -0.45198   0.00000  -0.75076   0.00000  -0.75076
  2.30576   0.00000  -0.45198   0.00000  -0.45198   0.00000  -0.75076   0.00000  -0.75076
  2.35589   0.00000  -0.45198   0.00000  -0.45198   0.00000  -0.75076   0.00000  -0.75076
  2.40602   0.00000  -0.45198   0.00000  -0.45198   0.00000  -0.75076   0.00000  -0.75076
  2.45614   0.00000  -0.45198   0.00000  -0.45198   0.00000  -0.75076   0.00000  -0.75076
  2.50627   0.00000  -0.45198   0.00000  -0.45198   0.00000  -0.75076   0.00000  -0.75076
  2.55639   0.00000  -0.45198   0.00000  -0.45198   0.00000  -0.75076   0.00000  -0.75076
  2.60652   0.00000  -0.45198   0.00000  -0.45198  -0.00439  -0.75098  -0.00439  -0.75098
  2.65664   0.00000  -0.45198   0.00000  -0.45198  -0.01971  -0.75197  -0.01971  -0.75197
  2.70677   0.00000  -0.45198   0.00000  -0.45198  -0.00259  -0.75210  -0.00259  -0.75210
  2.75689   0.00000  -0.45198   0.00000  -0.45198  -0.00944  -0.75257  -0.00944  -0.75257
  2.80702   0.00000  -0.45198   0.00000  -0.45198  -0.02070  -0.75361  -0.02070  -0.75361
  2.85714   0.00000  -0.45198   0.00000  -0.45198  -0.01789  -0.75450  -0.01789  -0.75450
  2.90727   0.00000  -0.45198   0.00000  -0.45198  -0.00276  -0.75464  -0.00276  -0.75464
  2.95739   0.00000  -0.45198   0.00000  -0.45198  -0.01549  -0.75542  -0.01549  -0.75542
  3.00752   0.00000  -0.45198   0.00000  -0.45198  -0.02271  -0.75656  -0.02271  -0.75656
  3.05764   0.00000  -0.45198   0.00000  -0.45198  -0.00653  -0.75688  -0.00653  -0.75688
  3.10777   0.00000  -0.45198   0.00000  -0.45198  -0.00027  -0.75690  -0.00027  -0.75690
  3.15789   0.00000  -0.45198   0.00000  -0.45198   0.00084  -0.75685   0.00084  -0.75685
  3.20802   0.00000  -0.45198   0.00000  -0.45198   0.00478  -0.75662   0.00478  -0.75662
  3.25815   0.00000  -0.45198   0.00000  -0.45198  -0.07675  -0.76046  -0.07675  -0.76046
  3.30827   0.00000  -0.45198   0.00000  -0.45198  -0.00264  -0.76059  -0.00264  -0.76059
  3.35840   0.00000  -0.45198   0.00000  -0.45198  -0.02685  -0.76194  -0.02685  -0.76194
  3.40852   0.00000  -0.45198   0.00000  -0.45198   0.00792  -0.76154   0.00792  -0.76154
  3.45865   0.00000  -0.45198   0.00000  -0.45198  -0.00160  -0.76162  -0.00160  -0.76162
  3.50877   0.00000  -0.45198   0.00000  -0.45198  -0.00544  -0.76190  -0.00544  -0.76190
  3.55890   0.00000  -0.45198   0.00000  -0.45198  -0.00555  -0.76217  -0.00555  -0.76217
  3.60902   0.00000  -0.45198   0.00000  -0.45198   0.13154  -0.75558   0.13154  -0.75558
  3.65915   0.00000  -0.45198   0.00000  -0.45198   0.17360  -0.74688   0.17360  -0.74688
  3.70927   0.00000  -0.45198   0.00000  -0.45198   0.28258  -0.73272   0.28258  -0.73272
  3.75940   0.00000  -0.45198   0.00000  -0.45198   0.46891  -0.70921   0.46891  -0.70921
  3.80952   0.00000  -0.45198   0.00000  -0.45198   0.51981  -0.68316   0.51981  -0.68316
  3.85965   0.00000  -0.45198   0.00000  -0.45198   0.99443  -0.63331   0.99443  -0.63331
  3.90977   0.00000  -0.45198   0.00000  -0.45198   1.15337  -0.57550   1.15337  -0.57550
  3.95990   0.00000  -0.45198   0.00000  -0.45198   1.07503  -0.52161   1.07503  -0.52161
  4.01003   0.00000  -0.45198   0.00000  -0.45198   0.94603  -0.47419   0.94603  -0.47419
  4.06015   0.00000  -0.45198   0.00000  -0.45198   0.29760  -0.45927   0.29760  -0.45927
  4.11028   0.00000  -0.45198   0.00000  -0.45198   0.10682  -0.45392   0.10682  -0.45392
  4.16040   0.00000  -0.45198   0.00000  -0.45198   0.03636  -0.45210   0.03636  -0.45210
  4.21053   0.00000  -0.45198   0.00000  -0.45198   0.03093  -0.45055   0.03093  -0.45055
  4.26065   0.00000  -0.45198   0.00000  -0.45198   0.05861  -0.44761   0.05861  -0.44761
  4.31078   0.00000  -0.45198   0.00000  -0.45198   0.02066  -0.44657   0.02066  -0.44657
  4.36090   0.00000  -0.45198   0.00000  -0.45198   0.07450  -0.44284   0.07450  -0.44284
  4.41103   0.00000  -0.45198   0.00000  -0.45198   0.02920  -0.44137   0.02920  -0.44137
  4.46115   0.00000  -0.45198   0.00000  -0.45198   0.04341  -0.43920   0.04341  -0.43920
  4.51128   0.00000  -0.45198   0.00000  -0.45198   0.00000  -0.43920   0.00000  -0.43920
  4.56140   0.00000  -0.45198   0.00000  -0.45198   0.00000  -0.43920   0.00000  -0.43920
  4.61153   0.00000  -0.45198   0.00000  -0.45198   0.00000  -0.43920   0.00000  -0.43920
  4.66165   0.00000  -0.45198   0.00000  -0.45198   0.00000  -0.43920   0.00000  -0.43920
  4.71178   0.00000  -0.45198   0.00000  -0.45198   0.00000  -0.43920   0.00000  -0.43920
  4.76190   0.00000  -0.45198   0.00000  -0.45198   0.00000  -0.43920   0.00000  -0.43920
  4.81203   0.00000  -0.45198   0.00000  -0.45198   0.00000  -0.43920   0.00000  -0.43920
  4.86216   0.00000  -0.45198   0.00000  -0.45198   0.00000  -0.43920   0.00000  -0.43920
  4.91228   0.00000  -0.45198   0.00000  -0.45198   0.00000  -0.43920   0.00000  -0.43920
  4.96241   0.00000  -0.45198   0.00000  -0.45198   0.00000  -0.43920   0.00000  -0.43920
  5.01253   0.00000  -0.45198   0.00000  -0.45198   0.00000  -0.43920   0.00000  -0.43920
  5.06266   0.00000  -0.45198   0.00000  -0.45198   0.00000  -0.43920   0.00000  -0.43920
  5.11278   0.00000  -0.45198   0.00000  -0.45198   0.00000  -0.43920   0.00000  -0.43920
  5.16291   0.00000  -0.45198   0.00000  -0.45198   0.00000  -0.43920   0.00000  -0.43920
  5.21303   0.00000  -0.45198   0.00000  -0.45198   0.00000  -0.43920   0.00000  -0.43920
  5.26316   0.00000  -0.45198   0.00000  -0.45198   0.00000  -0.43920   0.00000  -0.43920
  5.31328   0.00000  -0.45198   0.00000  -0.45198   0.00000  -0.43920   0.00000  -0.43920
  5.36341   0.00000  -0.45198   0.00000  -0.45198   0.00000  -0.43920   0.00000  -0.43920
  5.41353   0.00000  -0.45198   0.00000  -0.45198   0.00000  -0.43920   0.00000  -0.43920
  5.46366   0.00000  -0.45198   0.00000  -0.45198   0.00000  -0.43920   0.00000  -0.43920
  5.51378   0.00000  -0.45198   0.00000  -0.45198   0.00000  -0.43920   0.00000  -0.43920
  5.56391   0.00000  -0.45198   0.00000  -0.45198   0.00000  -0.43920   0.00000  -0.43920
  5.61404   0.00000  -0.45198   0.00000  -0.45198   0.00000  -0.43920   0.00000  -0.43920
  5.66416   0.00000  -0.45198   0.00000  -0.45198   0.00000  -0.43920   0.00000  -0.43920
  5.71429   0.00000  -0.45198   0.00000  -0.45198   0.00000  -0.43920   0.00000  -0.43920
  5.76441   0.00000  -0.45198   0.00000  -0.45198   0.00000  -0.43920   0.00000  -0.43920
  5.81454   0.00000  -0.45198   0.00000  -0.45198   0.00000  -0.43920   0.00000  -0.43920
  5.86466   0.00000  -0.45198   0.00000  -0.45198   0.00000  -0.43920   0.00000  -0.43920
  5.91479   0.00000  -0.45198   0.00000  -0.45198   0.00000  -0.43920   0.00000  -0.43920
  5.96491   0.00090  -0.45194   0.00090  -0.45194   0.00000  -0.43920   0.00000  -0.43920
  6.01504   0.01212  -0.45133   0.01212  -0.45133   0.00000  -0.43920   0.00000  -0.43920
  6.06516   0.03416  -0.44962   0.03416  -0.44962   0.00000  -0.43920   0.00000  -0.43920
  6.11529   0.05878  -0.44667   0.05878  -0.44667   0.00000  -0.43920   0.00000  -0.43920
  6.16541   0.06765  -0.44328   0.06765  -0.44328   0.00000  -0.43920   0.00000  -0.43920
  6.21554   0.06759  -0.43989   0.06759  -0.43989   0.00193  -0.43910   0.00193  -0.43910
  6.26566   0.06975  -0.43640   0.06975  -0.43640   0.01677  -0.43826   0.01677  -0.43826
  6.31579   0.07650  -0.43256   0.07650  -0.43256   0.04030  -0.43624   0.04030  -0.43624
  6.36591   0.08824  -0.42814   0.08824  -0.42814   0.06288  -0.43309   0.06288  -0.43309
  6.41604   0.10575  -0.42284   0.10575  -0.42284   0.06612  -0.42977   0.06612  -0.42977
  6.46617   0.11424  -0.41711   0.11424  -0.41711   0.06602  -0.42647   0.06602  -0.42647
  6.51629   0.09664  -0.41227   0.09664  -0.41227   0.06988  -0.42296   0.06988  -0.42296
  6.56642   0.08524  -0.40800   0.08524  -0.40800   0.07781  -0.41906   0.07781  -0.41906
  6.61654   0.08743  -0.40361   0.08743  -0.40361   0.09268  -0.41442   0.09268  -0.41442
  6.66667   0.09084  -0.39906   0.09084  -0.39906   0.11055  -0.40888   0.11055  -0.40888
  6.71679   0.09652  -0.39422   0.09652  -0.39422   0.09954  -0.40389   0.09954  -0.40389
  6.76692   0.11062  -0.38868   0.11062  -0.38868   0.08243  -0.39975   0.08243  -0.39975
  6.81704   0.15988  -0.38066   0.15988  -0.38066   0.07976  -0.39576   0.07976  -0.39576
  6.86717   0.19442  -0.37092   0.19442  -0.37092   0.08202  -0.39164   0.08202  -0.39164
  6.91729   0.19146  -0.36132   0.19146  -0.36132   0.08661  -0.38730   0.08661  -0.38730
  6.96742   0.21077  -0.35076   0.21077  -0.35076   0.09531  -0.38253   0.09531  -0.38253
  7.01754   0.20611  -0.34043   0.20611  -0.34043   0.13458  -0.37578   0.13458  -0.37578
  7.06767   0.19540  -0.33063   0.19540  -0.33063   0.17691  -0.36691   0.17691  -0.36691
  7.11779   0.17465  -0.32188   0.17465  -0.32188   0.17669  -0.35806   0.17669  -0.35806
  7.16792   0.16962  -0.31337   0.16962  -0.31337   0.15984  -0.35004   0.15984  -0.35004
  7.21805   0.17216  -0.30474   0.17216  -0.30474   0.16948  -0.34155   0.16948  -0.34155
  7.26817   0.16539  -0.29645   0.16539  -0.29645   0.19716  -0.33167   0.19716  -0.33167
  7.31830   0.14371  -0.28925   0.14371  -0.28925   0.19314  -0.32198   0.19314  -0.32198
  7.36842   0.12329  -0.28307   0.12329  -0.28307   0.17876  -0.31302   0.17876  -0.31302
  7.41855   0.12812  -0.27665   0.12812  -0.27665   0.17175  -0.30442   0.17175  -0.30442
  7.46867   0.11237  -0.27102   0.11237  -0.27102   0.16399  -0.29620   0.16399  -0.29620
  7.51880   0.10537  -0.26573   0.10537  -0.26573   0.15700  -0.28833   0.15700  -0.28833
  7.56892   0.16085  -0.25767   0.16085  -0.25767   0.13042  -0.28179   0.13042  -0.28179
  7.61905   0.21253  -0.24702   0.21253  -0.24702   0.11596  -0.27598   0.11596  -0.27598
  7.66917   0.12756  -0.24062   0.12756  -0.24062   0.10923  -0.27050   0.10923  -0.27050
  7.71930   0.06079  -0.23758   0.06079  -0.23758   0.10417  -0.26528   0.10417  -0.26528
  7.76942   0.07213  -0.23396   0.07213  -0.23396   0.10726  -0.25990   0.10726  -0.25990
  7.81955   0.09222  -0.22934   0.09222  -0.22934   0.16887  -0.25144   0.16887  -0.25144
  7.86967   0.09996  -0.22433   0.09996  -0.22433   0.20557  -0.24113   0.20557  -0.24113
  7.91980   0.11501  -0.21856   0.11501  -0.21856   0.08014  -0.23712   0.08014  -0.23712
  7.96992   0.11417  -0.21284   0.11417  -0.21284   0.05843  -0.23419   0.05843  -0.23419
  8.02005   0.12930  -0.20636   0.12930  -0.20636   0.08384  -0.22998   0.08384  -0.22998
  8.07018   0.12726  -0.19998   0.12726  -0.19998   0.08711  -0.22562   0.08711  -0.22562
  8.12030   0.11673  -0.19413   0.11673  -0.19413   0.08791  -0.22121   0.08791  -0.22121
  8.17043   0.11671  -0.18828   0.11671  -0.18828   0.11663  -0.21537   0.11663  -0.21537
  8.22055   0.10854  -0.18284   0.10854  -0.18284   0.12702  -0.20900   0.12702  -0.20900
  8.27068   0.10512  -0.17757   0.10512  -0.17757   0.12251  -0.20286   0.12251  -0.20286
  8.32080   0.12399  -0.17135   0.12399  -0.17135   0.11669  -0.19701   0.11669  -0.19701
  8.37093   0.14765  -0.16395   0.14765  -0.16395   0.10158  -0.19192   0.10158  -0.19192
  8.42105   0.11903  -0.15799   0.11903  -0.15799   0.09785  -0.18701   0.09785  -0.18701
  8.47118   0.09834  -0.15306   0.09834  -0.15306   0.10002  -0.18200   0.10002  -0.18200
  8.52130   0.10670  -0.14771   0.10670  -0.14771   0.13558  -0.17520   0.13558  -0.17520
  8.57143   0.04935  -0.14523   0.04935  -0.14523   0.12241  -0.16907   0.12241  -0.16907
  8.62155   0.06740  -0.14186   0.06740  -0.14186   0.08616  -0.16475   0.08616  -0.16475
  8.67168   0.06080  -0.13881   0.06080  -0.13881   0.08229  -0.16062   0.08229  -0.16062
  8.72180   0.06045  -0.13578   0.06045  -0.13578   0.11572  -0.15482   0.11572  -0.15482
  8.77193   0.07218  -0.13216   0.07218  -0.13216   0.06096  -0.15177   0.06096  -0.15177
  8.82206   0.06614  -0.12885   0.06614  -0.12885   0.05845  -0.14884   0.05845  -0.14884
  8.87218   0.09331  -0.12417   0.09331  -0.12417   0.05682  -0.14599   0.05682  -0.14599
  8.92231   0.07410  -0.12045   0.07410  -0.12045   0.08369  -0.14180   0.08369  -0.14180
  8.97243   0.07949  -0.11647   0.07949  -0.11647   0.06920  -0.13833   0.06920  -0.13833
  9.02256   0.08510  -0.11220   0.08510  -0.11220   0.08864  -0.13388   0.08864  -0.13388
  9.07268   0.05755  -0.10932   0.05755  -0.10932   0.07105  -0.13032   0.07105  -0.13032
  9.12281   0.06855  -0.10588   0.06855  -0.10588   0.07799  -0.12641   0.07799  -0.12641
  9.17293   0.06080  -0.10284   0.06080  -0.10284   0.08411  -0.12220   0.08411  -0.12220
  9.22306   0.05753  -0.09995   0.05753  -0.09995   0.06514  -0.11893   0.06514  -0.11893
  9.27318   0.05471  -0.09721   0.05471  -0.09721   0.06672  -0.11559   0.06672  -0.11559
  9.32331   0.05351  -0.09453   0.05351  -0.09453   0.05412  -0.11287   0.05412  -0.11287
  9.37343   0.06479  -0.09128   0.06479  -0.09128   0.04959  -0.11039   0.04959  -0.11039
  9.42356   0.05023  -0.08876   0.05023  -0.08876   0.06573  -0.10709   0.06573  -0.10709
  9.47368   0.04409  -0.08655   0.04409  -0.08655   0.05974  -0.10410   0.05974  -0.10410
  9.52381   0.03764  -0.08467   0.03764  -0.08467   0.05406  -0.10139   0.05406  -0.10139
  9.57393   0.04183  -0.08257   0.04183  -0.08257   0.04584  -0.09909   0.04584  -0.09909
  9.62406   0.04224  -0.08045   0.04224  -0.08045   0.04388  -0.09689   0.04388  -0.09689
  9.67419   0.03407  -0.07874   0.03407  -0.07874   0.04164  -0.09481   0.04164  -0.09481
  9.72431   0.04487  -0.07649   0.04487  -0.07649   0.04223  -0.09269   0.04223  -0.09269
  9.77444   0.03544  -0.07472   0.03544  -0.07472   0.03558  -0.09091   0.03558  -0.09091
  9.82456   0.04454  -0.07249   0.04454  -0.07249   0.03847  -0.08898   0.03847  -0.08898
  9.87469   0.05315  -0.06982   0.05315  -0.06982   0.03960  -0.08699   0.03960  -0.08699
  9.92481   0.04843  -0.06739   0.04843  -0.06739   0.03849  -0.08506   0.03849  -0.08506
  9.97494   0.04342  -0.06522   0.04342  -0.06522   0.04382  -0.08287   0.04382  -0.08287
 10.02506   0.04826  -0.06280   0.04826  -0.06280   0.05601  -0.08006   0.05601  -0.08006