ESCALE ; pCOHP file generated by LOBSTER. Energy is shifted such that the Fermi level lies at 0 eV.
         2          2        401  -5.82964e+00   1.42205e+01   4.19543e+00 
Average
No.1:Ni58->O94(2.0722748474094934)
-10.02506   0.00000  -0.32170   0.00000  -0.32170   0.00000  -0.30660   0.00000  -0.30660
 -9.97494   0.00000  -0.32170   0.00000  -0.32170   0.00000  -0.30660   0.00000  -0.30660
 -9.92481   0.00000  -0.32170   0.00000  -0.32170   0.00000  -0.30660   0.00000  -0.30660
 -9.87469   0.00000  -0.32170   0.00000  -0.32170   0.00000  -0.30660   0.00000  -0.30660
 -9.82456   0.00000  -0.32170   0.00000  -0.32170   0.00000  -0.30660   0.00000  -0.30660
 -9.77444   0.00000  -0.32170   0.00000  -0.32170   0.00000  -0.30660   0.00000  -0.30660
 -9.72431   0.00000  -0.32170   0.00000  -0.32170   0.00000  -0.30660   0.00000  -0.30660
 -9.67419   0.00000  -0.32170   0.00000  -0.32170   0.00000  -0.30660   0.00000  -0.30660
 -9.62406   0.00000  -0.32170   0.00000  -0.32170   0.00000  -0.30660   0.00000  -0.30660
 -9.57393   0.00000  -0.32170   0.00000  -0.32170   0.00000  -0.30660   0.00000  -0.30660
 -9.52381   0.00000  -0.32170   0.00000  -0.32170   0.00000  -0.30660   0.00000  -0.30660
 -9.47368   0.00000  -0.32170   0.00000  -0.32170   0.00000  -0.30660   0.00000  -0.30660
 -9.42356   0.00000  -0.32170   0.00000  -0.32170   0.00000  -0.30660   0.00000  -0.30660
 -9.37343   0.00000  -0.32170   0.00000  -0.32170   0.00000  -0.30660   0.00000  -0.30660
 -9.32331   0.00000  -0.32170   0.00000  -0.32170   0.00000  -0.30660   0.00000  -0.30660
 -9.27318   0.00000  -0.32170   0.00000  -0.32170   0.00000  -0.30660   0.00000  -0.30660
 -9.22306   0.00000  -0.32170   0.00000  -0.32170   0.00000  -0.30660   0.00000  -0.30660
 -9.17293   0.00000  -0.32170   0.00000  -0.32170   0.00000  -0.30660   0.00000  -0.30660
 -9.12281   0.00000  -0.32170   0.00000  -0.32170   0.00000  -0.30660   0.00000  -0.30660
 -9.07268   0.00000  -0.32170   0.00000  -0.32170   0.00000  -0.30660   0.00000  -0.30660
 -9.02256   0.00000  -0.32170   0.00000  -0.32170   0.00000  -0.30660   0.00000  -0.30660
 -8.97243   0.00000  -0.32170   0.00000  -0.32170   0.00000  -0.30660   0.00000  -0.30660
 -8.92231   0.00000  -0.32170   0.00000  -0.32170   0.00000  -0.30660   0.00000  -0.30660
 -8.87218   0.00000  -0.32170   0.00000  -0.32170   0.00000  -0.30660   0.00000  -0.30660
 -8.82206   0.00000  -0.32170   0.00000  -0.32170   0.00000  -0.30660   0.00000  -0.30660
 -8.77193   0.00000  -0.32170   0.00000  -0.32170   0.00000  -0.30660   0.00000  -0.30660
 -8.72180   0.00000  -0.32170   0.00000  -0.32170   0.00000  -0.30660   0.00000  -0.30660
 -8.67168   0.00000  -0.32170   0.00000  -0.32170   0.00000  -0.30660   0.00000  -0.30660
 -8.62155   0.00000  -0.32170   0.00000  -0.32170   0.00000  -0.30660   0.00000  -0.30660
 -8.57143   0.00000  -0.32170   0.00000  -0.32170   0.00000  -0.30660   0.00000  -0.30660
 -8.52130   0.00000  -0.32170   0.00000  -0.32170   0.00000  -0.30660   0.00000  -0.30660
 -8.47118   0.00000  -0.32170   0.00000  -0.32170   0.00000  -0.30660   0.00000  -0.30660
 -8.42105   0.00000  -0.32170   0.00000  -0.32170   0.00000  -0.30660   0.00000  -0.30660
 -8.37093   0.00000  -0.32170   0.00000  -0.32170   0.00000  -0.30660   0.00000  -0.30660
 -8.32080   0.00000  -0.32170   0.00000  -0.32170   0.00000  -0.30660   0.00000  -0.30660
 -8.27068   0.00000  -0.32170   0.00000  -0.32170   0.00000  -0.30660   0.00000  -0.30660
 -8.22055   0.00000  -0.32170   0.00000  -0.32170   0.00000  -0.30660   0.00000  -0.30660
 -8.17043   0.00000  -0.32170   0.00000  -0.32170   0.00000  -0.30660   0.00000  -0.30660
 -8.12030   0.00000  -0.32170   0.00000  -0.32170   0.00000  -0.30660   0.00000  -0.30660
 -8.07018   0.00000  -0.32170   0.00000  -0.32170   0.00000  -0.30660   0.00000  -0.30660
 -8.02005   0.00000  -0.32170   0.00000  -0.32170   0.00000  -0.30660   0.00000  -0.30660
 -7.96992   0.00000  -0.32170   0.00000  -0.32170   0.00000  -0.30660   0.00000  -0.30660
 -7.91980   0.00000  -0.32170   0.00000  -0.32170   0.00000  -0.30660   0.00000  -0.30660
 -7.86967   0.00000  -0.32170   0.00000  -0.32170   0.00000  -0.30660   0.00000  -0.30660
 -7.81955   0.00000  -0.32170   0.00000  -0.32170   0.00000  -0.30660   0.00000  -0.30660
 -7.76942   0.00000  -0.32170   0.00000  -0.32170   0.00000  -0.30660   0.00000  -0.30660
 -7.71930   0.00000  -0.32170   0.00000  -0.32170   0.00000  -0.30660   0.00000  -0.30660
 -7.66917   0.00000  -0.32170   0.00000  -0.32170   0.00000  -0.30660   0.00000  -0.30660
 -7.61905   0.00000  -0.32170   0.00000  -0.32170   0.00000  -0.30660   0.00000  -0.30660
 -7.56892   0.00000  -0.32170   0.00000  -0.32170   0.00000  -0.30660   0.00000  -0.30660
 -7.51880   0.00000  -0.32170   0.00000  -0.32170   0.00000  -0.30660   0.00000  -0.30660
 -7.46867   0.00000  -0.32170   0.00000  -0.32170   0.00000  -0.30660   0.00000  -0.30660
 -7.41855   0.00000  -0.32170   0.00000  -0.32170   0.00000  -0.30660   0.00000  -0.30660
 -7.36842   0.00000  -0.32170   0.00000  -0.32170   0.00000  -0.30660   0.00000  -0.30660
 -7.31830   0.00000  -0.32170   0.00000  -0.32170   0.00000  -0.30660   0.00000  -0.30660
 -7.26817   0.00000  -0.32170   0.00000  -0.32170   0.00000  -0.30660   0.00000  -0.30660
 -7.21805   0.00000  -0.32170   0.00000  -0.32170   0.00000  -0.30660   0.00000  -0.30660
 -7.16792   0.00000  -0.32170   0.00000  -0.32170   0.00000  -0.30660   0.00000  -0.30660
 -7.11779   0.00000  -0.32170   0.00000  -0.32170   0.00000  -0.30660   0.00000  -0.30660
 -7.06767  -0.16672  -0.33006  -0.16672  -0.33006   0.00000  -0.30660   0.00000  -0.30660
 -7.01754  -0.95753  -0.37805  -0.95753  -0.37805   0.00000  -0.30660   0.00000  -0.30660
 -6.96742  -0.10770  -0.38345  -0.10770  -0.38345   0.00000  -0.30660   0.00000  -0.30660
 -6.91729  -0.25351  -0.39616  -0.25351  -0.39616   0.00000  -0.30660   0.00000  -0.30660
 -6.86717  -0.07876  -0.40011  -0.07876  -0.40011   0.00000  -0.30660   0.00000  -0.30660
 -6.81704  -0.06690  -0.40346  -0.06690  -0.40346   0.00000  -0.30660   0.00000  -0.30660
 -6.76692  -0.12248  -0.40960  -0.12248  -0.40960   0.00000  -0.30660   0.00000  -0.30660
 -6.71679  -0.18375  -0.41881  -0.18375  -0.41881   0.00000  -0.30660   0.00000  -0.30660
 -6.66667  -1.14926  -0.47642  -1.14926  -0.47642   0.00000  -0.30660   0.00000  -0.30660
 -6.61654  -0.95622  -0.52435  -0.95622  -0.52435   0.00000  -0.30660   0.00000  -0.30660
 -6.56642  -0.63946  -0.55640  -0.63946  -0.55640   0.00000  -0.30660   0.00000  -0.30660
 -6.51629  -0.51437  -0.58218  -0.51437  -0.58218   0.00000  -0.30660   0.00000  -0.30660
 -6.46617  -0.23182  -0.59380  -0.23182  -0.59380   0.00000  -0.30660   0.00000  -0.30660
 -6.41604  -0.23974  -0.60582  -0.23974  -0.60582   0.00000  -0.30660   0.00000  -0.30660
 -6.36591  -0.22207  -0.61695  -0.22207  -0.61695   0.00000  -0.30660   0.00000  -0.30660
 -6.31579  -0.20342  -0.62715  -0.20342  -0.62715   0.00000  -0.30660   0.00000  -0.30660
 -6.26566  -0.15563  -0.63495  -0.15563  -0.63495   0.00000  -0.30660   0.00000  -0.30660
 -6.21554  -0.11030  -0.64048  -0.11030  -0.64048   0.00000  -0.30660   0.00000  -0.30660
 -6.16541  -0.18937  -0.64997  -0.18937  -0.64997   0.00000  -0.30660   0.00000  -0.30660
 -6.11529  -0.10598  -0.65528  -0.10598  -0.65528   0.00000  -0.30660   0.00000  -0.30660
 -6.06516  -0.08723  -0.65966  -0.08723  -0.65966   0.00000  -0.30660   0.00000  -0.30660
 -6.01504  -0.08138  -0.66374  -0.08138  -0.66374   0.00000  -0.30660   0.00000  -0.30660
 -5.96491  -0.04277  -0.66588  -0.04277  -0.66588   0.00000  -0.30660   0.00000  -0.30660
 -5.91479  -0.07622  -0.66970  -0.07622  -0.66970   0.00000  -0.30660   0.00000  -0.30660
 -5.86466  -0.09339  -0.67438  -0.09339  -0.67438   0.00000  -0.30660   0.00000  -0.30660
 -5.81454  -0.08053  -0.67842  -0.08053  -0.67842   0.00000  -0.30660   0.00000  -0.30660
 -5.76441  -0.08338  -0.68260  -0.08338  -0.68260   0.00000  -0.30660   0.00000  -0.30660
 -5.71429  -0.06387  -0.68580  -0.06387  -0.68580  -0.01541  -0.30737  -0.01541  -0.30737
 -5.66416  -0.13538  -0.69258  -0.13538  -0.69258  -0.32825  -0.32382  -0.32825  -0.32382
 -5.61404  -0.11864  -0.69853  -0.11864  -0.69853  -0.35848  -0.34179  -0.35848  -0.34179
 -5.56391  -0.13106  -0.70510  -0.13106  -0.70510  -0.48625  -0.36616  -0.48625  -0.36616
 -5.51378  -0.11647  -0.71094  -0.11647  -0.71094  -0.30618  -0.38151  -0.30618  -0.38151
 -5.46366  -0.08192  -0.71504  -0.08192  -0.71504  -0.29145  -0.39612  -0.29145  -0.39612
 -5.41353  -0.03762  -0.71693  -0.03762  -0.71693  -0.28816  -0.41056  -0.28816  -0.41056
 -5.36341  -0.10985  -0.72244  -0.10985  -0.72244  -0.28517  -0.42486  -0.28517  -0.42486
 -5.31328  -0.25303  -0.73512  -0.25303  -0.73512  -0.19614  -0.43469  -0.19614  -0.43469
 -5.26316  -0.28662  -0.74949  -0.28662  -0.74949  -0.19732  -0.44458  -0.19732  -0.44458
 -5.21303  -0.18095  -0.75856  -0.18095  -0.75856  -0.33275  -0.46126  -0.33275  -0.46126
 -5.16291  -0.11243  -0.76419  -0.11243  -0.76419  -0.32969  -0.47779  -0.32969  -0.47779
 -5.11278  -0.06977  -0.76769  -0.06977  -0.76769  -0.31706  -0.49368  -0.31706  -0.49368
 -5.06266  -0.04124  -0.76976  -0.04124  -0.76976  -0.27235  -0.50733  -0.27235  -0.50733
 -5.01253  -0.07099  -0.77332  -0.07099  -0.77332  -0.31765  -0.52325  -0.31765  -0.52325
 -4.96241  -0.08666  -0.77766  -0.08666  -0.77766  -0.49289  -0.54796  -0.49289  -0.54796
 -4.91228  -0.13792  -0.78457  -0.13792  -0.78457  -0.42342  -0.56918  -0.42342  -0.56918
 -4.86216  -0.08929  -0.78905  -0.08929  -0.78905  -0.38895  -0.58868  -0.38895  -0.58868
 -4.81203  -0.10712  -0.79442  -0.10712  -0.79442  -0.39399  -0.60843  -0.39399  -0.60843
 -4.76190  -0.10567  -0.79971  -0.10567  -0.79971  -0.29087  -0.62301  -0.29087  -0.62301
 -4.71178  -0.08262  -0.80386  -0.08262  -0.80386  -0.25073  -0.63558  -0.25073  -0.63558
 -4.66165  -0.12462  -0.81010  -0.12462  -0.81010  -0.17005  -0.64410  -0.17005  -0.64410
 -4.61153  -0.10390  -0.81531  -0.10390  -0.81531  -0.17210  -0.65273  -0.17210  -0.65273
 -4.56140  -0.02595  -0.81661  -0.02595  -0.81661  -0.17772  -0.66163  -0.17772  -0.66163
 -4.51128  -0.03657  -0.81844  -0.03657  -0.81844  -0.24488  -0.67391  -0.24488  -0.67391
 -4.46115  -0.01306  -0.81910  -0.01306  -0.81910  -0.19447  -0.68366  -0.19447  -0.68366
 -4.41103   0.01293  -0.81845   0.01293  -0.81845  -0.19201  -0.69328  -0.19201  -0.69328
 -4.36090   0.01399  -0.81775   0.01399  -0.81775  -0.18448  -0.70253  -0.18448  -0.70253
 -4.31078   0.02743  -0.81637   0.02743  -0.81637  -0.16381  -0.71074  -0.16381  -0.71074
 -4.26065  -0.01132  -0.81694  -0.01132  -0.81694  -0.13968  -0.71774  -0.13968  -0.71774
 -4.21053  -0.02628  -0.81826  -0.02628  -0.81826  -0.12768  -0.72414  -0.12768  -0.72414
 -4.16040  -0.02858  -0.81969  -0.02858  -0.81969  -0.14779  -0.73155  -0.14779  -0.73155
 -4.11028  -0.01930  -0.82066  -0.01930  -0.82066  -0.12042  -0.73758  -0.12042  -0.73758
 -4.06015   0.00106  -0.82061   0.00106  -0.82061  -0.08772  -0.74198  -0.08772  -0.74198
 -4.01003  -0.01068  -0.82114  -0.01068  -0.82114  -0.12086  -0.74804  -0.12086  -0.74804
 -3.95990  -0.00253  -0.82127  -0.00253  -0.82127  -0.12777  -0.75444  -0.12777  -0.75444
 -3.90977   0.01167  -0.82068   0.01167  -0.82068  -0.08509  -0.75871  -0.08509  -0.75871
 -3.85965   0.01043  -0.82016   0.01043  -0.82016  -0.07242  -0.76234  -0.07242  -0.76234
 -3.80952   0.00075  -0.82012   0.00075  -0.82012  -0.07458  -0.76608  -0.07458  -0.76608
 -3.75940  -0.00335  -0.82029  -0.00335  -0.82029  -0.05658  -0.76891  -0.05658  -0.76891
 -3.70927  -0.00235  -0.82041  -0.00235  -0.82041  -0.04313  -0.77108  -0.04313  -0.77108
 -3.65915  -0.05079  -0.82295  -0.05079  -0.82295  -0.06563  -0.77437  -0.06563  -0.77437
 -3.60902  -0.03341  -0.82463  -0.03341  -0.82463   0.00280  -0.77423   0.00280  -0.77423
 -3.55890   0.03258  -0.82300   0.03258  -0.82300   0.00662  -0.77389   0.00662  -0.77389
 -3.50877   0.06488  -0.81974   0.06488  -0.81974  -0.01847  -0.77482  -0.01847  -0.77482
 -3.45865   0.02289  -0.81860   0.02289  -0.81860  -0.03171  -0.77641  -0.03171  -0.77641
 -3.40852   0.08103  -0.81453   0.08103  -0.81453  -0.01945  -0.77738  -0.01945  -0.77738
 -3.35840   0.08245  -0.81040   0.08245  -0.81040  -0.02596  -0.77868  -0.02596  -0.77868
 -3.30827   0.12427  -0.80417   0.12427  -0.80417  -0.01082  -0.77923  -0.01082  -0.77923
 -3.25815   0.04101  -0.80212   0.04101  -0.80212  -0.02030  -0.78024  -0.02030  -0.78024
 -3.20802   0.09930  -0.79714   0.09930  -0.79714  -0.03439  -0.78197  -0.03439  -0.78197
 -3.15789   0.04349  -0.79496   0.04349  -0.79496  -0.00838  -0.78239  -0.00838  -0.78239
 -3.10777  -0.00392  -0.79516  -0.00392  -0.79516  -0.00285  -0.78253  -0.00285  -0.78253
 -3.05764  -0.01743  -0.79603  -0.01743  -0.79603  -0.02518  -0.78379  -0.02518  -0.78379
 -3.00752  -0.02937  -0.79750  -0.02937  -0.79750  -0.03527  -0.78556  -0.03527  -0.78556
 -2.95739  -0.01324  -0.79817  -0.01324  -0.79817  -0.07811  -0.78948  -0.07811  -0.78948
 -2.90727   0.03906  -0.79621   0.03906  -0.79621  -0.09926  -0.79445  -0.09926  -0.79445
 -2.85714  -0.03289  -0.79786  -0.03289  -0.79786  -0.11616  -0.80027  -0.11616  -0.80027
 -2.80702  -0.07500  -0.80162  -0.07500  -0.80162  -0.10348  -0.80546  -0.10348  -0.80546
 -2.75689  -0.05631  -0.80444  -0.05631  -0.80444  -0.06622  -0.80878  -0.06622  -0.80878
 -2.70677   0.03540  -0.80266   0.03540  -0.80266  -0.00154  -0.80886  -0.00154  -0.80886
 -2.65664   0.06744  -0.79928   0.06744  -0.79928   0.01175  -0.80827   0.01175  -0.80827
 -2.60652   0.08161  -0.79519   0.08161  -0.79519  -0.00402  -0.80847  -0.00402  -0.80847
 -2.55639   0.10447  -0.78996   0.10447  -0.78996   0.04761  -0.80608   0.04761  -0.80608
 -2.50627   0.07922  -0.78599   0.07922  -0.78599  -0.01467  -0.80682  -0.01467  -0.80682
 -2.45614   0.05545  -0.78321   0.05545  -0.78321  -0.04961  -0.80931  -0.04961  -0.80931
 -2.40602   0.05435  -0.78048   0.05435  -0.78048   0.01091  -0.80876   0.01091  -0.80876
 -2.35589   0.10482  -0.77523   0.10482  -0.77523  -0.01304  -0.80941  -0.01304  -0.80941
 -2.30576   0.10497  -0.76997   0.10497  -0.76997  -0.03512  -0.81117  -0.03512  -0.81117
 -2.25564   0.15931  -0.76198   0.15931  -0.76198   0.00811  -0.81077   0.00811  -0.81077
 -2.20551   0.13511  -0.75521   0.13511  -0.75521   0.05134  -0.80819   0.05134  -0.80819
 -2.15539   0.07370  -0.75151   0.07370  -0.75151   0.05210  -0.80558   0.05210  -0.80558
 -2.10526   0.05302  -0.74886   0.05302  -0.74886   0.06788  -0.80218   0.06788  -0.80218
 -2.05514   0.06016  -0.74584   0.06016  -0.74584   0.10732  -0.79680   0.10732  -0.79680
 -2.00501   0.05621  -0.74302   0.05621  -0.74302   0.23871  -0.78483   0.23871  -0.78483
 -1.95489   0.04993  -0.74052   0.04993  -0.74052   0.12438  -0.77860   0.12438  -0.77860
 -1.90476   0.03045  -0.73899   0.03045  -0.73899   0.09218  -0.77398   0.09218  -0.77398
 -1.85464   0.05995  -0.73599   0.05995  -0.73599   0.00139  -0.77391   0.00139  -0.77391
 -1.80451   0.03456  -0.73426   0.03456  -0.73426  -0.00208  -0.77401  -0.00208  -0.77401
 -1.75439   0.04289  -0.73211   0.04289  -0.73211   0.02550  -0.77274   0.02550  -0.77274
 -1.70426   0.04684  -0.72976   0.04684  -0.72976   0.03314  -0.77107   0.03314  -0.77107
 -1.65414   0.04330  -0.72759   0.04330  -0.72759   0.04255  -0.76894   0.04255  -0.76894
 -1.60401   0.07047  -0.72406   0.07047  -0.72406   0.05845  -0.76601   0.05845  -0.76601
 -1.55388   0.05727  -0.72119   0.05727  -0.72119   0.02923  -0.76455   0.02923  -0.76455
 -1.50376   0.06081  -0.71814   0.06081  -0.71814   0.01125  -0.76398   0.01125  -0.76398
 -1.45363   0.07526  -0.71437   0.07526  -0.71437   0.04252  -0.76185   0.04252  -0.76185
 -1.40351   0.08746  -0.70998   0.08746  -0.70998   0.05303  -0.75919   0.05303  -0.75919
 -1.35338   0.09973  -0.70498   0.09973  -0.70498   0.04342  -0.75702   0.04342  -0.75702
 -1.30326   0.09430  -0.70026   0.09430  -0.70026   0.03221  -0.75540   0.03221  -0.75540
 -1.25313   0.16388  -0.69204   0.16388  -0.69204   0.05570  -0.75261   0.05570  -0.75261
 -1.20301   0.16821  -0.68361   0.16821  -0.68361   0.03732  -0.75074   0.03732  -0.75074
 -1.15288   0.24210  -0.67148   0.24210  -0.67148   0.03223  -0.74912   0.03223  -0.74912
 -1.10276   0.18147  -0.66238   0.18147  -0.66238   0.02322  -0.74796   0.02322  -0.74796
 -1.05263   0.22052  -0.65133   0.22052  -0.65133   0.02629  -0.74664   0.02629  -0.74664
 -1.00251   0.17601  -0.64250   0.17601  -0.64250   0.02489  -0.74539   0.02489  -0.74539
 -0.95238   0.40922  -0.62199   0.40922  -0.62199   0.01422  -0.74468   0.01422  -0.74468
 -0.90226   0.49901  -0.59698   0.49901  -0.59698   0.00381  -0.74449   0.00381  -0.74449
 -0.85213   0.31762  -0.58106   0.31762  -0.58106   0.00650  -0.74417   0.00650  -0.74417
 -0.80201   0.21588  -0.57024   0.21588  -0.57024  -0.00937  -0.74463  -0.00937  -0.74463
 -0.75188   0.36381  -0.55200   0.36381  -0.55200  -0.00922  -0.74510  -0.00922  -0.74510
 -0.70175   0.28936  -0.53750   0.28936  -0.53750  -0.00491  -0.74534  -0.00491  -0.74534
 -0.65163   0.15748  -0.52960   0.15748  -0.52960  -0.00366  -0.74553  -0.00366  -0.74553
 -0.60150   0.18718  -0.52022   0.18718  -0.52022   0.00000  -0.74553   0.00000  -0.74553
 -0.55138   0.13212  -0.51360   0.13212  -0.51360   0.00000  -0.74553   0.00000  -0.74553
 -0.50125   0.18556  -0.50429   0.18556  -0.50429   0.00000  -0.74553   0.00000  -0.74553
 -0.45113   0.24020  -0.49225   0.24020  -0.49225   0.00000  -0.74553   0.00000  -0.74553
 -0.40100   0.32140  -0.47614   0.32140  -0.47614   0.00000  -0.74553   0.00000  -0.74553
 -0.35088   0.30393  -0.46091   0.30393  -0.46091   0.00000  -0.74553   0.00000  -0.74553
 -0.30075   0.08850  -0.45647   0.08850  -0.45647   0.00000  -0.74553   0.00000  -0.74553
 -0.25063   0.00684  -0.45613   0.00684  -0.45613   0.00000  -0.74553   0.00000  -0.74553
 -0.20050   0.00185  -0.45604   0.00185  -0.45604   0.00000  -0.74553   0.00000  -0.74553
 -0.15038   0.00017  -0.45603   0.00017  -0.45603   0.00000  -0.74553   0.00000  -0.74553
 -0.10025   0.00165  -0.45595   0.00165  -0.45595   0.00000  -0.74553   0.00000  -0.74553
 -0.05013   0.00134  -0.45588   0.00134  -0.45588   0.00000  -0.74553   0.00000  -0.74553
  0.00000   0.00221  -0.45577   0.00221  -0.45577   0.00000  -0.74553   0.00000  -0.74553
  0.05013   0.00000  -0.45577   0.00000  -0.45577   0.00000  -0.74553   0.00000  -0.74553
  0.10025   0.00000  -0.45577   0.00000  -0.45577   0.00000  -0.74553   0.00000  -0.74553
  0.15038   0.00000  -0.45577   0.00000  -0.45577   0.00000  -0.74553   0.00000  -0.74553
  0.20050   0.00000  -0.45577   0.00000  -0.45577   0.00000  -0.74553   0.00000  -0.74553
  0.25063   0.00000  -0.45577   0.00000  -0.45577   0.00000  -0.74553   0.00000  -0.74553
  0.30075   0.00000  -0.45577   0.00000  -0.45577   0.00000  -0.74553   0.00000  -0.74553
  0.35088   0.00000  -0.45577   0.00000  -0.45577   0.00000  -0.74553   0.00000  -0.74553
  0.40100   0.00000  -0.45577   0.00000  -0.45577   0.00000  -0.74553   0.00000  -0.74553
  0.45113   0.00000  -0.45577   0.00000  -0.45577   0.00000  -0.74553   0.00000  -0.74553
  0.50125   0.00000  -0.45577   0.00000  -0.45577   0.00000  -0.74553   0.00000  -0.74553
  0.55138   0.00000  -0.45577   0.00000  -0.45577   0.00000  -0.74553   0.00000  -0.74553
  0.60150   0.00000  -0.45577   0.00000  -0.45577   0.00000  -0.74553   0.00000  -0.74553
  0.65163   0.00000  -0.45577   0.00000  -0.45577   0.00000  -0.74553   0.00000  -0.74553
  0.70175   0.00000  -0.45577   0.00000  -0.45577   0.00000  -0.74553   0.00000  -0.74553
  0.75188   0.00000  -0.45577   0.00000  -0.45577   0.00000  -0.74553   0.00000  -0.74553
  0.80201   0.00000  -0.45577   0.00000  -0.45577   0.00000  -0.74553   0.00000  -0.74553
  0.85213   0.00000  -0.45577   0.00000  -0.45577   0.00000  -0.74553   0.00000  -0.74553
  0.90226   0.00000  -0.45577   0.00000  -0.45577   0.00000  -0.74553   0.00000  -0.74553
  0.95238   0.00000  -0.45577   0.00000  -0.45577   0.00000  -0.74553   0.00000  -0.74553
  1.00251   0.00149  -0.45569   0.00149  -0.45569   0.00000  -0.74553   0.00000  -0.74553
  1.05263   0.00375  -0.45551   0.00375  -0.45551   0.00000  -0.74553   0.00000  -0.74553
  1.10276   0.00978  -0.45502   0.00978  -0.45502   0.00000  -0.74553   0.00000  -0.74553
  1.15288   0.01892  -0.45407   0.01892  -0.45407   0.00000  -0.74553   0.00000  -0.74553
  1.20301   0.02082  -0.45302   0.02082  -0.45302   0.00000  -0.74553   0.00000  -0.74553
  1.25313   0.01399  -0.45232   0.01399  -0.45232   0.00000  -0.74553   0.00000  -0.74553
  1.30326   0.02126  -0.45126   0.02126  -0.45126   0.00000  -0.74553   0.00000  -0.74553
  1.35338   0.01995  -0.45026   0.01995  -0.45026   0.00000  -0.74553   0.00000  -0.74553
  1.40351   0.01527  -0.44949   0.01527  -0.44949   0.00000  -0.74553   0.00000  -0.74553
  1.45363   0.01149  -0.44892   0.01149  -0.44892   0.00000  -0.74553   0.00000  -0.74553
  1.50376   0.01509  -0.44816   0.01509  -0.44816   0.00000  -0.74553   0.00000  -0.74553
  1.55388   0.01317  -0.44750   0.01317  -0.44750   0.00000  -0.74553   0.00000  -0.74553
  1.60401   0.01052  -0.44697   0.01052  -0.44697   0.00000  -0.74553   0.00000  -0.74553
  1.65414   0.01113  -0.44642   0.01113  -0.44642   0.00000  -0.74553   0.00000  -0.74553
  1.70426   0.00809  -0.44601   0.00809  -0.44601   0.00000  -0.74553   0.00000  -0.74553
  1.75439   0.00521  -0.44575   0.00521  -0.44575   0.00000  -0.74553   0.00000  -0.74553
  1.80451   0.00624  -0.44544   0.00624  -0.44544   0.00000  -0.74553   0.00000  -0.74553
  1.85464   0.00500  -0.44519   0.00500  -0.44519   0.00000  -0.74553   0.00000  -0.74553
  1.90476   0.00507  -0.44493   0.00507  -0.44493   0.00000  -0.74553   0.00000  -0.74553
  1.95489  -0.00135  -0.44500  -0.00135  -0.44500   0.00000  -0.74553   0.00000  -0.74553
  2.00501  -0.00473  -0.44524  -0.00473  -0.44524   0.00000  -0.74553   0.00000  -0.74553
  2.05514  -0.00976  -0.44573  -0.00976  -0.44573   0.00000  -0.74553   0.00000  -0.74553
  2.10526  -0.00538  -0.44600  -0.00538  -0.44600   0.00000  -0.74553   0.00000  -0.74553
  2.15539  -0.00001  -0.44600  -0.00001  -0.44600   0.00000  -0.74553   0.00000  -0.74553
  2.20551   0.00001  -0.44600   0.00001  -0.44600   0.00000  -0.74553   0.00000  -0.74553
  2.25564   0.00000  -0.44600   0.00000  -0.44600   0.00000  -0.74553   0.00000  -0.74553
  2.30576   0.00000  -0.44600   0.00000  -0.44600   0.00000  -0.74553   0.00000  -0.74553
  2.35589   0.00000  -0.44600   0.00000  -0.44600   0.00000  -0.74553   0.00000  -0.74553
  2.40602   0.00000  -0.44600   0.00000  -0.44600   0.00000  -0.74553   0.00000  -0.74553
  2.45614   0.00000  -0.44600   0.00000  -0.44600   0.00000  -0.74553   0.00000  -0.74553
  2.50627   0.00000  -0.44600   0.00000  -0.44600   0.00000  -0.74553   0.00000  -0.74553
  2.55639   0.00000  -0.44600   0.00000  -0.44600   0.00000  -0.74553   0.00000  -0.74553
  2.60652   0.00000  -0.44600   0.00000  -0.44600  -0.00191  -0.74562  -0.00191  -0.74562
  2.65664   0.00000  -0.44600   0.00000  -0.44600  -0.02750  -0.74700  -0.02750  -0.74700
  2.70677   0.00000  -0.44600   0.00000  -0.44600  -0.00003  -0.74700  -0.00003  -0.74700
  2.75689   0.00000  -0.44600   0.00000  -0.44600  -0.00550  -0.74728  -0.00550  -0.74728
  2.80702   0.00000  -0.44600   0.00000  -0.44600  -0.01602  -0.74808  -0.01602  -0.74808
  2.85714   0.00000  -0.44600   0.00000  -0.44600  -0.00404  -0.74828  -0.00404  -0.74828
  2.90727   0.00000  -0.44600   0.00000  -0.44600  -0.02490  -0.74953  -0.02490  -0.74953
  2.95739   0.00000  -0.44600   0.00000  -0.44600  -0.01310  -0.75019  -0.01310  -0.75019
  3.00752   0.00000  -0.44600   0.00000  -0.44600  -0.00048  -0.75021  -0.00048  -0.75021
  3.05764   0.00000  -0.44600   0.00000  -0.44600  -0.01537  -0.75098  -0.01537  -0.75098
  3.10777   0.00000  -0.44600   0.00000  -0.44600  -0.00195  -0.75108  -0.00195  -0.75108
  3.15789   0.00000  -0.44600   0.00000  -0.44600  -0.00682  -0.75142  -0.00682  -0.75142
  3.20802   0.00000  -0.44600   0.00000  -0.44600  -0.00517  -0.75168  -0.00517  -0.75168
  3.25815   0.00000  -0.44600   0.00000  -0.44600  -0.00843  -0.75210  -0.00843  -0.75210
  3.30827   0.00000  -0.44600   0.00000  -0.44600  -0.05809  -0.75502  -0.05809  -0.75502
  3.35840   0.00000  -0.44600   0.00000  -0.44600   0.05666  -0.75218   0.05666  -0.75218
  3.40852   0.00000  -0.44600   0.00000  -0.44600   0.00595  -0.75188   0.00595  -0.75188
  3.45865   0.00000  -0.44600   0.00000  -0.44600  -0.02165  -0.75296  -0.02165  -0.75296
  3.50877   0.00000  -0.44600   0.00000  -0.44600   0.00703  -0.75261   0.00703  -0.75261
  3.55890   0.00000  -0.44600   0.00000  -0.44600   0.04169  -0.75052   0.04169  -0.75052
  3.60902   0.00000  -0.44600   0.00000  -0.44600   0.10440  -0.74529   0.10440  -0.74529
  3.65915   0.00000  -0.44600   0.00000  -0.44600   0.25528  -0.73249   0.25528  -0.73249
  3.70927   0.00000  -0.44600   0.00000  -0.44600   0.65548  -0.69964   0.65548  -0.69964
  3.75940   0.00000  -0.44600   0.00000  -0.44600   0.68273  -0.66541   0.68273  -0.66541
  3.80952   0.00000  -0.44600   0.00000  -0.44600   0.69838  -0.63041   0.69838  -0.63041
  3.85965   0.00000  -0.44600   0.00000  -0.44600   0.68933  -0.59585   0.68933  -0.59585
  3.90977   0.00000  -0.44600   0.00000  -0.44600   0.91333  -0.55007   0.91333  -0.55007
  3.95990   0.00000  -0.44600   0.00000  -0.44600   0.91515  -0.50420   0.91515  -0.50420
  4.01003   0.00000  -0.44600   0.00000  -0.44600   0.61359  -0.47344   0.61359  -0.47344
  4.06015   0.00000  -0.44600   0.00000  -0.44600   0.40835  -0.45298   0.40835  -0.45298
  4.11028   0.00000  -0.44600   0.00000  -0.44600   0.23604  -0.44114   0.23604  -0.44114
  4.16040   0.00000  -0.44600   0.00000  -0.44600   0.05234  -0.43852   0.05234  -0.43852
  4.21053   0.00000  -0.44600   0.00000  -0.44600   0.00813  -0.43811   0.00813  -0.43811
  4.26065   0.00000  -0.44600   0.00000  -0.44600  -0.00030  -0.43813  -0.00030  -0.43813
  4.31078   0.00000  -0.44600   0.00000  -0.44600   0.02808  -0.43672   0.02808  -0.43672
  4.36090   0.00000  -0.44600   0.00000  -0.44600   0.02314  -0.43556   0.02314  -0.43556
  4.41103   0.00000  -0.44600   0.00000  -0.44600   0.00528  -0.43530   0.00528  -0.43530
  4.46115   0.00000  -0.44600   0.00000  -0.44600   0.00153  -0.43522   0.00153  -0.43522
  4.51128   0.00000  -0.44600   0.00000  -0.44600   0.00000  -0.43522   0.00000  -0.43522
  4.56140   0.00000  -0.44600   0.00000  -0.44600   0.00000  -0.43522   0.00000  -0.43522
  4.61153   0.00000  -0.44600   0.00000  -0.44600   0.00000  -0.43522   0.00000  -0.43522
  4.66165   0.00000  -0.44600   0.00000  -0.44600   0.00000  -0.43522   0.00000  -0.43522
  4.71178   0.00000  -0.44600   0.00000  -0.44600   0.00000  -0.43522   0.00000  -0.43522
  4.76190   0.00000  -0.44600   0.00000  -0.44600   0.00000  -0.43522   0.00000  -0.43522
  4.81203   0.00000  -0.44600   0.00000  -0.44600   0.00000  -0.43522   0.00000  -0.43522
  4.86216   0.00000  -0.44600   0.00000  -0.44600   0.00000  -0.43522   0.00000  -0.43522
  4.91228   0.00000  -0.44600   0.00000  -0.44600   0.00000  -0.43522   0.00000  -0.43522
  4.96241   0.00000  -0.44600   0.00000  -0.44600   0.00000  -0.43522   0.00000  -0.43522
  5.01253   0.00000  -0.44600   0.00000  -0.44600   0.00000  -0.43522   0.00000  -0.43522
  5.06266   0.00000  -0.44600   0.00000  -0.44600   0.00000  -0.43522   0.00000  -0.43522
  5.11278   0.00000  -0.44600   0.00000  -0.44600   0.00000  -0.43522   0.00000  -0.43522
  5.16291   0.00000  -0.44600   0.00000  -0.44600   0.00000  -0.43522   0.00000  -0.43522
  5.21303   0.00000  -0.44600   0.00000  -0.44600   0.00000  -0.43522   0.00000  -0.43522
  5.26316   0.00000  -0.44600   0.00000  -0.44600   0.00000  -0.43522   0.00000  -0.43522
  5.31328   0.00000  -0.44600   0.00000  -0.44600   0.00000  -0.43522   0.00000  -0.43522
  5.36341   0.00000  -0.44600   0.00000  -0.44600   0.00000  -0.43522   0.00000  -0.43522
  5.41353   0.00000  -0.44600   0.00000  -0.44600   0.00000  -0.43522   0.00000  -0.43522
  5.46366   0.00000  -0.44600   0.00000  -0.44600   0.00000  -0.43522   0.00000  -0.43522
  5.51378   0.00000  -0.44600   0.00000  -0.44600   0.00000  -0.43522   0.00000  -0.43522
  5.56391   0.00000  -0.44600   0.00000  -0.44600   0.00000  -0.43522   0.00000  -0.43522
  5.61404   0.00000  -0.44600   0.00000  -0.44600   0.00000  -0.43522   0.00000  -0.43522
  5.66416   0.00000  -0.44600   0.00000  -0.44600   0.00000  -0.43522   0.00000  -0.43522
  5.71429   0.00000  -0.44600   0.00000  -0.44600   0.00000  -0.43522   0.00000  -0.43522
  5.76441   0.00000  -0.44600   0.00000  -0.44600   0.00000  -0.43522   0.00000  -0.43522
  5.81454   0.00000  -0.44600   0.00000  -0.44600   0.00000  -0.43522   0.00000  -0.43522
  5.86466   0.00000  -0.44600   0.00000  -0.44600   0.00000  -0.43522   0.00000  -0.43522
  5.91479   0.00000  -0.44600   0.00000  -0.44600   0.00000  -0.43522   0.00000  -0.43522
  5.96491   0.00052  -0.44597   0.00052  -0.44597   0.00000  -0.43522   0.00000  -0.43522
  6.01504   0.00702  -0.44562   0.00702  -0.44562   0.00000  -0.43522   0.00000  -0.43522
  6.06516   0.01973  -0.44463   0.01973  -0.44463   0.00000  -0.43522   0.00000  -0.43522
  6.11529   0.03379  -0.44294   0.03379  -0.44294   0.00000  -0.43522   0.00000  -0.43522
  6.16541   0.03871  -0.44099   0.03871  -0.44099   0.00000  -0.43522   0.00000  -0.43522
  6.21554   0.03845  -0.43907   0.03845  -0.43907   0.00111  -0.43516   0.00111  -0.43516
  6.26566   0.04066  -0.43703   0.04066  -0.43703   0.00961  -0.43468   0.00961  -0.43468
  6.31579   0.04821  -0.43461   0.04821  -0.43461   0.02302  -0.43353   0.02302  -0.43353
  6.36591   0.06121  -0.43154   0.06121  -0.43154   0.03581  -0.43173   0.03581  -0.43173
  6.41604   0.08356  -0.42736   0.08356  -0.42736   0.03762  -0.42985   0.03762  -0.42985
  6.46617   0.10978  -0.42185   0.10978  -0.42185   0.03772  -0.42796   0.03772  -0.42796
  6.51629   0.09704  -0.41699   0.09704  -0.41699   0.04218  -0.42584   0.04218  -0.42584
  6.56642   0.08691  -0.41263   0.08691  -0.41263   0.05174  -0.42325   0.05174  -0.42325
  6.61654   0.08451  -0.40840   0.08451  -0.40840   0.06824  -0.41983   0.06824  -0.41983
  6.66667   0.08281  -0.40425   0.08281  -0.40425   0.09965  -0.41483   0.09965  -0.41483
  6.71679   0.08248  -0.40011   0.08248  -0.40011   0.09830  -0.40991   0.09830  -0.40991
  6.76692   0.08747  -0.39573   0.08747  -0.39573   0.08372  -0.40571   0.08372  -0.40571
  6.81704   0.10970  -0.39023   0.10970  -0.39023   0.07900  -0.40175   0.07900  -0.40175
  6.86717   0.12086  -0.38417   0.12086  -0.38417   0.07649  -0.39792   0.07649  -0.39792
  6.91729   0.12319  -0.37800   0.12319  -0.37800   0.07551  -0.39413   0.07551  -0.39413
  6.96742   0.15685  -0.37013   0.15685  -0.37013   0.07707  -0.39027   0.07707  -0.39027
  7.01754   0.17838  -0.36119   0.17838  -0.36119   0.09538  -0.38549   0.09538  -0.38549
  7.06767   0.19002  -0.35167   0.19002  -0.35167   0.11025  -0.37996   0.11025  -0.37996
  7.11779   0.18756  -0.34227   0.18756  -0.34227   0.11003  -0.37444   0.11003  -0.37444
  7.16792   0.20643  -0.33192   0.20643  -0.33192   0.11868  -0.36850   0.11868  -0.36850
  7.21805   0.24413  -0.31968   0.24413  -0.31968   0.14596  -0.36118   0.14596  -0.36118
  7.26817   0.26057  -0.30662   0.26057  -0.30662   0.18026  -0.35214   0.18026  -0.35214
  7.31830   0.24745  -0.29422   0.24745  -0.29422   0.18814  -0.34271   0.18814  -0.34271
  7.36842   0.22390  -0.28299   0.22390  -0.28299   0.19900  -0.33274   0.19900  -0.33274
  7.41855   0.20261  -0.27284   0.20261  -0.27284   0.21810  -0.32181   0.21810  -0.32181
  7.46867   0.15661  -0.26499   0.15661  -0.26499   0.22636  -0.31046   0.22636  -0.31046
  7.51880   0.13928  -0.25801   0.13928  -0.25801   0.24531  -0.29816   0.24531  -0.29816
  7.56892   0.15294  -0.25034   0.15294  -0.25034   0.23122  -0.28657   0.23122  -0.28657
  7.61905   0.16794  -0.24192   0.16794  -0.24192   0.20114  -0.27649   0.20114  -0.27649
  7.66917   0.15179  -0.23431   0.15179  -0.23431   0.16401  -0.26827   0.16401  -0.26827
  7.71930   0.13665  -0.22746   0.13665  -0.22746   0.14151  -0.26118   0.14151  -0.26118
  7.76942   0.18844  -0.21802   0.18844  -0.21802   0.13106  -0.25461   0.13106  -0.25461
  7.81955   0.20582  -0.20770   0.20582  -0.20770   0.14535  -0.24732   0.14535  -0.24732
  7.86967   0.21772  -0.19679   0.21772  -0.19679   0.15412  -0.23960   0.15412  -0.23960
  7.91980   0.20907  -0.18631   0.20907  -0.18631   0.12185  -0.23349   0.12185  -0.23349
  7.96992   0.13504  -0.17954   0.13504  -0.17954   0.13138  -0.22690   0.13138  -0.22690
  8.02005   0.15652  -0.17169   0.15652  -0.17169   0.19952  -0.21690   0.19952  -0.21690
  8.07018   0.10114  -0.16662   0.10114  -0.16662   0.20373  -0.20669   0.20373  -0.20669
  8.12030   0.10161  -0.16153   0.10161  -0.16153   0.12344  -0.20050   0.12344  -0.20050
  8.17043   0.09842  -0.15660   0.09842  -0.15660   0.17483  -0.19174   0.17483  -0.19174
  8.22055   0.07726  -0.15273   0.07726  -0.15273   0.19435  -0.18200   0.19435  -0.18200
  8.27068   0.07589  -0.14892   0.07589  -0.14892   0.15144  -0.17441   0.15144  -0.17441
  8.32080   0.07386  -0.14522   0.07386  -0.14522   0.11182  -0.16880   0.11182  -0.16880
  8.37093   0.07904  -0.14126   0.07904  -0.14126   0.08492  -0.16454   0.08492  -0.16454
  8.42105   0.06836  -0.13783   0.06836  -0.13783   0.08349  -0.16036   0.08349  -0.16036
  8.47118   0.05505  -0.13507   0.05505  -0.13507   0.07278  -0.15671   0.07278  -0.15671
  8.52130   0.07363  -0.13138   0.07363  -0.13138   0.07409  -0.15300   0.07409  -0.15300
  8.57143   0.05639  -0.12855   0.05639  -0.12855   0.06677  -0.14965   0.06677  -0.14965
  8.62155   0.07438  -0.12483   0.07438  -0.12483   0.04914  -0.14719   0.04914  -0.14719
  8.67168   0.07094  -0.12127   0.07094  -0.12127   0.05736  -0.14431   0.05736  -0.14431
  8.72180   0.05472  -0.11853   0.05472  -0.11853   0.08309  -0.14015   0.08309  -0.14015
  8.77193   0.05974  -0.11553   0.05974  -0.11553   0.07823  -0.13623   0.07823  -0.13623
  8.82206   0.07442  -0.11180   0.07442  -0.11180   0.07916  -0.13226   0.07916  -0.13226
  8.87218   0.07088  -0.10825   0.07088  -0.10825   0.05152  -0.12968   0.05152  -0.12968
  8.92231   0.07501  -0.10449   0.07501  -0.10449   0.06523  -0.12641   0.06523  -0.12641
  8.97243   0.06244  -0.10136   0.06244  -0.10136   0.07994  -0.12240   0.07994  -0.12240
  9.02256   0.05701  -0.09850   0.05701  -0.09850   0.06484  -0.11915   0.06484  -0.11915
  9.07268   0.04449  -0.09627   0.04449  -0.09627   0.08020  -0.11513   0.08020  -0.11513
  9.12281   0.05362  -0.09358   0.05362  -0.09358   0.07325  -0.11146   0.07325  -0.11146
  9.17293   0.05738  -0.09071   0.05738  -0.09071   0.06245  -0.10833   0.06245  -0.10833
  9.22306   0.05632  -0.08789   0.05632  -0.08789   0.04671  -0.10599   0.04671  -0.10599
  9.27318   0.05351  -0.08520   0.05351  -0.08520   0.04927  -0.10352   0.04927  -0.10352
  9.32331   0.04750  -0.08282   0.04750  -0.08282   0.05113  -0.10095   0.05113  -0.10095
  9.37343   0.05251  -0.08019   0.05251  -0.08019   0.05054  -0.09842   0.05054  -0.09842
  9.42356   0.04488  -0.07794   0.04488  -0.07794   0.05615  -0.09561   0.05615  -0.09561
  9.47368   0.04786  -0.07554   0.04786  -0.07554   0.04694  -0.09325   0.04694  -0.09325
  9.52381   0.04657  -0.07321   0.04657  -0.07321   0.04252  -0.09112   0.04252  -0.09112
  9.57393   0.04839  -0.07078   0.04839  -0.07078   0.04459  -0.08889   0.04459  -0.08889
  9.62406   0.04241  -0.06866   0.04241  -0.06866   0.05706  -0.08603   0.05706  -0.08603
  9.67419   0.03815  -0.06674   0.03815  -0.06674   0.05122  -0.08346   0.05122  -0.08346
  9.72431   0.04005  -0.06474   0.04005  -0.06474   0.04329  -0.08129   0.04329  -0.08129
  9.77444   0.03671  -0.06290   0.03671  -0.06290   0.04350  -0.07911   0.04350  -0.07911
  9.82456   0.04236  -0.06077   0.04236  -0.06077   0.04119  -0.07704   0.04119  -0.07704
  9.87469   0.03952  -0.05879   0.03952  -0.05879   0.03643  -0.07522   0.03643  -0.07522
  9.92481   0.03545  -0.05702   0.03545  -0.05702   0.03908  -0.07326   0.03908  -0.07326
  9.97494   0.02989  -0.05552   0.02989  -0.05552   0.04679  -0.07091   0.04679  -0.07091
 10.02506   0.03698  -0.05366   0.03698  -0.05366   0.05081  -0.06837   0.05081  -0.06837