ESCALE ; pCOHP file generated by LOBSTER. Energy is shifted such that the Fermi level lies at 0 eV.
         2          2        401  -5.82964e+00   1.42205e+01   4.19543e+00 
Average
No.1:Ni59->O84(2.0191203924914412)
-10.02506   0.00000  -0.37429   0.00000  -0.37429   0.00000  -0.35288   0.00000  -0.35288
 -9.97494   0.00000  -0.37429   0.00000  -0.37429   0.00000  -0.35288   0.00000  -0.35288
 -9.92481   0.00000  -0.37429   0.00000  -0.37429   0.00000  -0.35288   0.00000  -0.35288
 -9.87469   0.00000  -0.37429   0.00000  -0.37429   0.00000  -0.35288   0.00000  -0.35288
 -9.82456   0.00000  -0.37429   0.00000  -0.37429   0.00000  -0.35288   0.00000  -0.35288
 -9.77444   0.00000  -0.37429   0.00000  -0.37429   0.00000  -0.35288   0.00000  -0.35288
 -9.72431   0.00000  -0.37429   0.00000  -0.37429   0.00000  -0.35288   0.00000  -0.35288
 -9.67419   0.00000  -0.37429   0.00000  -0.37429   0.00000  -0.35288   0.00000  -0.35288
 -9.62406   0.00000  -0.37429   0.00000  -0.37429   0.00000  -0.35288   0.00000  -0.35288
 -9.57393   0.00000  -0.37429   0.00000  -0.37429   0.00000  -0.35288   0.00000  -0.35288
 -9.52381   0.00000  -0.37429   0.00000  -0.37429   0.00000  -0.35288   0.00000  -0.35288
 -9.47368   0.00000  -0.37429   0.00000  -0.37429   0.00000  -0.35288   0.00000  -0.35288
 -9.42356   0.00000  -0.37429   0.00000  -0.37429   0.00000  -0.35288   0.00000  -0.35288
 -9.37343   0.00000  -0.37429   0.00000  -0.37429   0.00000  -0.35288   0.00000  -0.35288
 -9.32331   0.00000  -0.37429   0.00000  -0.37429   0.00000  -0.35288   0.00000  -0.35288
 -9.27318   0.00000  -0.37429   0.00000  -0.37429   0.00000  -0.35288   0.00000  -0.35288
 -9.22306   0.00000  -0.37429   0.00000  -0.37429   0.00000  -0.35288   0.00000  -0.35288
 -9.17293   0.00000  -0.37429   0.00000  -0.37429   0.00000  -0.35288   0.00000  -0.35288
 -9.12281   0.00000  -0.37429   0.00000  -0.37429   0.00000  -0.35288   0.00000  -0.35288
 -9.07268   0.00000  -0.37429   0.00000  -0.37429   0.00000  -0.35288   0.00000  -0.35288
 -9.02256   0.00000  -0.37429   0.00000  -0.37429   0.00000  -0.35288   0.00000  -0.35288
 -8.97243   0.00000  -0.37429   0.00000  -0.37429   0.00000  -0.35288   0.00000  -0.35288
 -8.92231   0.00000  -0.37429   0.00000  -0.37429   0.00000  -0.35288   0.00000  -0.35288
 -8.87218   0.00000  -0.37429   0.00000  -0.37429   0.00000  -0.35288   0.00000  -0.35288
 -8.82206   0.00000  -0.37429   0.00000  -0.37429   0.00000  -0.35288   0.00000  -0.35288
 -8.77193   0.00000  -0.37429   0.00000  -0.37429   0.00000  -0.35288   0.00000  -0.35288
 -8.72180   0.00000  -0.37429   0.00000  -0.37429   0.00000  -0.35288   0.00000  -0.35288
 -8.67168   0.00000  -0.37429   0.00000  -0.37429   0.00000  -0.35288   0.00000  -0.35288
 -8.62155   0.00000  -0.37429   0.00000  -0.37429   0.00000  -0.35288   0.00000  -0.35288
 -8.57143   0.00000  -0.37429   0.00000  -0.37429   0.00000  -0.35288   0.00000  -0.35288
 -8.52130   0.00000  -0.37429   0.00000  -0.37429   0.00000  -0.35288   0.00000  -0.35288
 -8.47118   0.00000  -0.37429   0.00000  -0.37429   0.00000  -0.35288   0.00000  -0.35288
 -8.42105   0.00000  -0.37429   0.00000  -0.37429   0.00000  -0.35288   0.00000  -0.35288
 -8.37093   0.00000  -0.37429   0.00000  -0.37429   0.00000  -0.35288   0.00000  -0.35288
 -8.32080   0.00000  -0.37429   0.00000  -0.37429   0.00000  -0.35288   0.00000  -0.35288
 -8.27068   0.00000  -0.37429   0.00000  -0.37429   0.00000  -0.35288   0.00000  -0.35288
 -8.22055   0.00000  -0.37429   0.00000  -0.37429   0.00000  -0.35288   0.00000  -0.35288
 -8.17043   0.00000  -0.37429   0.00000  -0.37429   0.00000  -0.35288   0.00000  -0.35288
 -8.12030   0.00000  -0.37429   0.00000  -0.37429   0.00000  -0.35288   0.00000  -0.35288
 -8.07018   0.00000  -0.37429   0.00000  -0.37429   0.00000  -0.35288   0.00000  -0.35288
 -8.02005   0.00000  -0.37429   0.00000  -0.37429   0.00000  -0.35288   0.00000  -0.35288
 -7.96992   0.00000  -0.37429   0.00000  -0.37429   0.00000  -0.35288   0.00000  -0.35288
 -7.91980   0.00000  -0.37429   0.00000  -0.37429   0.00000  -0.35288   0.00000  -0.35288
 -7.86967   0.00000  -0.37429   0.00000  -0.37429   0.00000  -0.35288   0.00000  -0.35288
 -7.81955   0.00000  -0.37429   0.00000  -0.37429   0.00000  -0.35288   0.00000  -0.35288
 -7.76942   0.00000  -0.37429   0.00000  -0.37429   0.00000  -0.35288   0.00000  -0.35288
 -7.71930   0.00000  -0.37429   0.00000  -0.37429   0.00000  -0.35288   0.00000  -0.35288
 -7.66917   0.00000  -0.37429   0.00000  -0.37429   0.00000  -0.35288   0.00000  -0.35288
 -7.61905   0.00000  -0.37429   0.00000  -0.37429   0.00000  -0.35288   0.00000  -0.35288
 -7.56892   0.00000  -0.37429   0.00000  -0.37429   0.00000  -0.35288   0.00000  -0.35288
 -7.51880   0.00000  -0.37429   0.00000  -0.37429   0.00000  -0.35288   0.00000  -0.35288
 -7.46867   0.00000  -0.37429   0.00000  -0.37429   0.00000  -0.35288   0.00000  -0.35288
 -7.41855   0.00000  -0.37429   0.00000  -0.37429   0.00000  -0.35288   0.00000  -0.35288
 -7.36842   0.00000  -0.37429   0.00000  -0.37429   0.00000  -0.35288   0.00000  -0.35288
 -7.31830   0.00000  -0.37429   0.00000  -0.37429   0.00000  -0.35288   0.00000  -0.35288
 -7.26817   0.00000  -0.37429   0.00000  -0.37429   0.00000  -0.35288   0.00000  -0.35288
 -7.21805   0.00000  -0.37429   0.00000  -0.37429   0.00000  -0.35288   0.00000  -0.35288
 -7.16792   0.00000  -0.37429   0.00000  -0.37429   0.00000  -0.35288   0.00000  -0.35288
 -7.11779   0.00000  -0.37429   0.00000  -0.37429   0.00000  -0.35288   0.00000  -0.35288
 -7.06767  -0.03246  -0.37592  -0.03246  -0.37592   0.00000  -0.35288   0.00000  -0.35288
 -7.01754  -0.14100  -0.38298  -0.14100  -0.38298   0.00000  -0.35288   0.00000  -0.35288
 -6.96742  -0.08342  -0.38716  -0.08342  -0.38716   0.00000  -0.35288   0.00000  -0.35288
 -6.91729  -0.01813  -0.38807  -0.01813  -0.38807   0.00000  -0.35288   0.00000  -0.35288
 -6.86717  -0.07039  -0.39160  -0.07039  -0.39160   0.00000  -0.35288   0.00000  -0.35288
 -6.81704  -0.02709  -0.39296  -0.02709  -0.39296   0.00000  -0.35288   0.00000  -0.35288
 -6.76692  -0.02104  -0.39401  -0.02104  -0.39401   0.00000  -0.35288   0.00000  -0.35288
 -6.71679  -0.02661  -0.39535  -0.02661  -0.39535   0.00000  -0.35288   0.00000  -0.35288
 -6.66667  -0.19338  -0.40504  -0.19338  -0.40504   0.00000  -0.35288   0.00000  -0.35288
 -6.61654  -0.17801  -0.41396  -0.17801  -0.41396   0.00000  -0.35288   0.00000  -0.35288
 -6.56642  -0.20752  -0.42437  -0.20752  -0.42437   0.00000  -0.35288   0.00000  -0.35288
 -6.51629  -0.29228  -0.43902  -0.29228  -0.43902   0.00000  -0.35288   0.00000  -0.35288
 -6.46617  -0.24067  -0.45108  -0.24067  -0.45108   0.00000  -0.35288   0.00000  -0.35288
 -6.41604  -0.38760  -0.47051  -0.38760  -0.47051   0.00000  -0.35288   0.00000  -0.35288
 -6.36591  -0.28374  -0.48473  -0.28374  -0.48473   0.00000  -0.35288   0.00000  -0.35288
 -6.31579  -0.46833  -0.50821  -0.46833  -0.50821   0.00000  -0.35288   0.00000  -0.35288
 -6.26566  -0.22515  -0.51949  -0.22515  -0.51949   0.00000  -0.35288   0.00000  -0.35288
 -6.21554  -0.16558  -0.52779  -0.16558  -0.52779   0.00000  -0.35288   0.00000  -0.35288
 -6.16541  -0.29990  -0.54282  -0.29990  -0.54282   0.00000  -0.35288   0.00000  -0.35288
 -6.11529  -0.15161  -0.55042  -0.15161  -0.55042   0.00000  -0.35288   0.00000  -0.35288
 -6.06516  -0.12785  -0.55683  -0.12785  -0.55683   0.00000  -0.35288   0.00000  -0.35288
 -6.01504  -0.16307  -0.56501  -0.16307  -0.56501   0.00000  -0.35288   0.00000  -0.35288
 -5.96491  -0.12879  -0.57146  -0.12879  -0.57146   0.00000  -0.35288   0.00000  -0.35288
 -5.91479  -0.26052  -0.58452  -0.26052  -0.58452   0.00000  -0.35288   0.00000  -0.35288
 -5.86466  -0.22313  -0.59570  -0.22313  -0.59570   0.00000  -0.35288   0.00000  -0.35288
 -5.81454  -0.13125  -0.60228  -0.13125  -0.60228   0.00000  -0.35288   0.00000  -0.35288
 -5.76441  -0.20202  -0.61241  -0.20202  -0.61241   0.00000  -0.35288   0.00000  -0.35288
 -5.71429  -0.24331  -0.62461  -0.24331  -0.62461  -0.00384  -0.35307  -0.00384  -0.35307
 -5.66416  -0.18029  -0.63364  -0.18029  -0.63364  -0.05989  -0.35607  -0.05989  -0.35607
 -5.61404  -0.30575  -0.64897  -0.30575  -0.64897  -0.05731  -0.35894  -0.05731  -0.35894
 -5.56391  -0.14233  -0.65610  -0.14233  -0.65610  -0.12800  -0.36536  -0.12800  -0.36536
 -5.51378  -0.15040  -0.66364  -0.15040  -0.66364  -0.10111  -0.37043  -0.10111  -0.37043
 -5.46366  -0.16973  -0.67215  -0.16973  -0.67215  -0.18963  -0.37993  -0.18963  -0.37993
 -5.41353  -0.13128  -0.67873  -0.13128  -0.67873  -0.22156  -0.39104  -0.22156  -0.39104
 -5.36341  -0.12873  -0.68518  -0.12873  -0.68518  -0.19980  -0.40105  -0.19980  -0.40105
 -5.31328  -0.19534  -0.69497  -0.19534  -0.69497  -0.15823  -0.40899  -0.15823  -0.40899
 -5.26316  -0.19406  -0.70470  -0.19406  -0.70470  -0.16546  -0.41728  -0.16546  -0.41728
 -5.21303  -0.20916  -0.71519  -0.20916  -0.71519  -0.18975  -0.42679  -0.18975  -0.42679
 -5.16291  -0.11605  -0.72100  -0.11605  -0.72100  -0.20113  -0.43687  -0.20113  -0.43687
 -5.11278  -0.11005  -0.72652  -0.11005  -0.72652  -0.19592  -0.44669  -0.19592  -0.44669
 -5.06266  -0.12742  -0.73291  -0.12742  -0.73291  -0.15741  -0.45458  -0.15741  -0.45458
 -5.01253  -0.08610  -0.73722  -0.08610  -0.73722  -0.06868  -0.45803  -0.06868  -0.45803
 -4.96241  -0.13872  -0.74418  -0.13872  -0.74418  -0.08450  -0.46226  -0.08450  -0.46226
 -4.91228  -0.16741  -0.75257  -0.16741  -0.75257  -0.11338  -0.46794  -0.11338  -0.46794
 -4.86216  -0.25081  -0.76514  -0.25081  -0.76514  -0.09421  -0.47267  -0.09421  -0.47267
 -4.81203  -0.28876  -0.77961  -0.28876  -0.77961  -0.14142  -0.47976  -0.14142  -0.47976
 -4.76190  -0.24812  -0.79205  -0.24812  -0.79205  -0.15699  -0.48762  -0.15699  -0.48762
 -4.71178  -0.27405  -0.80579  -0.27405  -0.80579  -0.16421  -0.49586  -0.16421  -0.49586
 -4.66165  -0.17771  -0.81469  -0.17771  -0.81469  -0.13812  -0.50278  -0.13812  -0.50278
 -4.61153  -0.15528  -0.82248  -0.15528  -0.82248  -0.15774  -0.51069  -0.15774  -0.51069
 -4.56140  -0.18871  -0.83194  -0.18871  -0.83194  -0.16255  -0.51883  -0.16255  -0.51883
 -4.51128  -0.20579  -0.84225  -0.20579  -0.84225  -0.18167  -0.52794  -0.18167  -0.52794
 -4.46115  -0.23683  -0.85412  -0.23683  -0.85412  -0.16966  -0.53644  -0.16966  -0.53644
 -4.41103  -0.19089  -0.86369  -0.19089  -0.86369  -0.17465  -0.54520  -0.17465  -0.54520
 -4.36090  -0.09330  -0.86837  -0.09330  -0.86837  -0.18300  -0.55437  -0.18300  -0.55437
 -4.31078  -0.09395  -0.87308  -0.09395  -0.87308  -0.14738  -0.56176  -0.14738  -0.56176
 -4.26065  -0.07068  -0.87662  -0.07068  -0.87662  -0.13405  -0.56848  -0.13405  -0.56848
 -4.21053  -0.04536  -0.87889  -0.04536  -0.87889  -0.15289  -0.57614  -0.15289  -0.57614
 -4.16040  -0.00316  -0.87905  -0.00316  -0.87905  -0.16105  -0.58422  -0.16105  -0.58422
 -4.11028   0.00491  -0.87881   0.00491  -0.87881  -0.15928  -0.59220  -0.15928  -0.59220
 -4.06015  -0.00864  -0.87924  -0.00864  -0.87924  -0.17520  -0.60098  -0.17520  -0.60098
 -4.01003  -0.02429  -0.88046  -0.02429  -0.88046  -0.13615  -0.60781  -0.13615  -0.60781
 -3.95990  -0.09730  -0.88533  -0.09730  -0.88533  -0.16033  -0.61584  -0.16033  -0.61584
 -3.90977  -0.11463  -0.89108  -0.11463  -0.89108  -0.16349  -0.62404  -0.16349  -0.62404
 -3.85965  -0.04639  -0.89341  -0.04639  -0.89341  -0.17317  -0.63272  -0.17317  -0.63272
 -3.80952  -0.05312  -0.89607  -0.05312  -0.89607  -0.27595  -0.64655  -0.27595  -0.64655
 -3.75940  -0.06419  -0.89929  -0.06419  -0.89929  -0.23920  -0.65854  -0.23920  -0.65854
 -3.70927  -0.04233  -0.90141  -0.04233  -0.90141  -0.25670  -0.67141  -0.25670  -0.67141
 -3.65915  -0.02301  -0.90256  -0.02301  -0.90256  -0.25960  -0.68442  -0.25960  -0.68442
 -3.60902  -0.04021  -0.90458  -0.04021  -0.90458  -0.25273  -0.69709  -0.25273  -0.69709
 -3.55890  -0.02755  -0.90596  -0.02755  -0.90596  -0.23512  -0.70887  -0.23512  -0.70887
 -3.50877  -0.00214  -0.90606  -0.00214  -0.90606  -0.20886  -0.71934  -0.20886  -0.71934
 -3.45865   0.06055  -0.90303   0.06055  -0.90303  -0.26801  -0.73278  -0.26801  -0.73278
 -3.40852   0.08873  -0.89858   0.08873  -0.89858  -0.23595  -0.74460  -0.23595  -0.74460
 -3.35840   0.02990  -0.89708   0.02990  -0.89708  -0.24530  -0.75690  -0.24530  -0.75690
 -3.30827   0.03096  -0.89553   0.03096  -0.89553  -0.13487  -0.76366  -0.13487  -0.76366
 -3.25815  -0.02408  -0.89674  -0.02408  -0.89674  -0.12792  -0.77007  -0.12792  -0.77007
 -3.20802   0.04499  -0.89448   0.04499  -0.89448  -0.14565  -0.77737  -0.14565  -0.77737
 -3.15789  -0.00622  -0.89479  -0.00622  -0.89479  -0.11213  -0.78299  -0.11213  -0.78299
 -3.10777   0.02058  -0.89376   0.02058  -0.89376  -0.12846  -0.78943  -0.12846  -0.78943
 -3.05764   0.00610  -0.89346   0.00610  -0.89346  -0.16851  -0.79788  -0.16851  -0.79788
 -3.00752  -0.07035  -0.89698  -0.07035  -0.89698  -0.13692  -0.80474  -0.13692  -0.80474
 -2.95739  -0.03204  -0.89859  -0.03204  -0.89859  -0.17619  -0.81357  -0.17619  -0.81357
 -2.90727  -0.05555  -0.90137  -0.05555  -0.90137  -0.16526  -0.82186  -0.16526  -0.82186
 -2.85714  -0.14479  -0.90863  -0.14479  -0.90863  -0.13396  -0.82857  -0.13396  -0.82857
 -2.80702  -0.14155  -0.91573  -0.14155  -0.91573  -0.17585  -0.83739  -0.17585  -0.83739
 -2.75689  -0.07658  -0.91957  -0.07658  -0.91957  -0.12140  -0.84347  -0.12140  -0.84347
 -2.70677  -0.00960  -0.92005  -0.00960  -0.92005  -0.03419  -0.84519  -0.03419  -0.84519
 -2.65664   0.00955  -0.91957   0.00955  -0.91957   0.00989  -0.84469   0.00989  -0.84469
 -2.60652   0.02252  -0.91844   0.02252  -0.91844  -0.01096  -0.84524  -0.01096  -0.84524
 -2.55639   0.04839  -0.91601   0.04839  -0.91601  -0.08445  -0.84947  -0.08445  -0.84947
 -2.50627   0.03914  -0.91405   0.03914  -0.91405  -0.07857  -0.85341  -0.07857  -0.85341
 -2.45614   0.04314  -0.91189   0.04314  -0.91189  -0.13094  -0.85997  -0.13094  -0.85997
 -2.40602   0.03523  -0.91012   0.03523  -0.91012  -0.12096  -0.86604  -0.12096  -0.86604
 -2.35589   0.03636  -0.90830   0.03636  -0.90830  -0.09153  -0.87062  -0.09153  -0.87062
 -2.30576   0.03836  -0.90638   0.03836  -0.90638  -0.13171  -0.87723  -0.13171  -0.87723
 -2.25564   0.05822  -0.90346   0.05822  -0.90346  -0.08570  -0.88152  -0.08570  -0.88152
 -2.20551   0.03086  -0.90191   0.03086  -0.90191  -0.10558  -0.88681  -0.10558  -0.88681
 -2.15539   0.02508  -0.90066   0.02508  -0.90066  -0.08514  -0.89108  -0.08514  -0.89108
 -2.10526  -0.00080  -0.90070  -0.00080  -0.90070  -0.09832  -0.89601  -0.09832  -0.89601
 -2.05514   0.00851  -0.90027   0.00851  -0.90027  -0.03940  -0.89799  -0.03940  -0.89799
 -2.00501   0.02991  -0.89877   0.02991  -0.89877  -0.15033  -0.90552  -0.15033  -0.90552
 -1.95489   0.03001  -0.89727   0.03001  -0.89727  -0.26170  -0.91864  -0.26170  -0.91864
 -1.90476   0.03626  -0.89545   0.03626  -0.89545  -0.24886  -0.93111  -0.24886  -0.93111
 -1.85464   0.01559  -0.89467   0.01559  -0.89467  -0.16435  -0.93935  -0.16435  -0.93935
 -1.80451   0.03390  -0.89297   0.03390  -0.89297  -0.28621  -0.95370  -0.28621  -0.95370
 -1.75439   0.06545  -0.88969   0.06545  -0.88969  -0.28980  -0.96822  -0.28980  -0.96822
 -1.70426   0.09101  -0.88512   0.09101  -0.88512  -0.20612  -0.97856  -0.20612  -0.97856
 -1.65414   0.10427  -0.87990   0.10427  -0.87990  -0.12969  -0.98506  -0.12969  -0.98506
 -1.60401   0.09866  -0.87495   0.09866  -0.87495  -0.05709  -0.98792  -0.05709  -0.98792
 -1.55388   0.07844  -0.87102   0.07844  -0.87102  -0.07253  -0.99155  -0.07253  -0.99155
 -1.50376   0.05449  -0.86829   0.05449  -0.86829  -0.07741  -0.99543  -0.07741  -0.99543
 -1.45363   0.04604  -0.86598   0.04604  -0.86598  -0.05916  -0.99840  -0.05916  -0.99840
 -1.40351   0.04204  -0.86387   0.04204  -0.86387  -0.04956  -1.00088  -0.04956  -1.00088
 -1.35338   0.05799  -0.86097   0.05799  -0.86097  -0.04732  -1.00325  -0.04732  -1.00325
 -1.30326   0.06073  -0.85792   0.06073  -0.85792   0.01118  -1.00269   0.01118  -1.00269
 -1.25313   0.10708  -0.85256   0.10708  -0.85256   0.11161  -0.99710   0.11161  -0.99710
 -1.20301   0.09308  -0.84789   0.09308  -0.84789   0.09442  -0.99237   0.09442  -0.99237
 -1.15288   0.13920  -0.84091   0.13920  -0.84091   0.17217  -0.98374   0.17217  -0.98374
 -1.10276   0.09903  -0.83595   0.09903  -0.83595   0.15112  -0.97616   0.15112  -0.97616
 -1.05263   0.12152  -0.82986   0.12152  -0.82986   0.15388  -0.96845   0.15388  -0.96845
 -1.00251   0.10100  -0.82480   0.10100  -0.82480   0.18128  -0.95936   0.18128  -0.95936
 -0.95238   0.13219  -0.81817   0.13219  -0.81817   0.09599  -0.95455   0.09599  -0.95455
 -0.90226   0.17612  -0.80934   0.17612  -0.80934   0.09380  -0.94985   0.09380  -0.94985
 -0.85213   0.29884  -0.79436   0.29884  -0.79436   0.14456  -0.94260   0.14456  -0.94260
 -0.80201   0.28002  -0.78033   0.28002  -0.78033   0.27104  -0.92902   0.27104  -0.92902
 -0.75188   0.37046  -0.76176   0.37046  -0.76176   0.37005  -0.91047   0.37005  -0.91047
 -0.70175   0.34153  -0.74464   0.34153  -0.74464   0.60556  -0.88011   0.60556  -0.88011
 -0.65163   0.21947  -0.73364   0.21947  -0.73364   0.29946  -0.86510   0.29946  -0.86510
 -0.60150   0.31751  -0.71772   0.31751  -0.71772   0.00000  -0.86510   0.00000  -0.86510
 -0.55138   0.29658  -0.70286   0.29658  -0.70286   0.00000  -0.86510   0.00000  -0.86510
 -0.50125   0.33476  -0.68608   0.33476  -0.68608   0.00000  -0.86510   0.00000  -0.86510
 -0.45113   0.49468  -0.66128   0.49468  -0.66128   0.00000  -0.86510   0.00000  -0.86510
 -0.40100   0.92482  -0.61492   0.92482  -0.61492   0.00000  -0.86510   0.00000  -0.86510
 -0.35088   1.86802  -0.52129   1.86802  -0.52129   0.00000  -0.86510   0.00000  -0.86510
 -0.30075   0.27635  -0.50744   0.27635  -0.50744   0.00000  -0.86510   0.00000  -0.86510
 -0.25063   0.02803  -0.50603   0.02803  -0.50603   0.00000  -0.86510   0.00000  -0.86510
 -0.20050   0.00645  -0.50571   0.00645  -0.50571   0.00000  -0.86510   0.00000  -0.86510
 -0.15038   0.00052  -0.50568   0.00052  -0.50568   0.00000  -0.86510   0.00000  -0.86510
 -0.10025   0.00163  -0.50560   0.00163  -0.50560   0.00000  -0.86510   0.00000  -0.86510
 -0.05013   0.00194  -0.50550   0.00194  -0.50550   0.00000  -0.86510   0.00000  -0.86510
  0.00000   0.00392  -0.50531   0.00392  -0.50531   0.00000  -0.86510   0.00000  -0.86510
  0.05013   0.00000  -0.50531   0.00000  -0.50531   0.00000  -0.86510   0.00000  -0.86510
  0.10025   0.00000  -0.50531   0.00000  -0.50531   0.00000  -0.86510   0.00000  -0.86510
  0.15038   0.00000  -0.50531   0.00000  -0.50531   0.00000  -0.86510   0.00000  -0.86510
  0.20050   0.00000  -0.50531   0.00000  -0.50531   0.00000  -0.86510   0.00000  -0.86510
  0.25063   0.00000  -0.50531   0.00000  -0.50531   0.00000  -0.86510   0.00000  -0.86510
  0.30075   0.00000  -0.50531   0.00000  -0.50531   0.00000  -0.86510   0.00000  -0.86510
  0.35088   0.00000  -0.50531   0.00000  -0.50531   0.00000  -0.86510   0.00000  -0.86510
  0.40100   0.00000  -0.50531   0.00000  -0.50531   0.00000  -0.86510   0.00000  -0.86510
  0.45113   0.00000  -0.50531   0.00000  -0.50531   0.00000  -0.86510   0.00000  -0.86510
  0.50125   0.00000  -0.50531   0.00000  -0.50531   0.00000  -0.86510   0.00000  -0.86510
  0.55138   0.00000  -0.50531   0.00000  -0.50531   0.00000  -0.86510   0.00000  -0.86510
  0.60150   0.00000  -0.50531   0.00000  -0.50531   0.00000  -0.86510   0.00000  -0.86510
  0.65163   0.00000  -0.50531   0.00000  -0.50531   0.00000  -0.86510   0.00000  -0.86510
  0.70175   0.00000  -0.50531   0.00000  -0.50531   0.00000  -0.86510   0.00000  -0.86510
  0.75188   0.00000  -0.50531   0.00000  -0.50531   0.00000  -0.86510   0.00000  -0.86510
  0.80201   0.00000  -0.50531   0.00000  -0.50531   0.00000  -0.86510   0.00000  -0.86510
  0.85213   0.00000  -0.50531   0.00000  -0.50531   0.00000  -0.86510   0.00000  -0.86510
  0.90226   0.00000  -0.50531   0.00000  -0.50531   0.00000  -0.86510   0.00000  -0.86510
  0.95238   0.00000  -0.50531   0.00000  -0.50531   0.00000  -0.86510   0.00000  -0.86510
  1.00251   0.00082  -0.50526   0.00082  -0.50526   0.00000  -0.86510   0.00000  -0.86510
  1.05263   0.00282  -0.50512   0.00282  -0.50512   0.00000  -0.86510   0.00000  -0.86510
  1.10276   0.00850  -0.50470   0.00850  -0.50470   0.00000  -0.86510   0.00000  -0.86510
  1.15288   0.01437  -0.50398   0.01437  -0.50398   0.00000  -0.86510   0.00000  -0.86510
  1.20301   0.00873  -0.50354   0.00873  -0.50354   0.00000  -0.86510   0.00000  -0.86510
  1.25313   0.00692  -0.50319   0.00692  -0.50319   0.00000  -0.86510   0.00000  -0.86510
  1.30326   0.00796  -0.50279   0.00796  -0.50279   0.00000  -0.86510   0.00000  -0.86510
  1.35338   0.00932  -0.50233   0.00932  -0.50233   0.00000  -0.86510   0.00000  -0.86510
  1.40351   0.00961  -0.50185   0.00961  -0.50185   0.00000  -0.86510   0.00000  -0.86510
  1.45363   0.00928  -0.50138   0.00928  -0.50138   0.00000  -0.86510   0.00000  -0.86510
  1.50376   0.00645  -0.50106   0.00645  -0.50106   0.00000  -0.86510   0.00000  -0.86510
  1.55388   0.00706  -0.50070   0.00706  -0.50070   0.00000  -0.86510   0.00000  -0.86510
  1.60401   0.00549  -0.50043   0.00549  -0.50043   0.00000  -0.86510   0.00000  -0.86510
  1.65414   0.00616  -0.50012   0.00616  -0.50012   0.00000  -0.86510   0.00000  -0.86510
  1.70426   0.00518  -0.49986   0.00518  -0.49986   0.00000  -0.86510   0.00000  -0.86510
  1.75439   0.00361  -0.49968   0.00361  -0.49968   0.00000  -0.86510   0.00000  -0.86510
  1.80451   0.00317  -0.49952   0.00317  -0.49952   0.00000  -0.86510   0.00000  -0.86510
  1.85464   0.00705  -0.49917   0.00705  -0.49917   0.00000  -0.86510   0.00000  -0.86510
  1.90476   0.02339  -0.49799   0.02339  -0.49799   0.00000  -0.86510   0.00000  -0.86510
  1.95489   0.02555  -0.49671   0.02555  -0.49671   0.00000  -0.86510   0.00000  -0.86510
  2.00501   0.01721  -0.49585   0.01721  -0.49585   0.00000  -0.86510   0.00000  -0.86510
  2.05514   0.03120  -0.49429   0.03120  -0.49429   0.00000  -0.86510   0.00000  -0.86510
  2.10526   0.01759  -0.49340   0.01759  -0.49340   0.00000  -0.86510   0.00000  -0.86510
  2.15539   0.00033  -0.49339   0.00033  -0.49339   0.00000  -0.86510   0.00000  -0.86510
  2.20551   0.00003  -0.49339   0.00003  -0.49339   0.00000  -0.86510   0.00000  -0.86510
  2.25564   0.00000  -0.49339   0.00000  -0.49339   0.00000  -0.86510   0.00000  -0.86510
  2.30576   0.00000  -0.49339   0.00000  -0.49339   0.00000  -0.86510   0.00000  -0.86510
  2.35589   0.00000  -0.49339   0.00000  -0.49339   0.00000  -0.86510   0.00000  -0.86510
  2.40602   0.00000  -0.49339   0.00000  -0.49339   0.00000  -0.86510   0.00000  -0.86510
  2.45614   0.00000  -0.49339   0.00000  -0.49339   0.00000  -0.86510   0.00000  -0.86510
  2.50627   0.00000  -0.49339   0.00000  -0.49339   0.00000  -0.86510   0.00000  -0.86510
  2.55639   0.00000  -0.49339   0.00000  -0.49339   0.00000  -0.86510   0.00000  -0.86510
  2.60652   0.00000  -0.49339   0.00000  -0.49339  -0.00125  -0.86517  -0.00125  -0.86517
  2.65664   0.00000  -0.49339   0.00000  -0.49339   0.00800  -0.86477   0.00800  -0.86477
  2.70677   0.00000  -0.49339   0.00000  -0.49339   0.01897  -0.86382   0.01897  -0.86382
  2.75689   0.00000  -0.49339   0.00000  -0.49339   0.01976  -0.86282   0.01976  -0.86282
  2.80702   0.00000  -0.49339   0.00000  -0.49339   0.00474  -0.86259   0.00474  -0.86259
  2.85714   0.00000  -0.49339   0.00000  -0.49339   0.00170  -0.86250   0.00170  -0.86250
  2.90727   0.00000  -0.49339   0.00000  -0.49339   0.01657  -0.86167   0.01657  -0.86167
  2.95739   0.00000  -0.49339   0.00000  -0.49339   0.03879  -0.85973   0.03879  -0.85973
  3.00752   0.00000  -0.49339   0.00000  -0.49339   0.05822  -0.85681   0.05822  -0.85681
  3.05764   0.00000  -0.49339   0.00000  -0.49339   0.02122  -0.85574   0.02122  -0.85574
  3.10777   0.00000  -0.49339   0.00000  -0.49339   0.01232  -0.85513   0.01232  -0.85513
  3.15789   0.00000  -0.49339   0.00000  -0.49339   0.01234  -0.85451   0.01234  -0.85451
  3.20802   0.00000  -0.49339   0.00000  -0.49339   0.03321  -0.85284   0.03321  -0.85284
  3.25815   0.00000  -0.49339   0.00000  -0.49339   0.00028  -0.85283   0.00028  -0.85283
  3.30827   0.00000  -0.49339   0.00000  -0.49339  -0.07220  -0.85645  -0.07220  -0.85645
  3.35840   0.00000  -0.49339   0.00000  -0.49339  -0.09374  -0.86115  -0.09374  -0.86115
  3.40852   0.00000  -0.49339   0.00000  -0.49339  -0.02576  -0.86244  -0.02576  -0.86244
  3.45865   0.00000  -0.49339   0.00000  -0.49339   0.01051  -0.86191   0.01051  -0.86191
  3.50877   0.00000  -0.49339   0.00000  -0.49339  -0.02373  -0.86310  -0.02373  -0.86310
  3.55890   0.00000  -0.49339   0.00000  -0.49339   0.03273  -0.86146   0.03273  -0.86146
  3.60902   0.00000  -0.49339   0.00000  -0.49339   0.07496  -0.85770   0.07496  -0.85770
  3.65915   0.00000  -0.49339   0.00000  -0.49339   0.11913  -0.85173   0.11913  -0.85173
  3.70927   0.00000  -0.49339   0.00000  -0.49339   0.20735  -0.84134   0.20735  -0.84134
  3.75940   0.00000  -0.49339   0.00000  -0.49339   0.36367  -0.82311   0.36367  -0.82311
  3.80952   0.00000  -0.49339   0.00000  -0.49339   0.36796  -0.80467   0.36796  -0.80467
  3.85965   0.00000  -0.49339   0.00000  -0.49339   0.75666  -0.76674   0.75666  -0.76674
  3.90977   0.00000  -0.49339   0.00000  -0.49339   0.81494  -0.72589   0.81494  -0.72589
  3.95990   0.00000  -0.49339   0.00000  -0.49339   0.68333  -0.69164   0.68333  -0.69164
  4.01003   0.00000  -0.49339   0.00000  -0.49339   0.80895  -0.65109   0.80895  -0.65109
  4.06015   0.00000  -0.49339   0.00000  -0.49339   1.39163  -0.58133   1.39163  -0.58133
  4.11028   0.00000  -0.49339   0.00000  -0.49339   1.02502  -0.52995   1.02502  -0.52995
  4.16040   0.00000  -0.49339   0.00000  -0.49339   0.35980  -0.51192   0.35980  -0.51192
  4.21053   0.00000  -0.49339   0.00000  -0.49339   0.11509  -0.50615   0.11509  -0.50615
  4.26065   0.00000  -0.49339   0.00000  -0.49339   0.07423  -0.50243   0.07423  -0.50243
  4.31078   0.00000  -0.49339   0.00000  -0.49339   0.04437  -0.50020   0.04437  -0.50020
  4.36090   0.00000  -0.49339   0.00000  -0.49339   0.01635  -0.49938   0.01635  -0.49938
  4.41103   0.00000  -0.49339   0.00000  -0.49339   0.00135  -0.49932   0.00135  -0.49932
  4.46115   0.00000  -0.49339   0.00000  -0.49339   0.00176  -0.49923   0.00176  -0.49923
  4.51128   0.00000  -0.49339   0.00000  -0.49339   0.00000  -0.49923   0.00000  -0.49923
  4.56140   0.00000  -0.49339   0.00000  -0.49339   0.00000  -0.49923   0.00000  -0.49923
  4.61153   0.00000  -0.49339   0.00000  -0.49339   0.00000  -0.49923   0.00000  -0.49923
  4.66165   0.00000  -0.49339   0.00000  -0.49339   0.00000  -0.49923   0.00000  -0.49923
  4.71178   0.00000  -0.49339   0.00000  -0.49339   0.00000  -0.49923   0.00000  -0.49923
  4.76190   0.00000  -0.49339   0.00000  -0.49339   0.00000  -0.49923   0.00000  -0.49923
  4.81203   0.00000  -0.49339   0.00000  -0.49339   0.00000  -0.49923   0.00000  -0.49923
  4.86216   0.00000  -0.49339   0.00000  -0.49339   0.00000  -0.49923   0.00000  -0.49923
  4.91228   0.00000  -0.49339   0.00000  -0.49339   0.00000  -0.49923   0.00000  -0.49923
  4.96241   0.00000  -0.49339   0.00000  -0.49339   0.00000  -0.49923   0.00000  -0.49923
  5.01253   0.00000  -0.49339   0.00000  -0.49339   0.00000  -0.49923   0.00000  -0.49923
  5.06266   0.00000  -0.49339   0.00000  -0.49339   0.00000  -0.49923   0.00000  -0.49923
  5.11278   0.00000  -0.49339   0.00000  -0.49339   0.00000  -0.49923   0.00000  -0.49923
  5.16291   0.00000  -0.49339   0.00000  -0.49339   0.00000  -0.49923   0.00000  -0.49923
  5.21303   0.00000  -0.49339   0.00000  -0.49339   0.00000  -0.49923   0.00000  -0.49923
  5.26316   0.00000  -0.49339   0.00000  -0.49339   0.00000  -0.49923   0.00000  -0.49923
  5.31328   0.00000  -0.49339   0.00000  -0.49339   0.00000  -0.49923   0.00000  -0.49923
  5.36341   0.00000  -0.49339   0.00000  -0.49339   0.00000  -0.49923   0.00000  -0.49923
  5.41353   0.00000  -0.49339   0.00000  -0.49339   0.00000  -0.49923   0.00000  -0.49923
  5.46366   0.00000  -0.49339   0.00000  -0.49339   0.00000  -0.49923   0.00000  -0.49923
  5.51378   0.00000  -0.49339   0.00000  -0.49339   0.00000  -0.49923   0.00000  -0.49923
  5.56391   0.00000  -0.49339   0.00000  -0.49339   0.00000  -0.49923   0.00000  -0.49923
  5.61404   0.00000  -0.49339   0.00000  -0.49339   0.00000  -0.49923   0.00000  -0.49923
  5.66416   0.00000  -0.49339   0.00000  -0.49339   0.00000  -0.49923   0.00000  -0.49923
  5.71429   0.00000  -0.49339   0.00000  -0.49339   0.00000  -0.49923   0.00000  -0.49923
  5.76441   0.00000  -0.49339   0.00000  -0.49339   0.00000  -0.49923   0.00000  -0.49923
  5.81454   0.00000  -0.49339   0.00000  -0.49339   0.00000  -0.49923   0.00000  -0.49923
  5.86466   0.00000  -0.49339   0.00000  -0.49339   0.00000  -0.49923   0.00000  -0.49923
  5.91479   0.00000  -0.49339   0.00000  -0.49339   0.00000  -0.49923   0.00000  -0.49923
  5.96491   0.00027  -0.49337   0.00027  -0.49337   0.00000  -0.49923   0.00000  -0.49923
  6.01504   0.00372  -0.49319   0.00372  -0.49319   0.00000  -0.49923   0.00000  -0.49923
  6.06516   0.01036  -0.49267   0.01036  -0.49267   0.00000  -0.49923   0.00000  -0.49923
  6.11529   0.01748  -0.49179   0.01748  -0.49179   0.00000  -0.49923   0.00000  -0.49923
  6.16541   0.01912  -0.49083   0.01912  -0.49083   0.00000  -0.49923   0.00000  -0.49923
  6.21554   0.01773  -0.48994   0.01773  -0.48994   0.00061  -0.49920   0.00061  -0.49920
  6.26566   0.01890  -0.48900   0.01890  -0.48900   0.00532  -0.49893   0.00532  -0.49893
  6.31579   0.02580  -0.48770   0.02580  -0.48770   0.01260  -0.49830   0.01260  -0.49830
  6.36591   0.03798  -0.48580   0.03798  -0.48580   0.01920  -0.49734   0.01920  -0.49734
  6.41604   0.06068  -0.48276   0.06068  -0.48276   0.01896  -0.49639   0.01896  -0.49639
  6.46617   0.09670  -0.47791   0.09670  -0.47791   0.01794  -0.49549   0.01794  -0.49549
  6.51629   0.09209  -0.47329   0.09209  -0.47329   0.02184  -0.49439   0.02184  -0.49439
  6.56642   0.08736  -0.46892   0.08736  -0.46892   0.03177  -0.49280   0.03177  -0.49280
  6.61654   0.08328  -0.46474   0.08328  -0.46474   0.04823  -0.49038   0.04823  -0.49038
  6.66667   0.07798  -0.46083   0.07798  -0.46083   0.08752  -0.48600   0.08752  -0.48600
  6.71679   0.07598  -0.45702   0.07598  -0.45702   0.09626  -0.48117   0.09626  -0.48117
  6.76692   0.09702  -0.45216   0.09702  -0.45216   0.08729  -0.47680   0.08729  -0.47680
  6.81704   0.19546  -0.44236   0.19546  -0.44236   0.08423  -0.47257   0.08423  -0.47257
  6.86717   0.23549  -0.43056   0.23549  -0.43056   0.07780  -0.46867   0.07780  -0.46867
  6.91729   0.21054  -0.42001   0.21054  -0.42001   0.07446  -0.46494   0.07446  -0.46494
  6.96742   0.18603  -0.41068   0.18603  -0.41068   0.08199  -0.46083   0.08199  -0.46083
  7.01754   0.18075  -0.40162   0.18075  -0.40162   0.16379  -0.45262   0.16379  -0.45262
  7.06767   0.18278  -0.39246   0.18278  -0.39246   0.22387  -0.44140   0.22387  -0.44140
  7.11779   0.18322  -0.38328   0.18322  -0.38328   0.20694  -0.43103   0.20694  -0.43103
  7.16792   0.19088  -0.37371   0.19088  -0.37371   0.16896  -0.42256   0.16896  -0.42256
  7.21805   0.21841  -0.36276   0.21841  -0.36276   0.16212  -0.41443   0.16212  -0.41443
  7.26817   0.24455  -0.35050   0.24455  -0.35050   0.17238  -0.40579   0.17238  -0.40579
  7.31830   0.24478  -0.33823   0.24478  -0.33823   0.17666  -0.39694   0.17666  -0.39694
  7.36842   0.23494  -0.32645   0.23494  -0.32645   0.17971  -0.38793   0.17971  -0.38793
  7.41855   0.23451  -0.31470   0.23451  -0.31470   0.18620  -0.37859   0.18620  -0.37859
  7.46867   0.20532  -0.30441   0.20532  -0.30441   0.19912  -0.36861   0.19912  -0.36861
  7.51880   0.18806  -0.29498   0.18806  -0.29498   0.24002  -0.35658   0.24002  -0.35658
  7.56892   0.25181  -0.28236   0.25181  -0.28236   0.24393  -0.34436   0.24393  -0.34436
  7.61905   0.38124  -0.26325   0.38124  -0.26325   0.24128  -0.33226   0.24128  -0.33226
  7.66917   0.26385  -0.25002   0.26385  -0.25002   0.22103  -0.32118   0.22103  -0.32118
  7.71930   0.11834  -0.24409   0.11834  -0.24409   0.19514  -0.31140   0.19514  -0.31140
  7.76942   0.11257  -0.23845   0.11257  -0.23845   0.19221  -0.30177   0.19221  -0.30177
  7.81955   0.12542  -0.23216   0.12542  -0.23216   0.26468  -0.28850   0.26468  -0.28850
  7.86967   0.13226  -0.22553   0.13226  -0.22553   0.39864  -0.26852   0.39864  -0.26852
  7.91980   0.13374  -0.21883   0.13374  -0.21883   0.15944  -0.26052   0.15944  -0.26052
  7.96992   0.10770  -0.21343   0.10770  -0.21343   0.09925  -0.25555   0.09925  -0.25555
  8.02005   0.11773  -0.20753   0.11773  -0.20753   0.12630  -0.24922   0.12630  -0.24922
  8.07018   0.10962  -0.20204   0.10962  -0.20204   0.13240  -0.24258   0.13240  -0.24258
  8.12030   0.09405  -0.19732   0.09405  -0.19732   0.10548  -0.23730   0.10548  -0.23730
  8.17043   0.08111  -0.19325   0.08111  -0.19325   0.12652  -0.23095   0.12652  -0.23095
  8.22055   0.08528  -0.18898   0.08528  -0.18898   0.15325  -0.22327   0.15325  -0.22327
  8.27068   0.11789  -0.18307   0.11789  -0.18307   0.12125  -0.21719   0.12125  -0.21719
  8.32080   0.10383  -0.17787   0.10383  -0.17787   0.08932  -0.21272   0.08932  -0.21272
  8.37093   0.10202  -0.17275   0.10202  -0.17275   0.08868  -0.20827   0.08868  -0.20827
  8.42105   0.08400  -0.16854   0.08400  -0.16854   0.10352  -0.20308   0.10352  -0.20308
  8.47118   0.08300  -0.16438   0.08300  -0.16438   0.09861  -0.19814   0.09861  -0.19814
  8.52130   0.08355  -0.16019   0.08355  -0.16019   0.10152  -0.19305   0.10152  -0.19305
  8.57143   0.07245  -0.15656   0.07245  -0.15656   0.07791  -0.18915   0.07791  -0.18915
  8.62155   0.10044  -0.15153   0.10044  -0.15153   0.08901  -0.18468   0.08901  -0.18468
  8.67168   0.08476  -0.14728   0.08476  -0.14728   0.07958  -0.18070   0.07958  -0.18070
  8.72180   0.07228  -0.14366   0.07228  -0.14366   0.07994  -0.17669   0.07994  -0.17669
  8.77193   0.05188  -0.14106   0.05188  -0.14106   0.07772  -0.17279   0.07772  -0.17279
  8.82206   0.09047  -0.13652   0.09047  -0.13652   0.09939  -0.16781   0.09939  -0.16781
  8.87218   0.07653  -0.13268   0.07653  -0.13268   0.07337  -0.16413   0.07337  -0.16413
  8.92231   0.06106  -0.12962   0.06106  -0.12962   0.06521  -0.16086   0.06521  -0.16086
  8.97243   0.05864  -0.12668   0.05864  -0.12668   0.09754  -0.15598   0.09754  -0.15598
  9.02256   0.05200  -0.12408   0.05200  -0.12408   0.07956  -0.15199   0.07956  -0.15199
  9.07268   0.04470  -0.12184   0.04470  -0.12184   0.07703  -0.14813   0.07703  -0.14813
  9.12281   0.06533  -0.11856   0.06533  -0.11856   0.07098  -0.14457   0.07098  -0.14457
  9.17293   0.05790  -0.11566   0.05790  -0.11566   0.06559  -0.14128   0.06559  -0.14128
  9.22306   0.07864  -0.11172   0.07864  -0.11172   0.05062  -0.13874   0.05062  -0.13874
  9.27318   0.08979  -0.10722   0.08979  -0.10722   0.05730  -0.13587   0.05730  -0.13587
  9.32331   0.07799  -0.10331   0.07799  -0.10331   0.05461  -0.13313   0.05461  -0.13313
  9.37343   0.06061  -0.10027   0.06061  -0.10027   0.08708  -0.12877   0.08708  -0.12877
  9.42356   0.05278  -0.09762   0.05278  -0.09762   0.09281  -0.12412   0.09281  -0.12412
  9.47368   0.06316  -0.09446   0.06316  -0.09446   0.06896  -0.12066   0.06896  -0.12066
  9.52381   0.06937  -0.09098   0.06937  -0.09098   0.06283  -0.11751   0.06283  -0.11751
  9.57393   0.07113  -0.08742   0.07113  -0.08742   0.06400  -0.11430   0.06400  -0.11430
  9.62406   0.07308  -0.08375   0.07308  -0.08375   0.07820  -0.11038   0.07820  -0.11038
  9.67419   0.06723  -0.08038   0.06723  -0.08038   0.08395  -0.10618   0.08395  -0.10618
  9.72431   0.07492  -0.07663   0.07492  -0.07663   0.08754  -0.10179   0.08754  -0.10179
  9.77444   0.08144  -0.07255   0.08144  -0.07255   0.08282  -0.09764   0.08282  -0.09764
  9.82456   0.08020  -0.06853   0.08020  -0.06853   0.07616  -0.09382   0.07616  -0.09382
  9.87469   0.06653  -0.06519   0.06653  -0.06519   0.06654  -0.09048   0.06654  -0.09048
  9.92481   0.09485  -0.06044   0.09485  -0.06044   0.08022  -0.08646   0.08022  -0.08646
  9.97494   0.07741  -0.05656   0.07741  -0.05656   0.08567  -0.08217   0.08567  -0.08217
 10.02506   0.06621  -0.05324   0.06621  -0.05324   0.07929  -0.07819   0.07929  -0.07819