ESCALE ; pCOHP file generated by LOBSTER. Energy is shifted such that the Fermi level lies at 0 eV.
         2          2        401  -6.04511e+00   1.40050e+01   3.97995e+00 
Average
No.1:Mn38->O95(8.4988771572270831)
-10.02506   0.00000  -0.00006   0.00000  -0.00006   0.00000  -0.00006   0.00000  -0.00006
 -9.97494   0.00000  -0.00006   0.00000  -0.00006   0.00000  -0.00006   0.00000  -0.00006
 -9.92481   0.00000  -0.00006   0.00000  -0.00006   0.00000  -0.00006   0.00000  -0.00006
 -9.87469   0.00000  -0.00006   0.00000  -0.00006   0.00000  -0.00006   0.00000  -0.00006
 -9.82456   0.00000  -0.00006   0.00000  -0.00006   0.00000  -0.00006   0.00000  -0.00006
 -9.77444   0.00000  -0.00006   0.00000  -0.00006   0.00000  -0.00006   0.00000  -0.00006
 -9.72431   0.00000  -0.00006   0.00000  -0.00006   0.00000  -0.00006   0.00000  -0.00006
 -9.67419   0.00000  -0.00006   0.00000  -0.00006   0.00000  -0.00006   0.00000  -0.00006
 -9.62406   0.00000  -0.00006   0.00000  -0.00006   0.00000  -0.00006   0.00000  -0.00006
 -9.57393   0.00000  -0.00006   0.00000  -0.00006   0.00000  -0.00006   0.00000  -0.00006
 -9.52381   0.00000  -0.00006   0.00000  -0.00006   0.00000  -0.00006   0.00000  -0.00006
 -9.47368   0.00000  -0.00006   0.00000  -0.00006   0.00000  -0.00006   0.00000  -0.00006
 -9.42356   0.00000  -0.00006   0.00000  -0.00006   0.00000  -0.00006   0.00000  -0.00006
 -9.37343   0.00000  -0.00006   0.00000  -0.00006   0.00000  -0.00006   0.00000  -0.00006
 -9.32331   0.00000  -0.00006   0.00000  -0.00006   0.00000  -0.00006   0.00000  -0.00006
 -9.27318   0.00000  -0.00006   0.00000  -0.00006   0.00000  -0.00006   0.00000  -0.00006
 -9.22306   0.00000  -0.00006   0.00000  -0.00006   0.00000  -0.00006   0.00000  -0.00006
 -9.17293   0.00000  -0.00006   0.00000  -0.00006   0.00000  -0.00006   0.00000  -0.00006
 -9.12281   0.00000  -0.00006   0.00000  -0.00006   0.00000  -0.00006   0.00000  -0.00006
 -9.07268   0.00000  -0.00006   0.00000  -0.00006   0.00000  -0.00006   0.00000  -0.00006
 -9.02256   0.00000  -0.00006   0.00000  -0.00006   0.00000  -0.00006   0.00000  -0.00006
 -8.97243   0.00000  -0.00006   0.00000  -0.00006   0.00000  -0.00006   0.00000  -0.00006
 -8.92231   0.00000  -0.00006   0.00000  -0.00006   0.00000  -0.00006   0.00000  -0.00006
 -8.87218   0.00000  -0.00006   0.00000  -0.00006   0.00000  -0.00006   0.00000  -0.00006
 -8.82206   0.00000  -0.00006   0.00000  -0.00006   0.00000  -0.00006   0.00000  -0.00006
 -8.77193  -0.00000  -0.00006  -0.00000  -0.00006   0.00000  -0.00006   0.00000  -0.00006
 -8.72180   0.00000  -0.00006   0.00000  -0.00006   0.00000  -0.00006   0.00000  -0.00006
 -8.67168  -0.00000  -0.00006  -0.00000  -0.00006   0.00000  -0.00006   0.00000  -0.00006
 -8.62155  -0.00000  -0.00006  -0.00000  -0.00006   0.00000  -0.00006   0.00000  -0.00006
 -8.57143  -0.00000  -0.00006  -0.00000  -0.00006   0.00000  -0.00006   0.00000  -0.00006
 -8.52130  -0.00000  -0.00006  -0.00000  -0.00006   0.00000  -0.00006   0.00000  -0.00006
 -8.47118  -0.00000  -0.00006  -0.00000  -0.00006   0.00000  -0.00006   0.00000  -0.00006
 -8.42105  -0.00000  -0.00006  -0.00000  -0.00006   0.00000  -0.00006   0.00000  -0.00006
 -8.37093  -0.00000  -0.00006  -0.00000  -0.00006   0.00000  -0.00006   0.00000  -0.00006
 -8.32080  -0.00000  -0.00006  -0.00000  -0.00006   0.00000  -0.00006   0.00000  -0.00006
 -8.27068  -0.00000  -0.00006  -0.00000  -0.00006   0.00000  -0.00006   0.00000  -0.00006
 -8.22055  -0.00000  -0.00006  -0.00000  -0.00006   0.00000  -0.00006   0.00000  -0.00006
 -8.17043  -0.00000  -0.00006  -0.00000  -0.00006   0.00000  -0.00006   0.00000  -0.00006
 -8.12030  -0.00000  -0.00006  -0.00000  -0.00006   0.00000  -0.00006   0.00000  -0.00006
 -8.07018  -0.00000  -0.00006  -0.00000  -0.00006   0.00000  -0.00006   0.00000  -0.00006
 -8.02005  -0.00000  -0.00006  -0.00000  -0.00006   0.00000  -0.00006   0.00000  -0.00006
 -7.96992  -0.00000  -0.00006  -0.00000  -0.00006   0.00000  -0.00006   0.00000  -0.00006
 -7.91980  -0.00000  -0.00006  -0.00000  -0.00006   0.00000  -0.00006   0.00000  -0.00006
 -7.86967  -0.00000  -0.00006  -0.00000  -0.00006   0.00000  -0.00006   0.00000  -0.00006
 -7.81955  -0.00000  -0.00006  -0.00000  -0.00006   0.00000  -0.00006   0.00000  -0.00006
 -7.76942  -0.00000  -0.00006  -0.00000  -0.00006   0.00000  -0.00006   0.00000  -0.00006
 -7.71930  -0.00000  -0.00006  -0.00000  -0.00006   0.00000  -0.00006   0.00000  -0.00006
 -7.66917  -0.00000  -0.00006  -0.00000  -0.00006   0.00000  -0.00006   0.00000  -0.00006
 -7.61905  -0.00000  -0.00006  -0.00000  -0.00006   0.00000  -0.00006   0.00000  -0.00006
 -7.56892  -0.00000  -0.00006  -0.00000  -0.00006  -0.00000  -0.00006  -0.00000  -0.00006
 -7.51880  -0.00000  -0.00006  -0.00000  -0.00006  -0.00000  -0.00006  -0.00000  -0.00006
 -7.46867  -0.00000  -0.00006  -0.00000  -0.00006  -0.00000  -0.00006  -0.00000  -0.00006
 -7.41855  -0.00000  -0.00006  -0.00000  -0.00006  -0.00000  -0.00006  -0.00000  -0.00006
 -7.36842  -0.00000  -0.00006  -0.00000  -0.00006  -0.00000  -0.00006  -0.00000  -0.00006
 -7.31830  -0.00000  -0.00006  -0.00000  -0.00006  -0.00000  -0.00006  -0.00000  -0.00006
 -7.26817  -0.00000  -0.00006  -0.00000  -0.00006  -0.00000  -0.00006  -0.00000  -0.00006
 -7.21805  -0.00000  -0.00006  -0.00000  -0.00006  -0.00000  -0.00006  -0.00000  -0.00006
 -7.16792  -0.00000  -0.00006  -0.00000  -0.00006  -0.00000  -0.00006  -0.00000  -0.00006
 -7.11779  -0.00000  -0.00006  -0.00000  -0.00006  -0.00000  -0.00006  -0.00000  -0.00006
 -7.06767  -0.00000  -0.00006  -0.00000  -0.00006  -0.00000  -0.00006  -0.00000  -0.00006
 -7.01754  -0.00001  -0.00006  -0.00001  -0.00006  -0.00000  -0.00006  -0.00000  -0.00006
 -6.96742  -0.00002  -0.00006  -0.00002  -0.00006  -0.00000  -0.00006  -0.00000  -0.00006
 -6.91729  -0.00003  -0.00006  -0.00003  -0.00006  -0.00000  -0.00006  -0.00000  -0.00006
 -6.86717  -0.00007  -0.00006  -0.00007  -0.00006  -0.00000  -0.00006  -0.00000  -0.00006
 -6.81704  -0.00011  -0.00007  -0.00011  -0.00007  -0.00000  -0.00006  -0.00000  -0.00006
 -6.76692  -0.00017  -0.00008  -0.00017  -0.00008  -0.00001  -0.00006  -0.00001  -0.00006
 -6.71679  -0.00024  -0.00009  -0.00024  -0.00009  -0.00001  -0.00006  -0.00001  -0.00006
 -6.66667  -0.00029  -0.00010  -0.00029  -0.00010  -0.00003  -0.00006  -0.00003  -0.00006
 -6.61654  -0.00031  -0.00012  -0.00031  -0.00012  -0.00005  -0.00006  -0.00005  -0.00006
 -6.56642  -0.00029  -0.00013  -0.00029  -0.00013  -0.00008  -0.00006  -0.00008  -0.00006
 -6.51629  -0.00023  -0.00014  -0.00023  -0.00014  -0.00011  -0.00007  -0.00011  -0.00007
 -6.46617  -0.00016  -0.00015  -0.00016  -0.00015  -0.00015  -0.00008  -0.00015  -0.00008
 -6.41604  -0.00008  -0.00016  -0.00008  -0.00016  -0.00018  -0.00009  -0.00018  -0.00009
 -6.36591  -0.00001  -0.00016  -0.00001  -0.00016  -0.00020  -0.00010  -0.00020  -0.00010
 -6.31579   0.00004  -0.00015   0.00004  -0.00015  -0.00020  -0.00011  -0.00020  -0.00011
 -6.26566   0.00009  -0.00015   0.00009  -0.00015  -0.00018  -0.00012  -0.00018  -0.00012
 -6.21554   0.00014  -0.00014   0.00014  -0.00014  -0.00015  -0.00012  -0.00015  -0.00012
 -6.16541   0.00018  -0.00013   0.00018  -0.00013  -0.00012  -0.00013  -0.00012  -0.00013
 -6.11529   0.00023  -0.00012   0.00023  -0.00012  -0.00009  -0.00013  -0.00009  -0.00013
 -6.06516   0.00027  -0.00011   0.00027  -0.00011  -0.00006  -0.00014  -0.00006  -0.00014
 -6.01504   0.00031  -0.00009   0.00031  -0.00009  -0.00005  -0.00014  -0.00005  -0.00014
 -5.96491   0.00034  -0.00008   0.00034  -0.00008  -0.00006  -0.00014  -0.00006  -0.00014
 -5.91479   0.00035  -0.00006   0.00035  -0.00006  -0.00008  -0.00015  -0.00008  -0.00015
 -5.86466   0.00035  -0.00004   0.00035  -0.00004  -0.00011  -0.00015  -0.00011  -0.00015
 -5.81454   0.00032  -0.00003   0.00032  -0.00003  -0.00014  -0.00016  -0.00014  -0.00016
 -5.76441   0.00029  -0.00001   0.00029  -0.00001  -0.00015  -0.00017  -0.00015  -0.00017
 -5.71429   0.00028   0.00000   0.00028   0.00000  -0.00012  -0.00017  -0.00012  -0.00017
 -5.66416   0.00028   0.00002   0.00028   0.00002  -0.00007  -0.00018  -0.00007  -0.00018
 -5.61404   0.00029   0.00003   0.00029   0.00003   0.00002  -0.00018   0.00002  -0.00018
 -5.56391   0.00028   0.00005   0.00028   0.00005   0.00011  -0.00017   0.00011  -0.00017
 -5.51378   0.00023   0.00006   0.00023   0.00006   0.00019  -0.00016   0.00019  -0.00016
 -5.46366   0.00013   0.00006   0.00013   0.00006   0.00026  -0.00015   0.00026  -0.00015
 -5.41353  -0.00003   0.00006  -0.00003   0.00006   0.00032  -0.00013   0.00032  -0.00013
 -5.36341  -0.00021   0.00005  -0.00021   0.00005   0.00038  -0.00011   0.00038  -0.00011
 -5.31328  -0.00038   0.00003  -0.00038   0.00003   0.00045  -0.00009   0.00045  -0.00009
 -5.26316  -0.00049   0.00001  -0.00049   0.00001   0.00054  -0.00006   0.00054  -0.00006
 -5.21303  -0.00053  -0.00002  -0.00053  -0.00002   0.00065  -0.00003   0.00065  -0.00003
 -5.16291  -0.00048  -0.00004  -0.00048  -0.00004   0.00077   0.00001   0.00077   0.00001
 -5.11278  -0.00034  -0.00006  -0.00034  -0.00006   0.00088   0.00005   0.00088   0.00005
 -5.06266  -0.00016  -0.00007  -0.00016  -0.00007   0.00094   0.00010   0.00094   0.00010
 -5.01253   0.00002  -0.00007   0.00002  -0.00007   0.00093   0.00015   0.00093   0.00015
 -4.96241   0.00016  -0.00006   0.00016  -0.00006   0.00084   0.00019   0.00084   0.00019
 -4.91228   0.00023  -0.00005   0.00023  -0.00005   0.00067   0.00022   0.00067   0.00022
 -4.86216   0.00022  -0.00004   0.00022  -0.00004   0.00043   0.00024   0.00043   0.00024
 -4.81203   0.00015  -0.00003   0.00015  -0.00003   0.00016   0.00025   0.00016   0.00025
 -4.76190   0.00006  -0.00003   0.00006  -0.00003  -0.00012   0.00025  -0.00012   0.00025
 -4.71178  -0.00003  -0.00003  -0.00003  -0.00003  -0.00036   0.00023  -0.00036   0.00023
 -4.66165  -0.00013  -0.00003  -0.00013  -0.00003  -0.00056   0.00020  -0.00056   0.00020
 -4.61153  -0.00022  -0.00004  -0.00022  -0.00004  -0.00070   0.00016  -0.00070   0.00016
 -4.56140  -0.00030  -0.00006  -0.00030  -0.00006  -0.00077   0.00013  -0.00077   0.00013
 -4.51128  -0.00035  -0.00008  -0.00035  -0.00008  -0.00079   0.00009  -0.00079   0.00009
 -4.46115  -0.00037  -0.00010  -0.00037  -0.00010  -0.00078   0.00005  -0.00078   0.00005
 -4.41103  -0.00035  -0.00011  -0.00035  -0.00011  -0.00076   0.00001  -0.00076   0.00001
 -4.36090  -0.00032  -0.00013  -0.00032  -0.00013  -0.00074  -0.00003  -0.00074  -0.00003
 -4.31078  -0.00027  -0.00014  -0.00027  -0.00014  -0.00072  -0.00006  -0.00072  -0.00006
 -4.26065  -0.00023  -0.00015  -0.00023  -0.00015  -0.00068  -0.00010  -0.00068  -0.00010
 -4.21053  -0.00020  -0.00016  -0.00020  -0.00016  -0.00063  -0.00013  -0.00063  -0.00013
 -4.16040  -0.00019  -0.00017  -0.00019  -0.00017  -0.00056  -0.00016  -0.00056  -0.00016
 -4.11028  -0.00021  -0.00018  -0.00021  -0.00018  -0.00051  -0.00018  -0.00051  -0.00018
 -4.06015  -0.00024  -0.00020  -0.00024  -0.00020  -0.00047  -0.00021  -0.00047  -0.00021
 -4.01003  -0.00029  -0.00021  -0.00029  -0.00021  -0.00047  -0.00023  -0.00047  -0.00023
 -3.95990  -0.00035  -0.00023  -0.00035  -0.00023  -0.00049  -0.00025  -0.00049  -0.00025
 -3.90977  -0.00042  -0.00025  -0.00042  -0.00025  -0.00052  -0.00028  -0.00052  -0.00028
 -3.85965  -0.00050  -0.00027  -0.00050  -0.00027  -0.00055  -0.00031  -0.00055  -0.00031
 -3.80952  -0.00060  -0.00030  -0.00060  -0.00030  -0.00056  -0.00034  -0.00056  -0.00034
 -3.75940  -0.00071  -0.00034  -0.00071  -0.00034  -0.00054  -0.00036  -0.00054  -0.00036
 -3.70927  -0.00083  -0.00038  -0.00083  -0.00038  -0.00050  -0.00039  -0.00050  -0.00039
 -3.65915  -0.00092  -0.00043  -0.00092  -0.00043  -0.00043  -0.00041  -0.00043  -0.00041
 -3.60902  -0.00097  -0.00048  -0.00097  -0.00048  -0.00037  -0.00043  -0.00037  -0.00043
 -3.55890  -0.00096  -0.00052  -0.00096  -0.00052  -0.00031  -0.00044  -0.00031  -0.00044
 -3.50877  -0.00088  -0.00057  -0.00088  -0.00057  -0.00028  -0.00046  -0.00028  -0.00046
 -3.45865  -0.00073  -0.00061  -0.00073  -0.00061  -0.00029  -0.00047  -0.00029  -0.00047
 -3.40852  -0.00052  -0.00063  -0.00052  -0.00063  -0.00035  -0.00049  -0.00035  -0.00049
 -3.35840  -0.00025  -0.00064  -0.00025  -0.00064  -0.00044  -0.00051  -0.00044  -0.00051
 -3.30827   0.00005  -0.00064   0.00005  -0.00064  -0.00056  -0.00054  -0.00056  -0.00054
 -3.25815   0.00036  -0.00062   0.00036  -0.00062  -0.00065  -0.00057  -0.00065  -0.00057
 -3.20802   0.00062  -0.00059   0.00062  -0.00059  -0.00068  -0.00061  -0.00068  -0.00061
 -3.15789   0.00081  -0.00055   0.00081  -0.00055  -0.00060  -0.00064  -0.00060  -0.00064
 -3.10777   0.00089  -0.00051   0.00089  -0.00051  -0.00043  -0.00066  -0.00043  -0.00066
 -3.05764   0.00086  -0.00046   0.00086  -0.00046  -0.00019  -0.00067  -0.00019  -0.00067
 -3.00752   0.00073  -0.00043   0.00073  -0.00043   0.00007  -0.00066   0.00007  -0.00066
 -2.95739   0.00054  -0.00040   0.00054  -0.00040   0.00027  -0.00065   0.00027  -0.00065
 -2.90727   0.00035  -0.00038   0.00035  -0.00038   0.00041  -0.00063   0.00041  -0.00063
 -2.85714   0.00020  -0.00037   0.00020  -0.00037   0.00047  -0.00061   0.00047  -0.00061
 -2.80702   0.00011  -0.00037   0.00011  -0.00037   0.00047  -0.00058   0.00047  -0.00058
 -2.75689   0.00007  -0.00036   0.00007  -0.00036   0.00045  -0.00056   0.00045  -0.00056
 -2.70677   0.00006  -0.00036   0.00006  -0.00036   0.00041  -0.00054   0.00041  -0.00054
 -2.65664   0.00006  -0.00036   0.00006  -0.00036   0.00037  -0.00052   0.00037  -0.00052
 -2.60652   0.00004  -0.00036   0.00004  -0.00036   0.00032  -0.00051   0.00032  -0.00051
 -2.55639  -0.00001  -0.00036  -0.00001  -0.00036   0.00028  -0.00049   0.00028  -0.00049
 -2.50627  -0.00009  -0.00036  -0.00009  -0.00036   0.00022  -0.00048   0.00022  -0.00048
 -2.45614  -0.00018  -0.00037  -0.00018  -0.00037   0.00013  -0.00047   0.00013  -0.00047
 -2.40602  -0.00027  -0.00038  -0.00027  -0.00038   0.00003  -0.00047   0.00003  -0.00047
 -2.35589  -0.00034  -0.00040  -0.00034  -0.00040  -0.00010  -0.00048  -0.00010  -0.00048
 -2.30576  -0.00039  -0.00042  -0.00039  -0.00042  -0.00023  -0.00049  -0.00023  -0.00049
 -2.25564  -0.00040  -0.00044  -0.00040  -0.00044  -0.00032  -0.00051  -0.00032  -0.00051
 -2.20551  -0.00039  -0.00046  -0.00039  -0.00046  -0.00036  -0.00052  -0.00036  -0.00052
 -2.15539  -0.00035  -0.00048  -0.00035  -0.00048  -0.00033  -0.00054  -0.00033  -0.00054
 -2.10526  -0.00030  -0.00049  -0.00030  -0.00049  -0.00026  -0.00055  -0.00026  -0.00055
 -2.05514  -0.00023  -0.00050  -0.00023  -0.00050  -0.00015  -0.00056  -0.00015  -0.00056
 -2.00501  -0.00017  -0.00051  -0.00017  -0.00051  -0.00006  -0.00056  -0.00006  -0.00056
 -1.95489  -0.00011  -0.00052  -0.00011  -0.00052   0.00000  -0.00056   0.00000  -0.00056
 -1.90476  -0.00006  -0.00052  -0.00006  -0.00052   0.00003  -0.00056   0.00003  -0.00056
 -1.85464  -0.00002  -0.00052  -0.00002  -0.00052   0.00002  -0.00056   0.00002  -0.00056
 -1.80451   0.00000  -0.00052   0.00000  -0.00052  -0.00000  -0.00056  -0.00000  -0.00056
 -1.75439  -0.00000  -0.00052  -0.00000  -0.00052  -0.00003  -0.00056  -0.00003  -0.00056
 -1.70426  -0.00003  -0.00052  -0.00003  -0.00052  -0.00006  -0.00056  -0.00006  -0.00056
 -1.65414  -0.00007  -0.00053  -0.00007  -0.00053  -0.00008  -0.00057  -0.00008  -0.00057
 -1.60401  -0.00013  -0.00053  -0.00013  -0.00053  -0.00010  -0.00057  -0.00010  -0.00057
 -1.55388  -0.00019  -0.00054  -0.00019  -0.00054  -0.00011  -0.00058  -0.00011  -0.00058
 -1.50376  -0.00025  -0.00056  -0.00025  -0.00056  -0.00012  -0.00059  -0.00012  -0.00059
 -1.45363  -0.00028  -0.00057  -0.00028  -0.00057  -0.00012  -0.00059  -0.00012  -0.00059
 -1.40351  -0.00028  -0.00058  -0.00028  -0.00058  -0.00012  -0.00060  -0.00012  -0.00060
 -1.35338  -0.00024  -0.00060  -0.00024  -0.00060  -0.00012  -0.00060  -0.00012  -0.00060
 -1.30326  -0.00019  -0.00060  -0.00019  -0.00060  -0.00013  -0.00061  -0.00013  -0.00061
 -1.25313  -0.00012  -0.00061  -0.00012  -0.00061  -0.00013  -0.00062  -0.00013  -0.00062
 -1.20301  -0.00005  -0.00061  -0.00005  -0.00061  -0.00013  -0.00062  -0.00013  -0.00062
 -1.15288   0.00001  -0.00061   0.00001  -0.00061  -0.00012  -0.00063  -0.00012  -0.00063
 -1.10276   0.00006  -0.00061   0.00006  -0.00061  -0.00010  -0.00063  -0.00010  -0.00063
 -1.05263   0.00010  -0.00060   0.00010  -0.00060  -0.00006  -0.00064  -0.00006  -0.00064
 -1.00251   0.00013  -0.00060   0.00013  -0.00060  -0.00002  -0.00064  -0.00002  -0.00064
 -0.95238   0.00015  -0.00059   0.00015  -0.00059   0.00002  -0.00064   0.00002  -0.00064
 -0.90226   0.00017  -0.00058   0.00017  -0.00058   0.00005  -0.00063   0.00005  -0.00063
 -0.85213   0.00018  -0.00057   0.00018  -0.00057   0.00008  -0.00063   0.00008  -0.00063
 -0.80201   0.00018  -0.00056   0.00018  -0.00056   0.00009  -0.00063   0.00009  -0.00063
 -0.75188   0.00017  -0.00056   0.00017  -0.00056   0.00010  -0.00062   0.00010  -0.00062
 -0.70175   0.00015  -0.00055   0.00015  -0.00055   0.00009  -0.00062   0.00009  -0.00062
 -0.65163   0.00012  -0.00054   0.00012  -0.00054   0.00008  -0.00061   0.00008  -0.00061
 -0.60150   0.00009  -0.00054   0.00009  -0.00054   0.00006  -0.00061   0.00006  -0.00061
 -0.55138   0.00005  -0.00053   0.00005  -0.00053   0.00005  -0.00061   0.00005  -0.00061
 -0.50125   0.00001  -0.00053   0.00001  -0.00053   0.00003  -0.00061   0.00003  -0.00061
 -0.45113  -0.00002  -0.00054  -0.00002  -0.00054   0.00002  -0.00060   0.00002  -0.00060
 -0.40100  -0.00004  -0.00054  -0.00004  -0.00054   0.00001  -0.00060   0.00001  -0.00060
 -0.35088  -0.00006  -0.00054  -0.00006  -0.00054   0.00000  -0.00060   0.00000  -0.00060
 -0.30075  -0.00008  -0.00054  -0.00008  -0.00054   0.00000  -0.00060   0.00000  -0.00060
 -0.25063  -0.00009  -0.00055  -0.00009  -0.00055   0.00000  -0.00060   0.00000  -0.00060
 -0.20050  -0.00009  -0.00055  -0.00009  -0.00055   0.00000  -0.00060   0.00000  -0.00060
 -0.15038  -0.00009  -0.00056  -0.00009  -0.00056   0.00000  -0.00060   0.00000  -0.00060
 -0.10025  -0.00008  -0.00056  -0.00008  -0.00056   0.00000  -0.00060   0.00000  -0.00060
 -0.05013  -0.00006  -0.00057  -0.00006  -0.00057   0.00000  -0.00060   0.00000  -0.00060
  0.00000  -0.00005  -0.00057  -0.00005  -0.00057   0.00000  -0.00060   0.00000  -0.00060
  0.05013  -0.00003  -0.00057  -0.00003  -0.00057   0.00000  -0.00060   0.00000  -0.00060
  0.10025  -0.00002  -0.00057  -0.00002  -0.00057   0.00000  -0.00060   0.00000  -0.00060
  0.15038  -0.00001  -0.00057  -0.00001  -0.00057   0.00000  -0.00060   0.00000  -0.00060
  0.20050  -0.00001  -0.00057  -0.00001  -0.00057   0.00000  -0.00060   0.00000  -0.00060
  0.25063  -0.00000  -0.00057  -0.00000  -0.00057   0.00000  -0.00060   0.00000  -0.00060
  0.30075  -0.00000  -0.00057  -0.00000  -0.00057   0.00000  -0.00060   0.00000  -0.00060
  0.35088  -0.00000  -0.00057  -0.00000  -0.00057   0.00000  -0.00060   0.00000  -0.00060
  0.40100  -0.00000  -0.00057  -0.00000  -0.00057   0.00000  -0.00060   0.00000  -0.00060
  0.45113  -0.00000  -0.00057  -0.00000  -0.00057   0.00000  -0.00060   0.00000  -0.00060
  0.50125  -0.00000  -0.00057  -0.00000  -0.00057   0.00000  -0.00060   0.00000  -0.00060
  0.55138   0.00000  -0.00057   0.00000  -0.00057   0.00000  -0.00060   0.00000  -0.00060
  0.60150   0.00000  -0.00057   0.00000  -0.00057   0.00000  -0.00060   0.00000  -0.00060
  0.65163   0.00000  -0.00057   0.00000  -0.00057   0.00000  -0.00060   0.00000  -0.00060
  0.70175   0.00001  -0.00057   0.00001  -0.00057   0.00000  -0.00060   0.00000  -0.00060
  0.75188   0.00001  -0.00057   0.00001  -0.00057   0.00000  -0.00060   0.00000  -0.00060
  0.80201   0.00001  -0.00057   0.00001  -0.00057   0.00000  -0.00060   0.00000  -0.00060
  0.85213   0.00000  -0.00057   0.00000  -0.00057   0.00000  -0.00060   0.00000  -0.00060
  0.90226  -0.00000  -0.00057  -0.00000  -0.00057   0.00000  -0.00060   0.00000  -0.00060
  0.95238  -0.00001  -0.00057  -0.00001  -0.00057   0.00000  -0.00060   0.00000  -0.00060
  1.00251  -0.00001  -0.00057  -0.00001  -0.00057   0.00000  -0.00060   0.00000  -0.00060
  1.05263  -0.00002  -0.00057  -0.00002  -0.00057   0.00001  -0.00060   0.00001  -0.00060
  1.10276  -0.00002  -0.00057  -0.00002  -0.00057   0.00001  -0.00060   0.00001  -0.00060
  1.15288  -0.00002  -0.00057  -0.00002  -0.00057   0.00001  -0.00060   0.00001  -0.00060
  1.20301  -0.00002  -0.00057  -0.00002  -0.00057   0.00002  -0.00060   0.00002  -0.00060
  1.25313  -0.00002  -0.00058  -0.00002  -0.00058   0.00002  -0.00060   0.00002  -0.00060
  1.30326  -0.00002  -0.00058  -0.00002  -0.00058   0.00002  -0.00060   0.00002  -0.00060
  1.35338  -0.00002  -0.00058  -0.00002  -0.00058   0.00001  -0.00060   0.00001  -0.00060
  1.40351  -0.00002  -0.00058  -0.00002  -0.00058   0.00001  -0.00060   0.00001  -0.00060
  1.45363  -0.00003  -0.00058  -0.00003  -0.00058   0.00000  -0.00060   0.00000  -0.00060
  1.50376  -0.00003  -0.00058  -0.00003  -0.00058   0.00000  -0.00060   0.00000  -0.00060
  1.55388  -0.00004  -0.00058  -0.00004  -0.00058  -0.00000  -0.00060  -0.00000  -0.00060
  1.60401  -0.00005  -0.00059  -0.00005  -0.00059  -0.00000  -0.00060  -0.00000  -0.00060
  1.65414  -0.00007  -0.00059  -0.00007  -0.00059  -0.00000  -0.00060  -0.00000  -0.00060
  1.70426  -0.00011  -0.00060  -0.00011  -0.00060  -0.00000  -0.00060  -0.00000  -0.00060
  1.75439  -0.00015  -0.00060  -0.00015  -0.00060  -0.00000  -0.00060  -0.00000  -0.00060
  1.80451  -0.00020  -0.00061  -0.00020  -0.00061  -0.00000  -0.00060  -0.00000  -0.00060
  1.85464  -0.00025  -0.00063  -0.00025  -0.00063  -0.00000  -0.00060  -0.00000  -0.00060
  1.90476  -0.00028  -0.00064  -0.00028  -0.00064  -0.00000  -0.00060  -0.00000  -0.00060
  1.95489  -0.00028  -0.00065  -0.00028  -0.00065  -0.00000  -0.00060  -0.00000  -0.00060
  2.00501  -0.00026  -0.00067  -0.00026  -0.00067  -0.00000  -0.00060  -0.00000  -0.00060
  2.05514  -0.00022  -0.00068  -0.00022  -0.00068  -0.00000  -0.00060  -0.00000  -0.00060
  2.10526  -0.00016  -0.00069  -0.00016  -0.00069  -0.00000  -0.00060  -0.00000  -0.00060
  2.15539  -0.00012  -0.00069  -0.00012  -0.00069  -0.00000  -0.00060  -0.00000  -0.00060
  2.20551  -0.00009  -0.00070  -0.00009  -0.00070  -0.00000  -0.00060  -0.00000  -0.00060
  2.25564  -0.00007  -0.00070  -0.00007  -0.00070  -0.00001  -0.00060  -0.00001  -0.00060
  2.30576  -0.00005  -0.00070  -0.00005  -0.00070  -0.00001  -0.00060  -0.00001  -0.00060
  2.35589  -0.00004  -0.00070  -0.00004  -0.00070  -0.00001  -0.00060  -0.00001  -0.00060
  2.40602  -0.00003  -0.00071  -0.00003  -0.00071  -0.00001  -0.00060  -0.00001  -0.00060
  2.45614  -0.00002  -0.00071  -0.00002  -0.00071  -0.00001  -0.00060  -0.00001  -0.00060
  2.50627  -0.00002  -0.00071  -0.00002  -0.00071  -0.00000  -0.00060  -0.00000  -0.00060
  2.55639  -0.00001  -0.00071  -0.00001  -0.00071  -0.00000  -0.00060  -0.00000  -0.00060
  2.60652  -0.00001  -0.00071  -0.00001  -0.00071   0.00000  -0.00060   0.00000  -0.00060
  2.65664  -0.00000  -0.00071  -0.00000  -0.00071   0.00000  -0.00060   0.00000  -0.00060
  2.70677  -0.00000  -0.00071  -0.00000  -0.00071   0.00000  -0.00060   0.00000  -0.00060
  2.75689  -0.00000  -0.00071  -0.00000  -0.00071   0.00000  -0.00060   0.00000  -0.00060
  2.80702  -0.00000  -0.00071  -0.00000  -0.00071  -0.00000  -0.00060  -0.00000  -0.00060
  2.85714  -0.00000  -0.00071  -0.00000  -0.00071  -0.00000  -0.00060  -0.00000  -0.00060
  2.90727  -0.00000  -0.00071  -0.00000  -0.00071  -0.00001  -0.00060  -0.00001  -0.00060
  2.95739  -0.00000  -0.00071  -0.00000  -0.00071  -0.00001  -0.00060  -0.00001  -0.00060
  3.00752  -0.00000  -0.00071  -0.00000  -0.00071  -0.00001  -0.00060  -0.00001  -0.00060
  3.05764  -0.00000  -0.00071  -0.00000  -0.00071  -0.00002  -0.00060  -0.00002  -0.00060
  3.10777  -0.00000  -0.00071  -0.00000  -0.00071  -0.00002  -0.00060  -0.00002  -0.00060
  3.15789  -0.00000  -0.00071  -0.00000  -0.00071  -0.00003  -0.00061  -0.00003  -0.00061
  3.20802  -0.00000  -0.00071  -0.00000  -0.00071  -0.00004  -0.00061  -0.00004  -0.00061
  3.25815  -0.00000  -0.00071  -0.00000  -0.00071  -0.00005  -0.00061  -0.00005  -0.00061
  3.30827  -0.00000  -0.00071  -0.00000  -0.00071  -0.00006  -0.00061  -0.00006  -0.00061
  3.35840  -0.00000  -0.00071  -0.00000  -0.00071  -0.00006  -0.00062  -0.00006  -0.00062
  3.40852  -0.00000  -0.00071  -0.00000  -0.00071  -0.00003  -0.00062  -0.00003  -0.00062
  3.45865  -0.00000  -0.00071  -0.00000  -0.00071   0.00001  -0.00062   0.00001  -0.00062
  3.50877  -0.00000  -0.00071  -0.00000  -0.00071   0.00006  -0.00061   0.00006  -0.00061
  3.55890  -0.00000  -0.00071  -0.00000  -0.00071   0.00009  -0.00061   0.00009  -0.00061
  3.60902   0.00000  -0.00071   0.00000  -0.00071   0.00010  -0.00061   0.00010  -0.00061
  3.65915  -0.00000  -0.00071  -0.00000  -0.00071   0.00008  -0.00060   0.00008  -0.00060
  3.70927   0.00000  -0.00071   0.00000  -0.00071   0.00005  -0.00060   0.00005  -0.00060
  3.75940   0.00000  -0.00071   0.00000  -0.00071   0.00001  -0.00060   0.00001  -0.00060
  3.80952   0.00000  -0.00071   0.00000  -0.00071  -0.00003  -0.00060  -0.00003  -0.00060
  3.85965   0.00000  -0.00071   0.00000  -0.00071  -0.00005  -0.00060  -0.00005  -0.00060
  3.90977   0.00000  -0.00071   0.00000  -0.00071  -0.00007  -0.00061  -0.00007  -0.00061
  3.95990   0.00000  -0.00071   0.00000  -0.00071  -0.00008  -0.00061  -0.00008  -0.00061
  4.01003   0.00000  -0.00071   0.00000  -0.00071  -0.00009  -0.00061  -0.00009  -0.00061
  4.06015   0.00000  -0.00071   0.00000  -0.00071  -0.00011  -0.00062  -0.00011  -0.00062
  4.11028   0.00000  -0.00071   0.00000  -0.00071  -0.00013  -0.00063  -0.00013  -0.00063
  4.16040   0.00000  -0.00071   0.00000  -0.00071  -0.00015  -0.00063  -0.00015  -0.00063
  4.21053   0.00000  -0.00071   0.00000  -0.00071  -0.00018  -0.00064  -0.00018  -0.00064
  4.26065   0.00000  -0.00071   0.00000  -0.00071  -0.00021  -0.00065  -0.00021  -0.00065
  4.31078   0.00000  -0.00071   0.00000  -0.00071  -0.00021  -0.00066  -0.00021  -0.00066
  4.36090   0.00000  -0.00071   0.00000  -0.00071  -0.00020  -0.00067  -0.00020  -0.00067
  4.41103   0.00000  -0.00071   0.00000  -0.00071  -0.00017  -0.00068  -0.00017  -0.00068
  4.46115   0.00000  -0.00071   0.00000  -0.00071  -0.00013  -0.00069  -0.00013  -0.00069
  4.51128   0.00000  -0.00071   0.00000  -0.00071  -0.00009  -0.00069  -0.00009  -0.00069
  4.56140   0.00000  -0.00071   0.00000  -0.00071  -0.00006  -0.00070  -0.00006  -0.00070
  4.61153   0.00000  -0.00071   0.00000  -0.00071  -0.00004  -0.00070  -0.00004  -0.00070
  4.66165   0.00000  -0.00071   0.00000  -0.00071  -0.00002  -0.00070  -0.00002  -0.00070
  4.71178   0.00000  -0.00071   0.00000  -0.00071  -0.00001  -0.00070  -0.00001  -0.00070
  4.76190   0.00000  -0.00071   0.00000  -0.00071  -0.00001  -0.00070  -0.00001  -0.00070
  4.81203   0.00000  -0.00071   0.00000  -0.00071  -0.00000  -0.00070  -0.00000  -0.00070
  4.86216   0.00000  -0.00071   0.00000  -0.00071  -0.00000  -0.00070  -0.00000  -0.00070
  4.91228   0.00000  -0.00071   0.00000  -0.00071  -0.00000  -0.00070  -0.00000  -0.00070
  4.96241   0.00000  -0.00071   0.00000  -0.00071  -0.00000  -0.00070  -0.00000  -0.00070
  5.01253   0.00000  -0.00071   0.00000  -0.00071  -0.00000  -0.00070  -0.00000  -0.00070
  5.06266   0.00000  -0.00071   0.00000  -0.00071  -0.00000  -0.00070  -0.00000  -0.00070
  5.11278   0.00000  -0.00071   0.00000  -0.00071  -0.00000  -0.00070  -0.00000  -0.00070
  5.16291   0.00000  -0.00071   0.00000  -0.00071  -0.00000  -0.00070  -0.00000  -0.00070
  5.21303  -0.00000  -0.00071  -0.00000  -0.00071  -0.00000  -0.00070  -0.00000  -0.00070
  5.26316   0.00000  -0.00071   0.00000  -0.00071  -0.00000  -0.00070  -0.00000  -0.00070
  5.31328  -0.00000  -0.00071  -0.00000  -0.00071  -0.00000  -0.00070  -0.00000  -0.00070
  5.36341  -0.00000  -0.00071  -0.00000  -0.00071  -0.00000  -0.00070  -0.00000  -0.00070
  5.41353  -0.00000  -0.00071  -0.00000  -0.00071  -0.00000  -0.00070  -0.00000  -0.00070
  5.46366  -0.00000  -0.00071  -0.00000  -0.00071  -0.00000  -0.00070  -0.00000  -0.00070
  5.51378  -0.00000  -0.00071  -0.00000  -0.00071  -0.00000  -0.00070  -0.00000  -0.00070
  5.56391  -0.00000  -0.00071  -0.00000  -0.00071  -0.00000  -0.00070  -0.00000  -0.00070
  5.61404  -0.00000  -0.00071  -0.00000  -0.00071  -0.00000  -0.00070  -0.00000  -0.00070
  5.66416  -0.00000  -0.00071  -0.00000  -0.00071  -0.00000  -0.00070  -0.00000  -0.00070
  5.71429  -0.00000  -0.00071  -0.00000  -0.00071  -0.00000  -0.00070  -0.00000  -0.00070
  5.76441  -0.00000  -0.00071  -0.00000  -0.00071  -0.00000  -0.00070  -0.00000  -0.00070
  5.81454  -0.00000  -0.00071  -0.00000  -0.00071  -0.00000  -0.00070  -0.00000  -0.00070
  5.86466  -0.00000  -0.00071  -0.00000  -0.00071  -0.00000  -0.00070  -0.00000  -0.00070
  5.91479  -0.00000  -0.00071  -0.00000  -0.00071  -0.00000  -0.00070  -0.00000  -0.00070
  5.96491  -0.00000  -0.00071  -0.00000  -0.00071  -0.00000  -0.00070  -0.00000  -0.00070
  6.01504  -0.00000  -0.00071  -0.00000  -0.00071  -0.00000  -0.00070  -0.00000  -0.00070
  6.06516  -0.00000  -0.00071  -0.00000  -0.00071  -0.00000  -0.00070  -0.00000  -0.00070
  6.11529  -0.00000  -0.00071  -0.00000  -0.00071  -0.00000  -0.00070  -0.00000  -0.00070
  6.16541  -0.00001  -0.00071  -0.00001  -0.00071  -0.00000  -0.00070  -0.00000  -0.00070
  6.21554  -0.00001  -0.00071  -0.00001  -0.00071  -0.00000  -0.00070  -0.00000  -0.00070
  6.26566  -0.00002  -0.00071  -0.00002  -0.00071  -0.00000  -0.00070  -0.00000  -0.00070
  6.31579  -0.00003  -0.00071  -0.00003  -0.00071  -0.00001  -0.00070  -0.00001  -0.00070
  6.36591  -0.00004  -0.00071  -0.00004  -0.00071  -0.00001  -0.00070  -0.00001  -0.00070
  6.41604  -0.00005  -0.00072  -0.00005  -0.00072  -0.00002  -0.00070  -0.00002  -0.00070
  6.46617  -0.00006  -0.00072  -0.00006  -0.00072  -0.00003  -0.00071  -0.00003  -0.00071
  6.51629  -0.00007  -0.00072  -0.00007  -0.00072  -0.00004  -0.00071  -0.00004  -0.00071
  6.56642  -0.00007  -0.00073  -0.00007  -0.00073  -0.00005  -0.00071  -0.00005  -0.00071
  6.61654  -0.00007  -0.00073  -0.00007  -0.00073  -0.00006  -0.00071  -0.00006  -0.00071
  6.66667  -0.00006  -0.00073  -0.00006  -0.00073  -0.00007  -0.00072  -0.00007  -0.00072
  6.71679  -0.00005  -0.00074  -0.00005  -0.00074  -0.00008  -0.00072  -0.00008  -0.00072
  6.76692  -0.00004  -0.00074  -0.00004  -0.00074  -0.00007  -0.00072  -0.00007  -0.00072
  6.81704  -0.00003  -0.00074  -0.00003  -0.00074  -0.00007  -0.00073  -0.00007  -0.00073
  6.86717  -0.00003  -0.00074  -0.00003  -0.00074  -0.00005  -0.00073  -0.00005  -0.00073
  6.91729  -0.00004  -0.00074  -0.00004  -0.00074  -0.00004  -0.00073  -0.00004  -0.00073
  6.96742  -0.00006  -0.00075  -0.00006  -0.00075  -0.00003  -0.00073  -0.00003  -0.00073
  7.01754  -0.00009  -0.00075  -0.00009  -0.00075  -0.00002  -0.00073  -0.00002  -0.00073
  7.06767  -0.00012  -0.00076  -0.00012  -0.00076  -0.00003  -0.00074  -0.00003  -0.00074
  7.11779  -0.00015  -0.00076  -0.00015  -0.00076  -0.00004  -0.00074  -0.00004  -0.00074
  7.16792  -0.00016  -0.00077  -0.00016  -0.00077  -0.00007  -0.00074  -0.00007  -0.00074
  7.21805  -0.00016  -0.00078  -0.00016  -0.00078  -0.00010  -0.00075  -0.00010  -0.00075
  7.26817  -0.00014  -0.00079  -0.00014  -0.00079  -0.00013  -0.00075  -0.00013  -0.00075
  7.31830  -0.00010  -0.00079  -0.00010  -0.00079  -0.00015  -0.00076  -0.00015  -0.00076
  7.36842  -0.00007  -0.00080  -0.00007  -0.00080  -0.00016  -0.00077  -0.00016  -0.00077
  7.41855  -0.00004  -0.00080  -0.00004  -0.00080  -0.00015  -0.00078  -0.00015  -0.00078
  7.46867  -0.00002  -0.00080  -0.00002  -0.00080  -0.00013  -0.00078  -0.00013  -0.00078
  7.51880  -0.00002  -0.00080  -0.00002  -0.00080  -0.00010  -0.00079  -0.00010  -0.00079
  7.56892  -0.00002  -0.00080  -0.00002  -0.00080  -0.00006  -0.00079  -0.00006  -0.00079
  7.61905  -0.00002  -0.00080  -0.00002  -0.00080  -0.00004  -0.00079  -0.00004  -0.00079
  7.66917  -0.00000  -0.00080  -0.00000  -0.00080  -0.00002  -0.00079  -0.00002  -0.00079
  7.71930   0.00003  -0.00080   0.00003  -0.00080  -0.00002  -0.00079  -0.00002  -0.00079
  7.76942   0.00008  -0.00080   0.00008  -0.00080  -0.00001  -0.00080  -0.00001  -0.00080
  7.81955   0.00013  -0.00079   0.00013  -0.00079   0.00000  -0.00080   0.00000  -0.00080
  7.86967   0.00017  -0.00078   0.00017  -0.00078   0.00003  -0.00079   0.00003  -0.00079
  7.91980   0.00018  -0.00077   0.00018  -0.00077   0.00007  -0.00079   0.00007  -0.00079
  7.96992   0.00018  -0.00076   0.00018  -0.00076   0.00013  -0.00078   0.00013  -0.00078
  8.02005   0.00017  -0.00076   0.00017  -0.00076   0.00018  -0.00077   0.00018  -0.00077
  8.07018   0.00016  -0.00075   0.00016  -0.00075   0.00021  -0.00076   0.00021  -0.00076
  8.12030   0.00018  -0.00074   0.00018  -0.00074   0.00023  -0.00075   0.00023  -0.00075
  8.17043   0.00023  -0.00073   0.00023  -0.00073   0.00024  -0.00074   0.00024  -0.00074
  8.22055   0.00031  -0.00071   0.00031  -0.00071   0.00024  -0.00073   0.00024  -0.00073
  8.27068   0.00042  -0.00069   0.00042  -0.00069   0.00027  -0.00071   0.00027  -0.00071
  8.32080   0.00055  -0.00066   0.00055  -0.00066   0.00034  -0.00070   0.00034  -0.00070
  8.37093   0.00070  -0.00063   0.00070  -0.00063   0.00045  -0.00068   0.00045  -0.00068
  8.42105   0.00085  -0.00059   0.00085  -0.00059   0.00059  -0.00065   0.00059  -0.00065
  8.47118   0.00101  -0.00054   0.00101  -0.00054   0.00076  -0.00061   0.00076  -0.00061
  8.52130   0.00116  -0.00048   0.00116  -0.00048   0.00093  -0.00056   0.00093  -0.00056
  8.57143   0.00128  -0.00041   0.00128  -0.00041   0.00108  -0.00051   0.00108  -0.00051
  8.62155   0.00134  -0.00035   0.00134  -0.00035   0.00122  -0.00045   0.00122  -0.00045
  8.67168   0.00132  -0.00028   0.00132  -0.00028   0.00131  -0.00038   0.00131  -0.00038
  8.72180   0.00122  -0.00022   0.00122  -0.00022   0.00134  -0.00031   0.00134  -0.00031
  8.77193   0.00108  -0.00016   0.00108  -0.00016   0.00131  -0.00025   0.00131  -0.00025
  8.82206   0.00092  -0.00012   0.00092  -0.00012   0.00122  -0.00019   0.00122  -0.00019
  8.87218   0.00079  -0.00008   0.00079  -0.00008   0.00108  -0.00013   0.00108  -0.00013
  8.92231   0.00069  -0.00004   0.00069  -0.00004   0.00094  -0.00009   0.00094  -0.00009
  8.97243   0.00063  -0.00001   0.00063  -0.00001   0.00080  -0.00005   0.00080  -0.00005
  9.02256   0.00058   0.00002   0.00058   0.00002   0.00069  -0.00001   0.00069  -0.00001
  9.07268   0.00052   0.00004   0.00052   0.00004   0.00058   0.00002   0.00058   0.00002
  9.12281   0.00043   0.00006   0.00043   0.00006   0.00048   0.00004   0.00048   0.00004
  9.17293   0.00031   0.00008   0.00031   0.00008   0.00038   0.00006   0.00038   0.00006
  9.22306   0.00017   0.00009   0.00017   0.00009   0.00028   0.00008   0.00028   0.00008
  9.27318   0.00001   0.00009   0.00001   0.00009   0.00018   0.00008   0.00018   0.00008
  9.32331  -0.00014   0.00008  -0.00014   0.00008   0.00008   0.00009   0.00008   0.00009
  9.37343  -0.00027   0.00007  -0.00027   0.00007  -0.00003   0.00009  -0.00003   0.00009
  9.42356  -0.00037   0.00005  -0.00037   0.00005  -0.00013   0.00008  -0.00013   0.00008
  9.47368  -0.00043   0.00003  -0.00043   0.00003  -0.00022   0.00007  -0.00022   0.00007
  9.52381  -0.00046   0.00000  -0.00046   0.00000  -0.00029   0.00005  -0.00029   0.00005
  9.57393  -0.00048  -0.00002  -0.00048  -0.00002  -0.00034   0.00004  -0.00034   0.00004
  9.62406  -0.00049  -0.00004  -0.00049  -0.00004  -0.00038   0.00002  -0.00038   0.00002
  9.67419  -0.00051  -0.00007  -0.00051  -0.00007  -0.00040  -0.00000  -0.00040  -0.00000
  9.72431  -0.00054  -0.00010  -0.00054  -0.00010  -0.00044  -0.00002  -0.00044  -0.00002
  9.77444  -0.00059  -0.00013  -0.00059  -0.00013  -0.00048  -0.00005  -0.00048  -0.00005
  9.82456  -0.00064  -0.00016  -0.00064  -0.00016  -0.00052  -0.00007  -0.00052  -0.00007
  9.87469  -0.00066  -0.00019  -0.00066  -0.00019  -0.00057  -0.00010  -0.00057  -0.00010
  9.92481  -0.00063  -0.00022  -0.00063  -0.00022  -0.00060  -0.00013  -0.00060  -0.00013
  9.97494  -0.00056  -0.00025  -0.00056  -0.00025  -0.00060  -0.00016  -0.00060  -0.00016
 10.02506  -0.00046  -0.00027  -0.00046  -0.00027  -0.00056  -0.00019  -0.00056  -0.00019