ESCALE ; pCOHP file generated by LOBSTER. Energy is shifted such that the Fermi level lies at 0 eV.
         2          2        401  -6.04511e+00   1.40050e+01   3.97995e+00 
Average
No.1:Mn40->O108(1.9407121954856106)
-10.02506   0.00000  -0.68310   0.00000  -0.68310   0.00000  -0.67769   0.00000  -0.67769
 -9.97494   0.00000  -0.68310   0.00000  -0.68310   0.00000  -0.67769   0.00000  -0.67769
 -9.92481   0.00000  -0.68310   0.00000  -0.68310   0.00000  -0.67769   0.00000  -0.67769
 -9.87469   0.00000  -0.68310   0.00000  -0.68310   0.00000  -0.67769   0.00000  -0.67769
 -9.82456   0.00000  -0.68310   0.00000  -0.68310   0.00000  -0.67769   0.00000  -0.67769
 -9.77444   0.00000  -0.68310   0.00000  -0.68310   0.00000  -0.67769   0.00000  -0.67769
 -9.72431   0.00000  -0.68310   0.00000  -0.68310   0.00000  -0.67769   0.00000  -0.67769
 -9.67419   0.00000  -0.68310   0.00000  -0.68310   0.00000  -0.67769   0.00000  -0.67769
 -9.62406   0.00000  -0.68310   0.00000  -0.68310   0.00000  -0.67769   0.00000  -0.67769
 -9.57393   0.00000  -0.68310   0.00000  -0.68310   0.00000  -0.67769   0.00000  -0.67769
 -9.52381   0.00000  -0.68310   0.00000  -0.68310   0.00000  -0.67769   0.00000  -0.67769
 -9.47368   0.00000  -0.68310   0.00000  -0.68310   0.00000  -0.67769   0.00000  -0.67769
 -9.42356   0.00000  -0.68310   0.00000  -0.68310   0.00000  -0.67769   0.00000  -0.67769
 -9.37343   0.00000  -0.68310   0.00000  -0.68310   0.00000  -0.67769   0.00000  -0.67769
 -9.32331   0.00000  -0.68310   0.00000  -0.68310   0.00000  -0.67769   0.00000  -0.67769
 -9.27318   0.00000  -0.68310   0.00000  -0.68310   0.00000  -0.67769   0.00000  -0.67769
 -9.22306   0.00000  -0.68310   0.00000  -0.68310   0.00000  -0.67769   0.00000  -0.67769
 -9.17293   0.00000  -0.68310   0.00000  -0.68310   0.00000  -0.67769   0.00000  -0.67769
 -9.12281   0.00000  -0.68310   0.00000  -0.68310   0.00000  -0.67769   0.00000  -0.67769
 -9.07268   0.00000  -0.68310   0.00000  -0.68310   0.00000  -0.67769   0.00000  -0.67769
 -9.02256   0.00000  -0.68310   0.00000  -0.68310   0.00000  -0.67769   0.00000  -0.67769
 -8.97243   0.00000  -0.68310   0.00000  -0.68310   0.00000  -0.67769   0.00000  -0.67769
 -8.92231   0.00000  -0.68310   0.00000  -0.68310   0.00000  -0.67769   0.00000  -0.67769
 -8.87218   0.00000  -0.68310   0.00000  -0.68310   0.00000  -0.67769   0.00000  -0.67769
 -8.82206   0.00000  -0.68310   0.00000  -0.68310   0.00000  -0.67769   0.00000  -0.67769
 -8.77193   0.00000  -0.68310   0.00000  -0.68310   0.00000  -0.67769   0.00000  -0.67769
 -8.72180   0.00000  -0.68310   0.00000  -0.68310   0.00000  -0.67769   0.00000  -0.67769
 -8.67168   0.00000  -0.68310   0.00000  -0.68310   0.00000  -0.67769   0.00000  -0.67769
 -8.62155   0.00000  -0.68310   0.00000  -0.68310   0.00000  -0.67769   0.00000  -0.67769
 -8.57143   0.00000  -0.68310   0.00000  -0.68310   0.00000  -0.67769   0.00000  -0.67769
 -8.52130   0.00000  -0.68310   0.00000  -0.68310   0.00000  -0.67769   0.00000  -0.67769
 -8.47118   0.00000  -0.68310   0.00000  -0.68310   0.00000  -0.67769   0.00000  -0.67769
 -8.42105   0.00000  -0.68310   0.00000  -0.68310   0.00000  -0.67769   0.00000  -0.67769
 -8.37093   0.00000  -0.68310   0.00000  -0.68310   0.00000  -0.67769   0.00000  -0.67769
 -8.32080   0.00000  -0.68310   0.00000  -0.68310   0.00000  -0.67769   0.00000  -0.67769
 -8.27068   0.00000  -0.68310   0.00000  -0.68310   0.00000  -0.67769   0.00000  -0.67769
 -8.22055   0.00000  -0.68310   0.00000  -0.68310   0.00000  -0.67769   0.00000  -0.67769
 -8.17043   0.00000  -0.68310   0.00000  -0.68310   0.00000  -0.67769   0.00000  -0.67769
 -8.12030   0.00000  -0.68310   0.00000  -0.68310   0.00000  -0.67769   0.00000  -0.67769
 -8.07018   0.00000  -0.68310   0.00000  -0.68310   0.00000  -0.67769   0.00000  -0.67769
 -8.02005   0.00000  -0.68310   0.00000  -0.68310   0.00000  -0.67769   0.00000  -0.67769
 -7.96992   0.00000  -0.68310   0.00000  -0.68310   0.00000  -0.67769   0.00000  -0.67769
 -7.91980   0.00000  -0.68310   0.00000  -0.68310   0.00000  -0.67769   0.00000  -0.67769
 -7.86967   0.00001  -0.68310   0.00001  -0.68310   0.00000  -0.67769   0.00000  -0.67769
 -7.81955   0.00001  -0.68310   0.00001  -0.68310   0.00000  -0.67769   0.00000  -0.67769
 -7.76942   0.00002  -0.68310   0.00002  -0.68310   0.00000  -0.67769   0.00000  -0.67769
 -7.71930   0.00002  -0.68310   0.00002  -0.68310   0.00000  -0.67769   0.00000  -0.67769
 -7.66917   0.00002  -0.68310   0.00002  -0.68310   0.00000  -0.67769   0.00000  -0.67769
 -7.61905   0.00002  -0.68310   0.00002  -0.68310   0.00000  -0.67769   0.00000  -0.67769
 -7.56892   0.00001  -0.68310   0.00001  -0.68310   0.00000  -0.67769   0.00000  -0.67769
 -7.51880   0.00001  -0.68310   0.00001  -0.68310   0.00000  -0.67769   0.00000  -0.67769
 -7.46867   0.00001  -0.68310   0.00001  -0.68310   0.00000  -0.67769   0.00000  -0.67769
 -7.41855   0.00000  -0.68310   0.00000  -0.68310  -0.00000  -0.67769  -0.00000  -0.67769
 -7.36842   0.00000  -0.68310   0.00000  -0.68310   0.00000  -0.67769   0.00000  -0.67769
 -7.31830   0.00000  -0.68310   0.00000  -0.68310   0.00000  -0.67769   0.00000  -0.67769
 -7.26817   0.00000  -0.68310   0.00000  -0.68310   0.00000  -0.67769   0.00000  -0.67769
 -7.21805   0.00000  -0.68310   0.00000  -0.68310   0.00000  -0.67769   0.00000  -0.67769
 -7.16792   0.00000  -0.68310   0.00000  -0.68310   0.00000  -0.67769   0.00000  -0.67769
 -7.11779  -0.00001  -0.68310  -0.00001  -0.68310  -0.00000  -0.67769  -0.00000  -0.67769
 -7.06767  -0.00004  -0.68310  -0.00004  -0.68310  -0.00000  -0.67769  -0.00000  -0.67769
 -7.01754  -0.00012  -0.68310  -0.00012  -0.68310  -0.00000  -0.67769  -0.00000  -0.67769
 -6.96742  -0.00032  -0.68312  -0.00032  -0.68312  -0.00000  -0.67769  -0.00000  -0.67769
 -6.91729  -0.00073  -0.68316  -0.00073  -0.68316  -0.00000  -0.67769  -0.00000  -0.67769
 -6.86717  -0.00157  -0.68324  -0.00157  -0.68324  -0.00000  -0.67769  -0.00000  -0.67769
 -6.81704  -0.00320  -0.68340  -0.00320  -0.68340  -0.00000  -0.67769  -0.00000  -0.67769
 -6.76692  -0.00629  -0.68371  -0.00629  -0.68371  -0.00000  -0.67769  -0.00000  -0.67769
 -6.71679  -0.01197  -0.68431  -0.01197  -0.68431  -0.00000  -0.67769  -0.00000  -0.67769
 -6.66667  -0.02200  -0.68541  -0.02200  -0.68541  -0.00000  -0.67769  -0.00000  -0.67769
 -6.61654  -0.03866  -0.68735  -0.03866  -0.68735  -0.00000  -0.67769  -0.00000  -0.67769
 -6.56642  -0.06425  -0.69057  -0.06425  -0.69057  -0.00000  -0.67769  -0.00000  -0.67769
 -6.51629  -0.09989  -0.69558  -0.09989  -0.69558  -0.00000  -0.67769  -0.00000  -0.67769
 -6.46617  -0.14435  -0.70282  -0.14435  -0.70282  -0.00001  -0.67769  -0.00001  -0.67769
 -6.41604  -0.19350  -0.71251  -0.19350  -0.71251  -0.00001  -0.67769  -0.00001  -0.67769
 -6.36591  -0.24120  -0.72460  -0.24120  -0.72460  -0.00001  -0.67769  -0.00001  -0.67769
 -6.31579  -0.28162  -0.73872  -0.28162  -0.73872  -0.00000  -0.67769  -0.00000  -0.67769
 -6.26566  -0.31158  -0.75434  -0.31158  -0.75434   0.00000  -0.67769   0.00000  -0.67769
 -6.21554  -0.33154  -0.77096  -0.33154  -0.77096   0.00000  -0.67769   0.00000  -0.67769
 -6.16541  -0.34452  -0.78823  -0.34452  -0.78823   0.00000  -0.67769   0.00000  -0.67769
 -6.11529  -0.35349  -0.80595  -0.35349  -0.80595  -0.00000  -0.67769  -0.00000  -0.67769
 -6.06516  -0.35909  -0.82395  -0.35909  -0.82395  -0.00001  -0.67769  -0.00001  -0.67769
 -6.01504  -0.35922  -0.84195  -0.35922  -0.84195  -0.00002  -0.67769  -0.00002  -0.67769
 -5.96491  -0.35064  -0.85953  -0.35064  -0.85953  -0.00004  -0.67769  -0.00004  -0.67769
 -5.91479  -0.33178  -0.87616  -0.33178  -0.87616  -0.00005  -0.67770  -0.00005  -0.67770
 -5.86466  -0.30460  -0.89143  -0.30460  -0.89143  -0.00007  -0.67770  -0.00007  -0.67770
 -5.81454  -0.27477  -0.90520  -0.27477  -0.90520  -0.00009  -0.67771  -0.00009  -0.67771
 -5.76441  -0.24977  -0.91772  -0.24977  -0.91772  -0.00014  -0.67771  -0.00014  -0.67771
 -5.71429  -0.23628  -0.92956  -0.23628  -0.92956  -0.00020  -0.67772  -0.00020  -0.67772
 -5.66416  -0.23770  -0.94148  -0.23770  -0.94148  -0.00029  -0.67774  -0.00029  -0.67774
 -5.61404  -0.25297  -0.95416  -0.25297  -0.95416  -0.00042  -0.67776  -0.00042  -0.67776
 -5.56391  -0.27698  -0.96804  -0.27698  -0.96804  -0.00060  -0.67779  -0.00060  -0.67779
 -5.51378  -0.30247  -0.98320  -0.30247  -0.98320  -0.00085  -0.67783  -0.00085  -0.67783
 -5.46366  -0.32268  -0.99938  -0.32268  -0.99938  -0.00120  -0.67789  -0.00120  -0.67789
 -5.41353  -0.33347  -1.01609  -0.33347  -1.01609  -0.00171  -0.67798  -0.00171  -0.67798
 -5.36341  -0.33432  -1.03285  -0.33432  -1.03285  -0.00250  -0.67810  -0.00250  -0.67810
 -5.31328  -0.32780  -1.04928  -0.32780  -1.04928  -0.00390  -0.67830  -0.00390  -0.67830
 -5.26316  -0.31843  -1.06524  -0.31843  -1.06524  -0.00654  -0.67863  -0.00654  -0.67863
 -5.21303  -0.31144  -1.08085  -0.31144  -1.08085  -0.01157  -0.67921  -0.01157  -0.67921
 -5.16291  -0.31167  -1.09648  -0.31167  -1.09648  -0.02070  -0.68024  -0.02070  -0.68024
 -5.11278  -0.32241  -1.11264  -0.32241  -1.11264  -0.03605  -0.68205  -0.03605  -0.68205
 -5.06266  -0.34396  -1.12988  -0.34396  -1.12988  -0.05950  -0.68503  -0.05950  -0.68503
 -5.01253  -0.37264  -1.14856  -0.37264  -1.14856  -0.09186  -0.68964  -0.09186  -0.68964
 -4.96241  -0.40125  -1.16867  -0.40125  -1.16867  -0.13197  -0.69625  -0.13197  -0.69625
 -4.91228  -0.42127  -1.18979  -0.42127  -1.18979  -0.17647  -0.70510  -0.17647  -0.70510
 -4.86216  -0.42621  -1.21115  -0.42621  -1.21115  -0.22042  -0.71615  -0.22042  -0.71615
 -4.81203  -0.41426  -1.23191  -0.41426  -1.23191  -0.25882  -0.72912  -0.25882  -0.72912
 -4.76190  -0.38870  -1.25140  -0.38870  -1.25140  -0.28831  -0.74357  -0.28831  -0.74357
 -4.71178  -0.35604  -1.26924  -0.35604  -1.26924  -0.30833  -0.75903  -0.30833  -0.75903
 -4.66165  -0.32289  -1.28543  -0.32289  -1.28543  -0.32101  -0.77512  -0.32101  -0.77512
 -4.61153  -0.29359  -1.30015  -0.29359  -1.30015  -0.32977  -0.79165  -0.32977  -0.79165
 -4.56140  -0.26946  -1.31365  -0.26946  -1.31365  -0.33740  -0.80856  -0.33740  -0.80856
 -4.51128  -0.24970  -1.32617  -0.24970  -1.32617  -0.34476  -0.82584  -0.34476  -0.82584
 -4.46115  -0.23271  -1.33783  -0.23271  -1.33783  -0.35090  -0.84343  -0.35090  -0.84343
 -4.41103  -0.21709  -1.34872  -0.21709  -1.34872  -0.35433  -0.86119  -0.35433  -0.86119
 -4.36090  -0.20198  -1.35884  -0.20198  -1.35884  -0.35430  -0.87895  -0.35430  -0.87895
 -4.31078  -0.18712  -1.36822  -0.18712  -1.36822  -0.35111  -0.89655  -0.35111  -0.89655
 -4.26065  -0.17276  -1.37688  -0.17276  -1.37688  -0.34543  -0.91386  -0.34543  -0.91386
 -4.21053  -0.15963  -1.38488  -0.15963  -1.38488  -0.33758  -0.93079  -0.33758  -0.93079
 -4.16040  -0.14873  -1.39234  -0.14873  -1.39234  -0.32733  -0.94719  -0.32733  -0.94719
 -4.11028  -0.14099  -1.39940  -0.14099  -1.39940  -0.31441  -0.96295  -0.31441  -0.96295
 -4.06015  -0.13689  -1.40626  -0.13689  -1.40626  -0.29900  -0.97794  -0.29900  -0.97794
 -4.01003  -0.13602  -1.41308  -0.13602  -1.41308  -0.28204  -0.99208  -0.28204  -0.99208
 -3.95990  -0.13699  -1.41995  -0.13699  -1.41995  -0.26526  -1.00537  -0.26526  -1.00537
 -3.90977  -0.13774  -1.42685  -0.13774  -1.42685  -0.25103  -1.01796  -0.25103  -1.01796
 -3.85965  -0.13629  -1.43368  -0.13629  -1.43368  -0.24214  -1.03009  -0.24214  -1.03009
 -3.80952  -0.13163  -1.44028  -0.13163  -1.44028  -0.24129  -1.04219  -0.24129  -1.04219
 -3.75940  -0.12406  -1.44650  -0.12406  -1.44650  -0.25037  -1.05474  -0.25037  -1.05474
 -3.70927  -0.11484  -1.45226  -0.11484  -1.45226  -0.26957  -1.06825  -0.26957  -1.06825
 -3.65915  -0.10528  -1.45753  -0.10528  -1.45753  -0.29686  -1.08313  -0.29686  -1.08313
 -3.60902  -0.09604  -1.46235  -0.09604  -1.46235  -0.32785  -1.09956  -0.32785  -1.09956
 -3.55890  -0.08675  -1.46670  -0.08675  -1.46670  -0.35663  -1.11744  -0.35663  -1.11744
 -3.50877  -0.07651  -1.47053  -0.07651  -1.47053  -0.37733  -1.13635  -0.37733  -1.13635
 -3.45865  -0.06461  -1.47377  -0.06461  -1.47377  -0.38590  -1.15570  -0.38590  -1.15570
 -3.40852  -0.05123  -1.47634  -0.05123  -1.47634  -0.38135  -1.17481  -0.38135  -1.17481
 -3.35840  -0.03755  -1.47822  -0.03755  -1.47822  -0.36556  -1.19314  -0.36556  -1.19314
 -3.30827  -0.02523  -1.47948  -0.02523  -1.47948  -0.34208  -1.21028  -0.34208  -1.21028
 -3.25815  -0.01552  -1.48026  -0.01552  -1.48026  -0.31442  -1.22604  -0.31442  -1.22604
 -3.20802  -0.00852  -1.48069  -0.00852  -1.48069  -0.28510  -1.24033  -0.28510  -1.24033
 -3.15789  -0.00322  -1.48085  -0.00322  -1.48085  -0.25567  -1.25315  -0.25567  -1.25315
 -3.10777   0.00191  -1.48076   0.00191  -1.48076  -0.22727  -1.26454  -0.22727  -1.26454
 -3.05764   0.00802  -1.48035   0.00802  -1.48035  -0.20117  -1.27463  -0.20117  -1.27463
 -3.00752   0.01528  -1.47959   0.01528  -1.47959  -0.17866  -1.28358  -0.17866  -1.28358
 -2.95739   0.02309  -1.47843   0.02309  -1.47843  -0.16069  -1.29164  -0.16069  -1.29164
 -2.90727   0.03060  -1.47690   0.03060  -1.47690  -0.14740  -1.29902  -0.14740  -1.29902
 -2.85714   0.03735  -1.47502   0.03735  -1.47502  -0.13805  -1.30594  -0.13805  -1.30594
 -2.80702   0.04352  -1.47284   0.04352  -1.47284  -0.13135  -1.31253  -0.13135  -1.31253
 -2.75689   0.04960  -1.47036   0.04960  -1.47036  -0.12600  -1.31884  -0.12600  -1.31884
 -2.70677   0.05599  -1.46755   0.05599  -1.46755  -0.12102  -1.32491  -0.12102  -1.32491
 -2.65664   0.06267  -1.46441   0.06267  -1.46441  -0.11592  -1.33072  -0.11592  -1.33072
 -2.60652   0.06931  -1.46093   0.06931  -1.46093  -0.11060  -1.33626  -0.11060  -1.33626
 -2.55639   0.07552  -1.45715   0.07552  -1.45715  -0.10521  -1.34154  -0.10521  -1.34154
 -2.50627   0.08118  -1.45308   0.08118  -1.45308  -0.10009  -1.34655  -0.10009  -1.34655
 -2.45614   0.08642  -1.44875   0.08642  -1.44875  -0.09564  -1.35135  -0.09564  -1.35135
 -2.40602   0.09138  -1.44417   0.09138  -1.44417  -0.09219  -1.35597  -0.09219  -1.35597
 -2.35589   0.09601  -1.43936   0.09601  -1.43936  -0.08975  -1.36047  -0.08975  -1.36047
 -2.30576   0.10001  -1.43434   0.10001  -1.43434  -0.08799  -1.36488  -0.08799  -1.36488
 -2.25564   0.10315  -1.42917   0.10315  -1.42917  -0.08638  -1.36921  -0.08638  -1.36921
 -2.20551   0.10555  -1.42388   0.10555  -1.42388  -0.08450  -1.37345  -0.08450  -1.37345
 -2.15539   0.10778  -1.41848   0.10778  -1.41848  -0.08222  -1.37757  -0.08222  -1.37757
 -2.10526   0.11060  -1.41294   0.11060  -1.41294  -0.07958  -1.38156  -0.07958  -1.38156
 -2.05514   0.11466  -1.40719   0.11466  -1.40719  -0.07662  -1.38540  -0.07662  -1.38540
 -2.00501   0.12041  -1.40115   0.12041  -1.40115  -0.07324  -1.38907  -0.07324  -1.38907
 -1.95489   0.12806  -1.39473   0.12806  -1.39473  -0.06918  -1.39254  -0.06918  -1.39254
 -1.90476   0.13769  -1.38783   0.13769  -1.38783  -0.06424  -1.39576  -0.06424  -1.39576
 -1.85464   0.14917  -1.38035   0.14917  -1.38035  -0.05846  -1.39869  -0.05846  -1.39869
 -1.80451   0.16191  -1.37224   0.16191  -1.37224  -0.05217  -1.40130  -0.05217  -1.40130
 -1.75439   0.17471  -1.36348   0.17471  -1.36348  -0.04589  -1.40360  -0.04589  -1.40360
 -1.70426   0.18602  -1.35416   0.18602  -1.35416  -0.04025  -1.40562  -0.04025  -1.40562
 -1.65414   0.19439  -1.34441   0.19439  -1.34441  -0.03577  -1.40741  -0.03577  -1.40741
 -1.60401   0.19911  -1.33443   0.19911  -1.33443  -0.03284  -1.40906  -0.03284  -1.40906
 -1.55388   0.20028  -1.32439   0.20028  -1.32439  -0.03155  -1.41064  -0.03155  -1.41064
 -1.50376   0.19854  -1.31444   0.19854  -1.31444  -0.03169  -1.41223  -0.03169  -1.41223
 -1.45363   0.19458  -1.30469   0.19458  -1.30469  -0.03272  -1.41387  -0.03272  -1.41387
 -1.40351   0.18880  -1.29522   0.18880  -1.29522  -0.03404  -1.41557  -0.03404  -1.41557
 -1.35338   0.18142  -1.28613   0.18142  -1.28613  -0.03511  -1.41733  -0.03511  -1.41733
 -1.30326   0.17291  -1.27746   0.17291  -1.27746  -0.03569  -1.41912  -0.03569  -1.41912
 -1.25313   0.16428  -1.26923   0.16428  -1.26923  -0.03572  -1.42091  -0.03572  -1.42091
 -1.20301   0.15706  -1.26136   0.15706  -1.26136  -0.03519  -1.42268  -0.03519  -1.42268
 -1.15288   0.15265  -1.25370   0.15265  -1.25370  -0.03395  -1.42438  -0.03395  -1.42438
 -1.10276   0.15164  -1.24610   0.15164  -1.24610  -0.03178  -1.42597  -0.03178  -1.42597
 -1.05263   0.15340  -1.23841   0.15340  -1.23841  -0.02858  -1.42740  -0.02858  -1.42740
 -1.00251   0.15630  -1.23058   0.15630  -1.23058  -0.02455  -1.42864  -0.02455  -1.42864
 -0.95238   0.15847  -1.22264   0.15847  -1.22264  -0.02016  -1.42965  -0.02016  -1.42965
 -0.90226   0.15860  -1.21469   0.15860  -1.21469  -0.01596  -1.43045  -0.01596  -1.43045
 -0.85213   0.15633  -1.20685   0.15633  -1.20685  -0.01234  -1.43106  -0.01234  -1.43106
 -0.80201   0.15203  -1.19923   0.15203  -1.19923  -0.00938  -1.43153  -0.00938  -1.43153
 -0.75188   0.14621  -1.19190   0.14621  -1.19190  -0.00699  -1.43188  -0.00699  -1.43188
 -0.70175   0.13890  -1.18494   0.13890  -1.18494  -0.00501  -1.43214  -0.00501  -1.43214
 -0.65163   0.12948  -1.17845   0.12948  -1.17845  -0.00337  -1.43230  -0.00337  -1.43230
 -0.60150   0.11704  -1.17258   0.11704  -1.17258  -0.00207  -1.43241  -0.00207  -1.43241
 -0.55138   0.10117  -1.16751   0.10117  -1.16751  -0.00112  -1.43246  -0.00112  -1.43246
 -0.50125   0.08255  -1.16337   0.08255  -1.16337  -0.00052  -1.43249  -0.00052  -1.43249
 -0.45113   0.06297  -1.16022   0.06297  -1.16022  -0.00019  -1.43250  -0.00019  -1.43250
 -0.40100   0.04470  -1.15798   0.04470  -1.15798  -0.00004  -1.43250  -0.00004  -1.43250
 -0.35088   0.02955  -1.15650   0.02955  -1.15650   0.00001  -1.43250   0.00001  -1.43250
 -0.30075   0.01837  -1.15557   0.01837  -1.15557   0.00001  -1.43250   0.00001  -1.43250
 -0.25063   0.01094  -1.15503   0.01094  -1.15503   0.00001  -1.43250   0.00001  -1.43250
 -0.20050   0.00643  -1.15470   0.00643  -1.15470   0.00000  -1.43250   0.00000  -1.43250
 -0.15038   0.00386  -1.15451   0.00386  -1.15451   0.00000  -1.43250   0.00000  -1.43250
 -0.10025   0.00241  -1.15439   0.00241  -1.15439  -0.00000  -1.43250  -0.00000  -1.43250
 -0.05013   0.00157  -1.15431   0.00157  -1.15431  -0.00000  -1.43250  -0.00000  -1.43250
  0.00000   0.00103  -1.15426   0.00103  -1.15426  -0.00000  -1.43250  -0.00000  -1.43250
  0.05013   0.00066  -1.15423   0.00066  -1.15423  -0.00000  -1.43250  -0.00000  -1.43250
  0.10025   0.00041  -1.15421   0.00041  -1.15421  -0.00000  -1.43250  -0.00000  -1.43250
  0.15038   0.00024  -1.15419   0.00024  -1.15419  -0.00000  -1.43250  -0.00000  -1.43250
  0.20050   0.00013  -1.15419   0.00013  -1.15419  -0.00000  -1.43250  -0.00000  -1.43250
  0.25063   0.00007  -1.15418   0.00007  -1.15418  -0.00000  -1.43250  -0.00000  -1.43250
  0.30075   0.00004  -1.15418   0.00004  -1.15418  -0.00000  -1.43250  -0.00000  -1.43250
  0.35088   0.00004  -1.15418   0.00004  -1.15418  -0.00000  -1.43250  -0.00000  -1.43250
  0.40100   0.00006  -1.15418   0.00006  -1.15418   0.00000  -1.43250   0.00000  -1.43250
  0.45113   0.00011  -1.15417   0.00011  -1.15417   0.00000  -1.43250   0.00000  -1.43250
  0.50125   0.00020  -1.15416   0.00020  -1.15416   0.00000  -1.43250   0.00000  -1.43250
  0.55138   0.00031  -1.15415   0.00031  -1.15415   0.00000  -1.43250   0.00000  -1.43250
  0.60150   0.00046  -1.15412   0.00046  -1.15412   0.00000  -1.43250   0.00000  -1.43250
  0.65163   0.00061  -1.15409   0.00061  -1.15409   0.00000  -1.43250   0.00000  -1.43250
  0.70175   0.00079  -1.15405   0.00079  -1.15405   0.00000  -1.43250   0.00000  -1.43250
  0.75188   0.00106  -1.15400   0.00106  -1.15400   0.00000  -1.43250   0.00000  -1.43250
  0.80201   0.00155  -1.15392   0.00155  -1.15392   0.00000  -1.43250   0.00000  -1.43250
  0.85213   0.00243  -1.15380   0.00243  -1.15380   0.00001  -1.43250   0.00001  -1.43250
  0.90226   0.00386  -1.15361   0.00386  -1.15361   0.00002  -1.43250   0.00002  -1.43250
  0.95238   0.00585  -1.15331   0.00585  -1.15331   0.00004  -1.43250   0.00004  -1.43250
  1.00251   0.00821  -1.15290   0.00821  -1.15290   0.00009  -1.43249   0.00009  -1.43249
  1.05263   0.01064  -1.15237   0.01064  -1.15237   0.00016  -1.43248   0.00016  -1.43248
  1.10276   0.01305  -1.15171   0.01305  -1.15171   0.00027  -1.43247   0.00027  -1.43247
  1.15288   0.01601  -1.15091   0.01601  -1.15091   0.00040  -1.43245   0.00040  -1.43245
  1.20301   0.02135  -1.14984   0.02135  -1.14984   0.00054  -1.43242   0.00054  -1.43242
  1.25313   0.03249  -1.14821   0.03249  -1.14821   0.00067  -1.43239   0.00067  -1.43239
  1.30326   0.05439  -1.14549   0.05439  -1.14549   0.00076  -1.43235   0.00076  -1.43235
  1.35338   0.09245  -1.14085   0.09245  -1.14085   0.00079  -1.43231   0.00079  -1.43231
  1.40351   0.15037  -1.13332   0.15037  -1.13332   0.00076  -1.43227   0.00076  -1.43227
  1.45363   0.22753  -1.12191   0.22753  -1.12191   0.00068  -1.43224   0.00068  -1.43224
  1.50376   0.31735  -1.10600   0.31735  -1.10600   0.00056  -1.43221   0.00056  -1.43221
  1.55388   0.40847  -1.08553   0.40847  -1.08553   0.00044  -1.43219   0.00044  -1.43219
  1.60401   0.48874  -1.06103   0.48874  -1.06103   0.00033  -1.43217   0.00033  -1.43217
  1.65414   0.55029  -1.03345   0.55029  -1.03345   0.00024  -1.43216   0.00024  -1.43216
  1.70426   0.59234  -1.00376   0.59234  -1.00376   0.00019  -1.43215   0.00019  -1.43215
  1.75439   0.62003  -0.97268   0.62003  -0.97268   0.00016  -1.43214   0.00016  -1.43214
  1.80451   0.64029  -0.94058   0.64029  -0.94058   0.00015  -1.43214   0.00015  -1.43214
  1.85464   0.65757  -0.90762   0.65757  -0.90762   0.00015  -1.43213   0.00015  -1.43213
  1.90476   0.67220  -0.87393   0.67220  -0.87393   0.00014  -1.43212   0.00014  -1.43212
  1.95489   0.68190  -0.83975   0.68190  -0.83975   0.00013  -1.43212   0.00013  -1.43212
  2.00501   0.68488  -0.80542   0.68488  -0.80542   0.00011  -1.43211   0.00011  -1.43211
  2.05514   0.68178  -0.77124   0.68178  -0.77124   0.00010  -1.43210   0.00010  -1.43210
  2.10526   0.67480  -0.73742   0.67480  -0.73742   0.00011  -1.43210   0.00011  -1.43210
  2.15539   0.66434  -0.70412   0.66434  -0.70412   0.00013  -1.43209   0.00013  -1.43209
  2.20551   0.64627  -0.67172   0.64627  -0.67172   0.00016  -1.43208   0.00016  -1.43208
  2.25564   0.61266  -0.64101   0.61266  -0.64101   0.00020  -1.43207   0.00020  -1.43207
  2.30576   0.55653  -0.61312   0.55653  -0.61312   0.00023  -1.43206   0.00023  -1.43206
  2.35589   0.47715  -0.58920   0.47715  -0.58920   0.00025  -1.43205   0.00025  -1.43205
  2.40602   0.38202  -0.57005   0.38202  -0.57005   0.00026  -1.43204   0.00026  -1.43204
  2.45614   0.28386  -0.55582   0.28386  -0.55582   0.00026  -1.43203   0.00026  -1.43203
  2.50627   0.19526  -0.54603   0.19526  -0.54603   0.00027  -1.43201   0.00027  -1.43201
  2.55639   0.12427  -0.53981   0.12427  -0.53981   0.00030  -1.43200   0.00030  -1.43200
  2.60652   0.07318  -0.53614   0.07318  -0.53614   0.00042  -1.43198   0.00042  -1.43198
  2.65664   0.03986  -0.53414   0.03986  -0.53414   0.00078  -1.43194   0.00078  -1.43194
  2.70677   0.02005  -0.53313   0.02005  -0.53313   0.00180  -1.43185   0.00180  -1.43185
  2.75689   0.00928  -0.53267   0.00928  -0.53267   0.00433  -1.43163   0.00433  -1.43163
  2.80702   0.00394  -0.53247   0.00394  -0.53247   0.00986  -1.43113   0.00986  -1.43113
  2.85714   0.00152  -0.53240   0.00152  -0.53240   0.02051  -1.43011   0.02051  -1.43011
  2.90727   0.00054  -0.53237   0.00054  -0.53237   0.03863  -1.42817   0.03863  -1.42817
  2.95739   0.00017  -0.53236   0.00017  -0.53236   0.06576  -1.42487   0.06576  -1.42487
  3.00752   0.00005  -0.53236   0.00005  -0.53236   0.10143  -1.41979   0.10143  -1.41979
  3.05764   0.00001  -0.53236   0.00001  -0.53236   0.14241  -1.41265   0.14241  -1.41265
  3.10777   0.00000  -0.53236   0.00000  -0.53236   0.18334  -1.40346   0.18334  -1.40346
  3.15789   0.00000  -0.53236   0.00000  -0.53236   0.21873  -1.39250   0.21873  -1.39250
  3.20802   0.00000  -0.53236   0.00000  -0.53236   0.24565  -1.38018   0.24565  -1.38018
  3.25815   0.00000  -0.53236   0.00000  -0.53236   0.26510  -1.36690   0.26510  -1.36690
  3.30827   0.00000  -0.53236   0.00000  -0.53236   0.28128  -1.35280   0.28128  -1.35280
  3.35840   0.00000  -0.53236   0.00000  -0.53236   0.29878  -1.33782   0.29878  -1.33782
  3.40852   0.00000  -0.53236   0.00000  -0.53236   0.31973  -1.32179   0.31973  -1.32179
  3.45865   0.00000  -0.53236   0.00000  -0.53236   0.34282  -1.30461   0.34282  -1.30461
  3.50877   0.00000  -0.53236   0.00000  -0.53236   0.36474  -1.28633   0.36474  -1.28633
  3.55890   0.00000  -0.53236   0.00000  -0.53236   0.38271  -1.26714   0.38271  -1.26714
  3.60902   0.00000  -0.53236   0.00000  -0.53236   0.39574  -1.24731   0.39574  -1.24731
  3.65915   0.00000  -0.53236   0.00000  -0.53236   0.40396  -1.22706   0.40396  -1.22706
  3.70927   0.00000  -0.53236   0.00000  -0.53236   0.40694  -1.20666   0.40694  -1.20666
  3.75940   0.00000  -0.53236   0.00000  -0.53236   0.40338  -1.18644   0.40338  -1.18644
  3.80952   0.00000  -0.53236   0.00000  -0.53236   0.39297  -1.16674   0.39297  -1.16674
  3.85965   0.00000  -0.53236   0.00000  -0.53236   0.37911  -1.14774   0.37911  -1.14774
  3.90977   0.00000  -0.53236   0.00000  -0.53236   0.37010  -1.12919   0.37010  -1.12919
  3.95990   0.00000  -0.53236   0.00000  -0.53236   0.37722  -1.11028   0.37722  -1.11028
  4.01003   0.00000  -0.53236   0.00000  -0.53236   0.41063  -1.08970   0.41063  -1.08970
  4.06015   0.00000  -0.53236   0.00000  -0.53236   0.47537  -1.06587   0.47537  -1.06587
  4.11028   0.00000  -0.53236   0.00000  -0.53236   0.56974  -1.03731   0.56974  -1.03731
  4.16040   0.00000  -0.53236   0.00000  -0.53236   0.68628  -1.00291   0.68628  -1.00291
  4.21053   0.00000  -0.53236   0.00000  -0.53236   0.81413  -0.96210   0.81413  -0.96210
  4.26065   0.00000  -0.53236   0.00000  -0.53236   0.94049  -0.91496   0.94049  -0.91496
  4.31078   0.00000  -0.53236   0.00000  -0.53236   1.05032  -0.86231   1.05032  -0.86231
  4.36090   0.00000  -0.53236   0.00000  -0.53236   1.12562  -0.80589   1.12562  -0.80589
  4.41103   0.00000  -0.53236   0.00000  -0.53236   1.14717  -0.74839   1.14717  -0.74839
  4.46115   0.00000  -0.53236   0.00000  -0.53236   1.10066  -0.69322   1.10066  -0.69322
  4.51128   0.00000  -0.53236   0.00000  -0.53236   0.98468  -0.64386   0.98468  -0.64386
  4.56140   0.00000  -0.53236   0.00000  -0.53236   0.81491  -0.60301   0.81491  -0.60301
  4.61153   0.00000  -0.53236   0.00000  -0.53236   0.62039  -0.57191   0.62039  -0.57191
  4.66165   0.00000  -0.53236   0.00000  -0.53236   0.43303  -0.55021   0.43303  -0.55021
  4.71178   0.00000  -0.53236   0.00000  -0.53236   0.27674  -0.53634   0.27674  -0.53634
  4.76190   0.00000  -0.53236   0.00000  -0.53236   0.16194  -0.52822   0.16194  -0.52822
  4.81203   0.00000  -0.53236   0.00000  -0.53236   0.08686  -0.52386   0.08686  -0.52386
  4.86216   0.00000  -0.53236   0.00000  -0.53236   0.04275  -0.52172   0.04275  -0.52172
  4.91228   0.00000  -0.53236   0.00000  -0.53236   0.01933  -0.52075   0.01933  -0.52075
  4.96241   0.00000  -0.53236   0.00000  -0.53236   0.00802  -0.52035   0.00802  -0.52035
  5.01253   0.00000  -0.53236   0.00000  -0.53236   0.00305  -0.52020   0.00305  -0.52020
  5.06266   0.00000  -0.53236   0.00000  -0.53236   0.00106  -0.52014   0.00106  -0.52014
  5.11278   0.00000  -0.53236   0.00000  -0.53236   0.00034  -0.52013   0.00034  -0.52013
  5.16291   0.00000  -0.53236   0.00000  -0.53236   0.00010  -0.52012   0.00010  -0.52012
  5.21303   0.00000  -0.53236   0.00000  -0.53236   0.00003  -0.52012   0.00003  -0.52012
  5.26316   0.00000  -0.53236   0.00000  -0.53236   0.00001  -0.52012   0.00001  -0.52012
  5.31328   0.00000  -0.53236   0.00000  -0.53236   0.00000  -0.52012   0.00000  -0.52012
  5.36341   0.00000  -0.53236   0.00000  -0.53236   0.00000  -0.52012   0.00000  -0.52012
  5.41353   0.00000  -0.53236   0.00000  -0.53236   0.00000  -0.52012   0.00000  -0.52012
  5.46366   0.00000  -0.53236   0.00000  -0.53236   0.00000  -0.52012   0.00000  -0.52012
  5.51378   0.00000  -0.53236   0.00000  -0.53236   0.00000  -0.52012   0.00000  -0.52012
  5.56391   0.00000  -0.53236   0.00000  -0.53236   0.00000  -0.52012   0.00000  -0.52012
  5.61404   0.00000  -0.53236   0.00000  -0.53236   0.00000  -0.52012   0.00000  -0.52012
  5.66416   0.00000  -0.53236   0.00000  -0.53236   0.00000  -0.52012   0.00000  -0.52012
  5.71429   0.00000  -0.53236   0.00000  -0.53236   0.00000  -0.52012   0.00000  -0.52012
  5.76441   0.00000  -0.53236   0.00000  -0.53236   0.00000  -0.52012   0.00000  -0.52012
  5.81454   0.00000  -0.53236   0.00000  -0.53236   0.00000  -0.52012   0.00000  -0.52012
  5.86466   0.00000  -0.53236   0.00000  -0.53236   0.00000  -0.52012   0.00000  -0.52012
  5.91479   0.00000  -0.53236   0.00000  -0.53236   0.00000  -0.52012   0.00000  -0.52012
  5.96491   0.00000  -0.53236   0.00000  -0.53236   0.00000  -0.52012   0.00000  -0.52012
  6.01504   0.00000  -0.53236   0.00000  -0.53236   0.00000  -0.52012   0.00000  -0.52012
  6.06516   0.00001  -0.53236   0.00001  -0.53236   0.00000  -0.52012   0.00000  -0.52012
  6.11529   0.00002  -0.53235   0.00002  -0.53235   0.00000  -0.52012   0.00000  -0.52012
  6.16541   0.00005  -0.53235   0.00005  -0.53235   0.00000  -0.52012   0.00000  -0.52012
  6.21554   0.00008  -0.53235   0.00008  -0.53235   0.00001  -0.52012   0.00001  -0.52012
  6.26566   0.00014  -0.53234   0.00014  -0.53234   0.00002  -0.52012   0.00002  -0.52012
  6.31579   0.00021  -0.53233   0.00021  -0.53233   0.00003  -0.52012   0.00003  -0.52012
  6.36591   0.00031  -0.53232   0.00031  -0.53232   0.00006  -0.52011   0.00006  -0.52011
  6.41604   0.00042  -0.53230   0.00042  -0.53230   0.00011  -0.52011   0.00011  -0.52011
  6.46617   0.00053  -0.53227   0.00053  -0.53227   0.00018  -0.52010   0.00018  -0.52010
  6.51629   0.00062  -0.53224   0.00062  -0.53224   0.00028  -0.52009   0.00028  -0.52009
  6.56642   0.00069  -0.53220   0.00069  -0.53220   0.00039  -0.52007   0.00039  -0.52007
  6.61654   0.00073  -0.53217   0.00073  -0.53217   0.00050  -0.52004   0.00050  -0.52004
  6.66667   0.00075  -0.53213   0.00075  -0.53213   0.00060  -0.52001   0.00060  -0.52001
  6.71679   0.00078  -0.53209   0.00078  -0.53209   0.00067  -0.51998   0.00067  -0.51998
  6.76692   0.00089  -0.53204   0.00089  -0.53204   0.00069  -0.51994   0.00069  -0.51994
  6.81704   0.00114  -0.53199   0.00114  -0.53199   0.00068  -0.51991   0.00068  -0.51991
  6.86717   0.00158  -0.53191   0.00158  -0.53191   0.00065  -0.51988   0.00065  -0.51988
  6.91729   0.00225  -0.53179   0.00225  -0.53179   0.00065  -0.51984   0.00065  -0.51984
  6.96742   0.00317  -0.53164   0.00317  -0.53164   0.00074  -0.51981   0.00074  -0.51981
  7.01754   0.00431  -0.53142   0.00431  -0.53142   0.00097  -0.51976   0.00097  -0.51976
  7.06767   0.00563  -0.53114   0.00563  -0.53114   0.00138  -0.51969   0.00138  -0.51969
  7.11779   0.00703  -0.53079   0.00703  -0.53079   0.00201  -0.51959   0.00201  -0.51959
  7.16792   0.00839  -0.53037   0.00839  -0.53037   0.00288  -0.51944   0.00288  -0.51944
  7.21805   0.00965  -0.52988   0.00965  -0.52988   0.00398  -0.51924   0.00398  -0.51924
  7.26817   0.01087  -0.52934   0.01087  -0.52934   0.00528  -0.51898   0.00528  -0.51898
  7.31830   0.01233  -0.52872   0.01233  -0.52872   0.00669  -0.51864   0.00669  -0.51864
  7.36842   0.01441  -0.52800   0.01441  -0.52800   0.00810  -0.51824   0.00810  -0.51824
  7.41855   0.01750  -0.52712   0.01750  -0.52712   0.00943  -0.51777   0.00943  -0.51777
  7.46867   0.02164  -0.52603   0.02164  -0.52603   0.01070  -0.51723   0.01070  -0.51723
  7.51880   0.02644  -0.52471   0.02644  -0.52471   0.01213  -0.51662   0.01213  -0.51662
  7.56892   0.03107  -0.52315   0.03107  -0.52315   0.01405  -0.51592   0.01405  -0.51592
  7.61905   0.03473  -0.52141   0.03473  -0.52141   0.01681  -0.51507   0.01681  -0.51507
  7.66917   0.03703  -0.51955   0.03703  -0.51955   0.02047  -0.51405   0.02047  -0.51405
  7.71930   0.03828  -0.51764   0.03828  -0.51764   0.02471  -0.51281   0.02471  -0.51281
  7.76942   0.03933  -0.51566   0.03933  -0.51566   0.02883  -0.51136   0.02883  -0.51136
  7.81955   0.04108  -0.51360   0.04108  -0.51360   0.03212  -0.50975   0.03212  -0.50975
  7.86967   0.04405  -0.51140   0.04405  -0.51140   0.03429  -0.50804   0.03429  -0.50804
  7.91980   0.04812  -0.50898   0.04812  -0.50898   0.03562  -0.50625   0.03562  -0.50625
  7.96992   0.05260  -0.50635   0.05260  -0.50635   0.03685  -0.50440   0.03685  -0.50440
  8.02005   0.05662  -0.50351   0.05662  -0.50351   0.03879  -0.50246   0.03879  -0.50246
  8.07018   0.05959  -0.50052   0.05959  -0.50052   0.04187  -0.50036   0.04187  -0.50036
  8.12030   0.06153  -0.49744   0.06153  -0.49744   0.04600  -0.49805   0.04600  -0.49805
  8.17043   0.06326  -0.49427   0.06326  -0.49427   0.05058  -0.49552   0.05058  -0.49552
  8.22055   0.06594  -0.49096   0.06594  -0.49096   0.05487  -0.49277   0.05487  -0.49277
  8.27068   0.07056  -0.48743   0.07056  -0.48743   0.05842  -0.48984   0.05842  -0.48984
  8.32080   0.07732  -0.48355   0.07732  -0.48355   0.06133  -0.48677   0.06133  -0.48677
  8.37093   0.08550  -0.47926   0.08550  -0.47926   0.06429  -0.48354   0.06429  -0.48354
  8.42105   0.09382  -0.47456   0.09382  -0.47456   0.06816  -0.48013   0.06816  -0.48013
  8.47118   0.10098  -0.46950   0.10098  -0.46950   0.07344  -0.47645   0.07344  -0.47645
  8.52130   0.10618  -0.46418   0.10618  -0.46418   0.07998  -0.47244   0.07998  -0.47244
  8.57143   0.10932  -0.45870   0.10932  -0.45870   0.08701  -0.46808   0.08701  -0.46808
  8.62155   0.11100  -0.45313   0.11100  -0.45313   0.09346  -0.46339   0.09346  -0.46339
  8.67168   0.11231  -0.44751   0.11231  -0.44751   0.09847  -0.45846   0.09847  -0.45846
  8.72180   0.11459  -0.44176   0.11459  -0.44176   0.10177  -0.45335   0.10177  -0.45335
  8.77193   0.11905  -0.43579   0.11905  -0.43579   0.10389  -0.44815   0.10389  -0.44815
  8.82206   0.12621  -0.42947   0.12621  -0.42947   0.10602  -0.44283   0.10602  -0.44283
  8.87218   0.13557  -0.42267   0.13557  -0.42267   0.10955  -0.43734   0.10955  -0.43734
  8.92231   0.14565  -0.41537   0.14565  -0.41537   0.11552  -0.43155   0.11552  -0.43155
  8.97243   0.15446  -0.40763   0.15446  -0.40763   0.12407  -0.42533   0.12407  -0.42533
  9.02256   0.16033  -0.39959   0.16033  -0.39959   0.13432  -0.41860   0.13432  -0.41860
  9.07268   0.16250  -0.39145   0.16250  -0.39145   0.14465  -0.41135   0.14465  -0.41135
  9.12281   0.16137  -0.38336   0.16137  -0.38336   0.15335  -0.40366   0.15335  -0.40366
  9.17293   0.15822  -0.37543   0.15822  -0.37543   0.15921  -0.39568   0.15921  -0.39568
  9.22306   0.15464  -0.36768   0.15464  -0.36768   0.16194  -0.38756   0.16194  -0.38756
  9.27318   0.15193  -0.36006   0.15193  -0.36006   0.16207  -0.37944   0.16207  -0.37944
  9.32331   0.15062  -0.35251   0.15062  -0.35251   0.16067  -0.37139   0.16067  -0.37139
  9.37343   0.15038  -0.34497   0.15038  -0.34497   0.15871  -0.36343   0.15871  -0.36343
  9.42356   0.15025  -0.33744   0.15025  -0.33744   0.15677  -0.35557   0.15677  -0.35557
  9.47368   0.14909  -0.32997   0.14909  -0.32997   0.15489  -0.34781   0.15489  -0.34781
  9.52381   0.14601  -0.32265   0.14601  -0.32265   0.15265  -0.34016   0.15265  -0.34016
  9.57393   0.14075  -0.31559   0.14075  -0.31559   0.14954  -0.33266   0.14954  -0.33266
  9.62406   0.13370  -0.30889   0.13370  -0.30889   0.14520  -0.32538   0.14520  -0.32538
  9.67419   0.12587  -0.30258   0.12587  -0.30258   0.13960  -0.31839   0.13960  -0.31839
  9.72431   0.11870  -0.29663   0.11870  -0.29663   0.13298  -0.31172   0.13298  -0.31172
  9.77444   0.11356  -0.29094   0.11356  -0.29094   0.12588  -0.30541   0.12588  -0.30541
  9.82456   0.11129  -0.28536   0.11129  -0.28536   0.11908  -0.29944   0.11908  -0.29944
  9.87469   0.11173  -0.27976   0.11173  -0.27976   0.11355  -0.29375   0.11355  -0.29375
  9.92481   0.11390  -0.27405   0.11390  -0.27405   0.11017  -0.28823   0.11017  -0.28823
  9.97494   0.11648  -0.26821   0.11648  -0.26821   0.10945  -0.28274   0.10945  -0.28274
 10.02506   0.11846  -0.26228   0.11846  -0.26228   0.11124  -0.27716   0.11124  -0.27716