ESCALE ; pCOHP file generated by LOBSTER. Energy is shifted such that the Fermi level lies at 0 eV.
         2          2        401  -6.04511e+00   1.40050e+01   3.97995e+00 
Average
No.1:Mn41->O77(1.9449379087749126)
-10.02506   0.00000  -0.67197   0.00000  -0.67197   0.00000  -0.66563   0.00000  -0.66563
 -9.97494   0.00000  -0.67197   0.00000  -0.67197   0.00000  -0.66563   0.00000  -0.66563
 -9.92481   0.00000  -0.67197   0.00000  -0.67197   0.00000  -0.66563   0.00000  -0.66563
 -9.87469   0.00000  -0.67197   0.00000  -0.67197   0.00000  -0.66563   0.00000  -0.66563
 -9.82456   0.00000  -0.67197   0.00000  -0.67197   0.00000  -0.66563   0.00000  -0.66563
 -9.77444   0.00000  -0.67197   0.00000  -0.67197   0.00000  -0.66563   0.00000  -0.66563
 -9.72431   0.00000  -0.67197   0.00000  -0.67197   0.00000  -0.66563   0.00000  -0.66563
 -9.67419   0.00000  -0.67197   0.00000  -0.67197   0.00000  -0.66563   0.00000  -0.66563
 -9.62406   0.00000  -0.67197   0.00000  -0.67197   0.00000  -0.66563   0.00000  -0.66563
 -9.57393   0.00000  -0.67197   0.00000  -0.67197   0.00000  -0.66563   0.00000  -0.66563
 -9.52381   0.00000  -0.67197   0.00000  -0.67197   0.00000  -0.66563   0.00000  -0.66563
 -9.47368   0.00000  -0.67197   0.00000  -0.67197   0.00000  -0.66563   0.00000  -0.66563
 -9.42356   0.00000  -0.67197   0.00000  -0.67197   0.00000  -0.66563   0.00000  -0.66563
 -9.37343   0.00000  -0.67197   0.00000  -0.67197   0.00000  -0.66563   0.00000  -0.66563
 -9.32331   0.00000  -0.67197   0.00000  -0.67197   0.00000  -0.66563   0.00000  -0.66563
 -9.27318   0.00000  -0.67197   0.00000  -0.67197   0.00000  -0.66563   0.00000  -0.66563
 -9.22306   0.00000  -0.67197   0.00000  -0.67197   0.00000  -0.66563   0.00000  -0.66563
 -9.17293   0.00000  -0.67197   0.00000  -0.67197   0.00000  -0.66563   0.00000  -0.66563
 -9.12281   0.00000  -0.67197   0.00000  -0.67197   0.00000  -0.66563   0.00000  -0.66563
 -9.07268   0.00000  -0.67197   0.00000  -0.67197   0.00000  -0.66563   0.00000  -0.66563
 -9.02256   0.00000  -0.67197   0.00000  -0.67197   0.00000  -0.66563   0.00000  -0.66563
 -8.97243   0.00000  -0.67197   0.00000  -0.67197   0.00000  -0.66563   0.00000  -0.66563
 -8.92231   0.00000  -0.67197   0.00000  -0.67197   0.00000  -0.66563   0.00000  -0.66563
 -8.87218   0.00000  -0.67197   0.00000  -0.67197   0.00000  -0.66563   0.00000  -0.66563
 -8.82206  -0.00000  -0.67197  -0.00000  -0.67197   0.00000  -0.66563   0.00000  -0.66563
 -8.77193  -0.00000  -0.67197  -0.00000  -0.67197   0.00000  -0.66563   0.00000  -0.66563
 -8.72180  -0.00000  -0.67197  -0.00000  -0.67197   0.00000  -0.66563   0.00000  -0.66563
 -8.67168  -0.00000  -0.67197  -0.00000  -0.67197   0.00000  -0.66563   0.00000  -0.66563
 -8.62155  -0.00000  -0.67197  -0.00000  -0.67197   0.00000  -0.66563   0.00000  -0.66563
 -8.57143  -0.00000  -0.67197  -0.00000  -0.67197   0.00000  -0.66563   0.00000  -0.66563
 -8.52130  -0.00000  -0.67197  -0.00000  -0.67197   0.00000  -0.66563   0.00000  -0.66563
 -8.47118  -0.00000  -0.67197  -0.00000  -0.67197   0.00000  -0.66563   0.00000  -0.66563
 -8.42105  -0.00000  -0.67197  -0.00000  -0.67197   0.00000  -0.66563   0.00000  -0.66563
 -8.37093  -0.00000  -0.67197  -0.00000  -0.67197   0.00000  -0.66563   0.00000  -0.66563
 -8.32080  -0.00000  -0.67197  -0.00000  -0.67197   0.00000  -0.66563   0.00000  -0.66563
 -8.27068  -0.00000  -0.67197  -0.00000  -0.67197   0.00000  -0.66563   0.00000  -0.66563
 -8.22055  -0.00000  -0.67197  -0.00000  -0.67197   0.00000  -0.66563   0.00000  -0.66563
 -8.17043  -0.00000  -0.67197  -0.00000  -0.67197   0.00000  -0.66563   0.00000  -0.66563
 -8.12030  -0.00000  -0.67197  -0.00000  -0.67197   0.00000  -0.66563   0.00000  -0.66563
 -8.07018  -0.00000  -0.67197  -0.00000  -0.67197   0.00000  -0.66563   0.00000  -0.66563
 -8.02005  -0.00001  -0.67198  -0.00001  -0.67198   0.00000  -0.66563   0.00000  -0.66563
 -7.96992  -0.00002  -0.67198  -0.00002  -0.67198   0.00000  -0.66563   0.00000  -0.66563
 -7.91980  -0.00004  -0.67198  -0.00004  -0.67198   0.00000  -0.66563   0.00000  -0.66563
 -7.86967  -0.00007  -0.67198  -0.00007  -0.67198   0.00000  -0.66563   0.00000  -0.66563
 -7.81955  -0.00011  -0.67199  -0.00011  -0.67199   0.00000  -0.66563   0.00000  -0.66563
 -7.76942  -0.00014  -0.67200  -0.00014  -0.67200   0.00000  -0.66563   0.00000  -0.66563
 -7.71930  -0.00017  -0.67200  -0.00017  -0.67200   0.00000  -0.66563   0.00000  -0.66563
 -7.66917  -0.00017  -0.67201  -0.00017  -0.67201   0.00000  -0.66563   0.00000  -0.66563
 -7.61905  -0.00016  -0.67202  -0.00016  -0.67202   0.00000  -0.66563   0.00000  -0.66563
 -7.56892  -0.00014  -0.67203  -0.00014  -0.67203  -0.00000  -0.66563  -0.00000  -0.66563
 -7.51880  -0.00010  -0.67203  -0.00010  -0.67203  -0.00000  -0.66563  -0.00000  -0.66563
 -7.46867  -0.00007  -0.67204  -0.00007  -0.67204  -0.00000  -0.66563  -0.00000  -0.66563
 -7.41855  -0.00005  -0.67204  -0.00005  -0.67204  -0.00000  -0.66563  -0.00000  -0.66563
 -7.36842  -0.00003  -0.67204  -0.00003  -0.67204  -0.00000  -0.66563  -0.00000  -0.66563
 -7.31830  -0.00003  -0.67204  -0.00003  -0.67204  -0.00000  -0.66563  -0.00000  -0.66563
 -7.26817  -0.00003  -0.67204  -0.00003  -0.67204  -0.00000  -0.66563  -0.00000  -0.66563
 -7.21805  -0.00005  -0.67205  -0.00005  -0.67205  -0.00000  -0.66563  -0.00000  -0.66563
 -7.16792  -0.00007  -0.67205  -0.00007  -0.67205  -0.00000  -0.66563  -0.00000  -0.66563
 -7.11779  -0.00010  -0.67205  -0.00010  -0.67205  -0.00000  -0.66563  -0.00000  -0.66563
 -7.06767  -0.00013  -0.67206  -0.00013  -0.67206  -0.00000  -0.66563  -0.00000  -0.66563
 -7.01754  -0.00017  -0.67207  -0.00017  -0.67207  -0.00000  -0.66563  -0.00000  -0.66563
 -6.96742  -0.00024  -0.67208  -0.00024  -0.67208  -0.00000  -0.66563  -0.00000  -0.66563
 -6.91729  -0.00037  -0.67210  -0.00037  -0.67210  -0.00000  -0.66563  -0.00000  -0.66563
 -6.86717  -0.00064  -0.67213  -0.00064  -0.67213  -0.00000  -0.66563  -0.00000  -0.66563
 -6.81704  -0.00116  -0.67219  -0.00116  -0.67219  -0.00000  -0.66563  -0.00000  -0.66563
 -6.76692  -0.00218  -0.67230  -0.00218  -0.67230  -0.00000  -0.66563  -0.00000  -0.66563
 -6.71679  -0.00418  -0.67251  -0.00418  -0.67251  -0.00000  -0.66563  -0.00000  -0.66563
 -6.66667  -0.00798  -0.67291  -0.00798  -0.67291  -0.00000  -0.66563  -0.00000  -0.66563
 -6.61654  -0.01480  -0.67365  -0.01480  -0.67365  -0.00001  -0.66564  -0.00001  -0.66564
 -6.56642  -0.02611  -0.67496  -0.02611  -0.67496  -0.00001  -0.66564  -0.00001  -0.66564
 -6.51629  -0.04314  -0.67712  -0.04314  -0.67712  -0.00002  -0.66564  -0.00002  -0.66564
 -6.46617  -0.06635  -0.68045  -0.06635  -0.68045  -0.00003  -0.66564  -0.00003  -0.66564
 -6.41604  -0.09511  -0.68522  -0.09511  -0.68522  -0.00004  -0.66564  -0.00004  -0.66564
 -6.36591  -0.12790  -0.69163  -0.12790  -0.69163  -0.00004  -0.66564  -0.00004  -0.66564
 -6.31579  -0.16306  -0.69980  -0.16306  -0.69980  -0.00005  -0.66564  -0.00005  -0.66564
 -6.26566  -0.19936  -0.70979  -0.19936  -0.70979  -0.00005  -0.66565  -0.00005  -0.66565
 -6.21554  -0.23593  -0.72162  -0.23593  -0.72162  -0.00005  -0.66565  -0.00005  -0.66565
 -6.16541  -0.27164  -0.73524  -0.27164  -0.73524  -0.00006  -0.66565  -0.00006  -0.66565
 -6.11529  -0.30435  -0.75049  -0.30435  -0.75049  -0.00006  -0.66566  -0.00006  -0.66566
 -6.06516  -0.33102  -0.76708  -0.33102  -0.76708  -0.00007  -0.66566  -0.00007  -0.66566
 -6.01504  -0.34850  -0.78455  -0.34850  -0.78455  -0.00008  -0.66566  -0.00008  -0.66566
 -5.96491  -0.35458  -0.80233  -0.35458  -0.80233  -0.00008  -0.66567  -0.00008  -0.66567
 -5.91479  -0.34880  -0.81981  -0.34880  -0.81981  -0.00010  -0.66567  -0.00010  -0.66567
 -5.86466  -0.33267  -0.83648  -0.33267  -0.83648  -0.00014  -0.66568  -0.00014  -0.66568
 -5.81454  -0.30948  -0.85200  -0.30948  -0.85200  -0.00021  -0.66569  -0.00021  -0.66569
 -5.76441  -0.28394  -0.86623  -0.28394  -0.86623  -0.00032  -0.66571  -0.00032  -0.66571
 -5.71429  -0.26156  -0.87934  -0.26156  -0.87934  -0.00049  -0.66573  -0.00049  -0.66573
 -5.66416  -0.24776  -0.89176  -0.24776  -0.89176  -0.00072  -0.66577  -0.00072  -0.66577
 -5.61404  -0.24668  -0.90413  -0.24668  -0.90413  -0.00102  -0.66582  -0.00102  -0.66582
 -5.56391  -0.25987  -0.91715  -0.25987  -0.91715  -0.00138  -0.66589  -0.00138  -0.66589
 -5.51378  -0.28553  -0.93146  -0.28553  -0.93146  -0.00182  -0.66598  -0.00182  -0.66598
 -5.46366  -0.31857  -0.94743  -0.31857  -0.94743  -0.00234  -0.66610  -0.00234  -0.66610
 -5.41353  -0.35186  -0.96507  -0.35186  -0.96507  -0.00294  -0.66624  -0.00294  -0.66624
 -5.36341  -0.37805  -0.98402  -0.37805  -0.98402  -0.00363  -0.66642  -0.00363  -0.66642
 -5.31328  -0.39147  -1.00364  -0.39147  -1.00364  -0.00444  -0.66665  -0.00444  -0.66665
 -5.26316  -0.38957  -1.02317  -0.38957  -1.02317  -0.00550  -0.66692  -0.00550  -0.66692
 -5.21303  -0.37376  -1.04190  -0.37376  -1.04190  -0.00706  -0.66728  -0.00706  -0.66728
 -5.16291  -0.34920  -1.05941  -0.34920  -1.05941  -0.00969  -0.66776  -0.00969  -0.66776
 -5.11278  -0.32340  -1.07562  -0.32340  -1.07562  -0.01425  -0.66848  -0.01425  -0.66848
 -5.06266  -0.30371  -1.09084  -0.30371  -1.09084  -0.02201  -0.66958  -0.02201  -0.66958
 -5.01253  -0.29479  -1.10562  -0.29479  -1.10562  -0.03451  -0.67131  -0.03451  -0.67131
 -4.96241  -0.29725  -1.12052  -0.29725  -1.12052  -0.05325  -0.67398  -0.05325  -0.67398
 -4.91228  -0.30828  -1.13597  -0.30828  -1.13597  -0.07909  -0.67794  -0.07909  -0.67794
 -4.86216  -0.32361  -1.15219  -0.32361  -1.15219  -0.11149  -0.68353  -0.11149  -0.68353
 -4.81203  -0.33962  -1.16922  -0.33962  -1.16922  -0.14815  -0.69096  -0.14815  -0.69096
 -4.76190  -0.35442  -1.18698  -0.35442  -1.18698  -0.18540  -0.70025  -0.18540  -0.70025
 -4.71178  -0.36750  -1.20540  -0.36750  -1.20540  -0.21964  -0.71126  -0.21964  -0.71126
 -4.66165  -0.37852  -1.22438  -0.37852  -1.22438  -0.24893  -0.72374  -0.24893  -0.72374
 -4.61153  -0.38614  -1.24373  -0.38614  -1.24373  -0.27373  -0.73746  -0.27373  -0.73746
 -4.56140  -0.38788  -1.26317  -0.38788  -1.26317  -0.29610  -0.75230  -0.29610  -0.75230
 -4.51128  -0.38100  -1.28227  -0.38100  -1.28227  -0.31776  -0.76823  -0.31776  -0.76823
 -4.46115  -0.36403  -1.30052  -0.36403  -1.30052  -0.33857  -0.78520  -0.33857  -0.78520
 -4.41103  -0.33782  -1.31745  -0.33782  -1.31745  -0.35652  -0.80307  -0.35652  -0.80307
 -4.36090  -0.30539  -1.33276  -0.30539  -1.33276  -0.36908  -0.82157  -0.36908  -0.82157
 -4.31078  -0.27080  -1.34633  -0.27080  -1.34633  -0.37491  -0.84036  -0.37491  -0.84036
 -4.26065  -0.23772  -1.35825  -0.23772  -1.35825  -0.37444  -0.85913  -0.37444  -0.85913
 -4.21053  -0.20871  -1.36871  -0.20871  -1.36871  -0.36926  -0.87764  -0.36926  -0.87764
 -4.16040  -0.18530  -1.37800  -0.18530  -1.37800  -0.36086  -0.89573  -0.36086  -0.89573
 -4.11028  -0.16817  -1.38643  -0.16817  -1.38643  -0.34987  -0.91327  -0.34987  -0.91327
 -4.06015  -0.15714  -1.39431  -0.15714  -1.39431  -0.33628  -0.93012  -0.33628  -0.93012
 -4.01003  -0.15071  -1.40186  -0.15071  -1.40186  -0.32024  -0.94618  -0.32024  -0.94618
 -3.95990  -0.14604  -1.40918  -0.14604  -1.40918  -0.30278  -0.96135  -0.30278  -0.96135
 -3.90977  -0.13983  -1.41619  -0.13983  -1.41619  -0.28609  -0.97569  -0.28609  -0.97569
 -3.85965  -0.12983  -1.42270  -0.12983  -1.42270  -0.27317  -0.98939  -0.27317  -0.98939
 -3.80952  -0.11594  -1.42851  -0.11594  -1.42851  -0.26712  -1.00278  -0.26712  -1.00278
 -3.75940  -0.10001  -1.43352  -0.10001  -1.43352  -0.27047  -1.01633  -0.27047  -1.01633
 -3.70927  -0.08464  -1.43776  -0.08464  -1.43776  -0.28449  -1.03059  -0.28449  -1.03059
 -3.65915  -0.07190  -1.44137  -0.07190  -1.44137  -0.30866  -1.04606  -0.30866  -1.04606
 -3.60902  -0.06268  -1.44451  -0.06268  -1.44451  -0.34022  -1.06312  -0.34022  -1.06312
 -3.55890  -0.05685  -1.44736  -0.05685  -1.44736  -0.37396  -1.08186  -0.37396  -1.08186
 -3.50877  -0.05377  -1.45006  -0.05377  -1.45006  -0.40282  -1.10205  -0.40282  -1.10205
 -3.45865  -0.05265  -1.45270  -0.05265  -1.45270  -0.41967  -1.12309  -0.41967  -1.12309
 -3.40852  -0.05275  -1.45534  -0.05275  -1.45534  -0.41973  -1.14413  -0.41973  -1.14413
 -3.35840  -0.05341  -1.45802  -0.05341  -1.45802  -0.40248  -1.16430  -0.40248  -1.16430
 -3.30827  -0.05401  -1.46072  -0.05401  -1.46072  -0.37177  -1.18294  -0.37177  -1.18294
 -3.25815  -0.05365  -1.46341  -0.05365  -1.46341  -0.33407  -1.19968  -0.33407  -1.19968
 -3.20802  -0.05112  -1.46597  -0.05112  -1.46597  -0.29586  -1.21451  -0.29586  -1.21451
 -3.15789  -0.04501  -1.46823  -0.04501  -1.46823  -0.26159  -1.22763  -0.26159  -1.22763
 -3.10777  -0.03446  -1.46996  -0.03446  -1.46996  -0.23300  -1.23931  -0.23300  -1.23931
 -3.05764  -0.01989  -1.47096  -0.01989  -1.47096  -0.20974  -1.24982  -0.20974  -1.24982
 -3.00752  -0.00345  -1.47113  -0.00345  -1.47113  -0.19059  -1.25937  -0.19059  -1.25937
 -2.95739   0.01140  -1.47056   0.01140  -1.47056  -0.17452  -1.26812  -0.17452  -1.26812
 -2.90727   0.02124  -1.46949   0.02124  -1.46949  -0.16102  -1.27619  -0.16102  -1.27619
 -2.85714   0.02420  -1.46828   0.02420  -1.46828  -0.14997  -1.28371  -0.14997  -1.28371
 -2.80702   0.02097  -1.46723   0.02097  -1.46723  -0.14121  -1.29079  -0.14121  -1.29079
 -2.75689   0.01447  -1.46650   0.01447  -1.46650  -0.13429  -1.29752  -0.13429  -1.29752
 -2.70677   0.00863  -1.46607   0.00863  -1.46607  -0.12856  -1.30396  -0.12856  -1.30396
 -2.65664   0.00664  -1.46574   0.00664  -1.46574  -0.12346  -1.31015  -0.12346  -1.31015
 -2.60652   0.01004  -1.46523   0.01004  -1.46523  -0.11883  -1.31611  -0.11883  -1.31611
 -2.55639   0.01857  -1.46430   0.01857  -1.46430  -0.11490  -1.32187  -0.11490  -1.32187
 -2.50627   0.03083  -1.46276   0.03083  -1.46276  -0.11220  -1.32749  -0.11220  -1.32749
 -2.45614   0.04499  -1.46050   0.04499  -1.46050  -0.11116  -1.33306  -0.11116  -1.33306
 -2.40602   0.05929  -1.45753   0.05929  -1.45753  -0.11175  -1.33866  -0.11175  -1.33866
 -2.35589   0.07239  -1.45390   0.07239  -1.45390  -0.11335  -1.34435  -0.11335  -1.34435
 -2.30576   0.08357  -1.44971   0.08357  -1.44971  -0.11487  -1.35010  -0.11487  -1.35010
 -2.25564   0.09282  -1.44506   0.09282  -1.44506  -0.11520  -1.35588  -0.11520  -1.35588
 -2.20551   0.10083  -1.44001   0.10083  -1.44001  -0.11363  -1.36157  -0.11363  -1.36157
 -2.15539   0.10851  -1.43457   0.10851  -1.43457  -0.11001  -1.36709  -0.11001  -1.36709
 -2.10526   0.11652  -1.42873   0.11652  -1.42873  -0.10464  -1.37233  -0.10464  -1.37233
 -2.05514   0.12489  -1.42247   0.12489  -1.42247  -0.09794  -1.37724  -0.09794  -1.37724
 -2.00501   0.13291  -1.41580   0.13291  -1.41580  -0.09024  -1.38177  -0.09024  -1.38177
 -1.95489   0.13964  -1.40881   0.13964  -1.40881  -0.08179  -1.38586  -0.08179  -1.38586
 -1.90476   0.14451  -1.40156   0.14451  -1.40156  -0.07287  -1.38952  -0.07287  -1.38952
 -1.85464   0.14784  -1.39415   0.14784  -1.39415  -0.06394  -1.39272  -0.06394  -1.39272
 -1.80451   0.15088  -1.38659   0.15088  -1.38659  -0.05558  -1.39551  -0.05558  -1.39551
 -1.75439   0.15525  -1.37881   0.15525  -1.37881  -0.04842  -1.39794  -0.04842  -1.39794
 -1.70426   0.16213  -1.37068   0.16213  -1.37068  -0.04285  -1.40008  -0.04285  -1.40008
 -1.65414   0.17162  -1.36208   0.17162  -1.36208  -0.03883  -1.40203  -0.03883  -1.40203
 -1.60401   0.18276  -1.35292   0.18276  -1.35292  -0.03583  -1.40383  -0.03583  -1.40383
 -1.55388   0.19392  -1.34320   0.19392  -1.34320  -0.03304  -1.40548  -0.03304  -1.40548
 -1.50376   0.20337  -1.33300   0.20337  -1.33300  -0.02982  -1.40698  -0.02982  -1.40698
 -1.45363   0.20969  -1.32249   0.20969  -1.32249  -0.02607  -1.40828  -0.02607  -1.40828
 -1.40351   0.21188  -1.31187   0.21188  -1.31187  -0.02241  -1.40941  -0.02241  -1.40941
 -1.35338   0.20950  -1.30137   0.20950  -1.30137  -0.01991  -1.41040  -0.01991  -1.41040
 -1.30326   0.20287  -1.29120   0.20287  -1.29120  -0.01959  -1.41139  -0.01959  -1.41139
 -1.25313   0.19321  -1.28152   0.19321  -1.28152  -0.02179  -1.41248  -0.02179  -1.41248
 -1.20301   0.18250  -1.27237   0.18250  -1.27237  -0.02587  -1.41378  -0.02587  -1.41378
 -1.15288   0.17291  -1.26370   0.17291  -1.26370  -0.03035  -1.41530  -0.03035  -1.41530
 -1.10276   0.16603  -1.25538   0.16603  -1.25538  -0.03339  -1.41697  -0.03339  -1.41697
 -1.05263   0.16223  -1.24725   0.16223  -1.24725  -0.03349  -1.41865  -0.03349  -1.41865
 -1.00251   0.16066  -1.23919   0.16066  -1.23919  -0.02996  -1.42015  -0.02996  -1.42015
 -0.95238   0.15993  -1.23118   0.15993  -1.23118  -0.02309  -1.42131  -0.02309  -1.42131
 -0.90226   0.15910  -1.22320   0.15910  -1.22320  -0.01389  -1.42200  -0.01389  -1.42200
 -0.85213   0.15840  -1.21526   0.15840  -1.21526  -0.00386  -1.42220  -0.00386  -1.42220
 -0.80201   0.15892  -1.20730   0.15892  -1.20730   0.00545  -1.42192   0.00545  -1.42192
 -0.75188   0.16151  -1.19920   0.16151  -1.19920   0.01273  -1.42129   0.01273  -1.42129
 -0.70175   0.16551  -1.19091   0.16551  -1.19091   0.01719  -1.42042   0.01719  -1.42042
 -0.65163   0.16841  -1.18246   0.16841  -1.18246   0.01871  -1.41949   0.01871  -1.41949
 -0.60150   0.16677  -1.17410   0.16677  -1.17410   0.01780  -1.41859   0.01780  -1.41859
 -0.55138   0.15798  -1.16619   0.15798  -1.16619   0.01529  -1.41783   0.01529  -1.41783
 -0.50125   0.14168  -1.15908   0.14168  -1.15908   0.01207  -1.41722   0.01207  -1.41722
 -0.45113   0.11997  -1.15307   0.11997  -1.15307   0.00886  -1.41678   0.00886  -1.41678
 -0.40100   0.09639  -1.14824   0.09639  -1.14824   0.00607  -1.41648   0.00607  -1.41648
 -0.35088   0.07433  -1.14451   0.07433  -1.14451   0.00389  -1.41628   0.00389  -1.41628
 -0.30075   0.05595  -1.14171   0.05595  -1.14171   0.00232  -1.41616   0.00232  -1.41616
 -0.25063   0.04190  -1.13961   0.04190  -1.13961   0.00129  -1.41610   0.00129  -1.41610
 -0.20050   0.03168  -1.13802   0.03168  -1.13802   0.00066  -1.41607   0.00066  -1.41607
 -0.15038   0.02429  -1.13680   0.02429  -1.13680   0.00031  -1.41605   0.00031  -1.41605
 -0.10025   0.01874  -1.13586   0.01874  -1.13586   0.00013  -1.41604   0.00013  -1.41604
 -0.05013   0.01432  -1.13515   0.01432  -1.13515   0.00005  -1.41604   0.00005  -1.41604
  0.00000   0.01065  -1.13461   0.01065  -1.13461   0.00002  -1.41604   0.00002  -1.41604
  0.05013   0.00760  -1.13423   0.00760  -1.13423   0.00001  -1.41604   0.00001  -1.41604
  0.10025   0.00514  -1.13397   0.00514  -1.13397   0.00000  -1.41604   0.00000  -1.41604
  0.15038   0.00328  -1.13381   0.00328  -1.13381   0.00000  -1.41604   0.00000  -1.41604
  0.20050   0.00196  -1.13371   0.00196  -1.13371   0.00000  -1.41604   0.00000  -1.41604
  0.25063   0.00109  -1.13366   0.00109  -1.13366   0.00000  -1.41604   0.00000  -1.41604
  0.30075   0.00057  -1.13363   0.00057  -1.13363   0.00000  -1.41604   0.00000  -1.41604
  0.35088   0.00029  -1.13361   0.00029  -1.13361   0.00000  -1.41604   0.00000  -1.41604
  0.40100   0.00017  -1.13361   0.00017  -1.13361   0.00000  -1.41604   0.00000  -1.41604
  0.45113   0.00015  -1.13360   0.00015  -1.13360   0.00000  -1.41604   0.00000  -1.41604
  0.50125   0.00020  -1.13359   0.00020  -1.13359   0.00000  -1.41604   0.00000  -1.41604
  0.55138   0.00030  -1.13357   0.00030  -1.13357   0.00000  -1.41604   0.00000  -1.41604
  0.60150   0.00041  -1.13355   0.00041  -1.13355   0.00000  -1.41604   0.00000  -1.41604
  0.65163   0.00050  -1.13353   0.00050  -1.13353   0.00000  -1.41604   0.00000  -1.41604
  0.70175   0.00056  -1.13350   0.00056  -1.13350   0.00000  -1.41604   0.00000  -1.41604
  0.75188   0.00058  -1.13347   0.00058  -1.13347   0.00000  -1.41604   0.00000  -1.41604
  0.80201   0.00057  -1.13344   0.00057  -1.13344   0.00000  -1.41604   0.00000  -1.41604
  0.85213   0.00056  -1.13341   0.00056  -1.13341   0.00000  -1.41604   0.00000  -1.41604
  0.90226   0.00059  -1.13339   0.00059  -1.13339   0.00001  -1.41604   0.00001  -1.41604
  0.95238   0.00067  -1.13335   0.00067  -1.13335   0.00002  -1.41604   0.00002  -1.41604
  1.00251   0.00080  -1.13331   0.00080  -1.13331   0.00004  -1.41604   0.00004  -1.41604
  1.05263   0.00102  -1.13326   0.00102  -1.13326   0.00009  -1.41603   0.00009  -1.41603
  1.10276   0.00139  -1.13319   0.00139  -1.13319   0.00016  -1.41602   0.00016  -1.41602
  1.15288   0.00214  -1.13308   0.00214  -1.13308   0.00027  -1.41601   0.00027  -1.41601
  1.20301   0.00374  -1.13290   0.00374  -1.13290   0.00041  -1.41599   0.00041  -1.41599
  1.25313   0.00698  -1.13255   0.00698  -1.13255   0.00058  -1.41596   0.00058  -1.41596
  1.30326   0.01303  -1.13189   0.01303  -1.13189   0.00076  -1.41592   0.00076  -1.41592
  1.35338   0.02333  -1.13072   0.02333  -1.13072   0.00092  -1.41588   0.00092  -1.41588
  1.40351   0.03930  -1.12875   0.03930  -1.12875   0.00103  -1.41583   0.00103  -1.41583
  1.45363   0.06207  -1.12564   0.06207  -1.12564   0.00107  -1.41577   0.00107  -1.41577
  1.50376   0.09246  -1.12101   0.09246  -1.12101   0.00106  -1.41572   0.00106  -1.41572
  1.55388   0.13157  -1.11441   0.13157  -1.11441   0.00104  -1.41567   0.00104  -1.41567
  1.60401   0.18157  -1.10531   0.18157  -1.10531   0.00105  -1.41561   0.00105  -1.41561
  1.65414   0.24569  -1.09300   0.24569  -1.09300   0.00117  -1.41556   0.00117  -1.41556
  1.70426   0.32678  -1.07662   0.32678  -1.07662   0.00139  -1.41549   0.00139  -1.41549
  1.75439   0.42423  -1.05535   0.42423  -1.05535   0.00165  -1.41540   0.00165  -1.41540
  1.80451   0.53116  -1.02873   0.53116  -1.02873   0.00186  -1.41531   0.00186  -1.41531
  1.85464   0.63398  -0.99695   0.63398  -0.99695   0.00192  -1.41521   0.00192  -1.41521
  1.90476   0.71576  -0.96107   0.71576  -0.96107   0.00179  -1.41512   0.00179  -1.41512
  1.95489   0.76220  -0.92287   0.76220  -0.92287   0.00150  -1.41505   0.00150  -1.41505
  2.00501   0.76745  -0.88440   0.76745  -0.88440   0.00113  -1.41499   0.00113  -1.41499
  2.05514   0.73708  -0.84745   0.73708  -0.84745   0.00077  -1.41495   0.00077  -1.41495
  2.10526   0.68655  -0.81304   0.68655  -0.81304   0.00050  -1.41493   0.00050  -1.41493
  2.15539   0.63579  -0.78117   0.63579  -0.78117   0.00034  -1.41491   0.00034  -1.41491
  2.20551   0.60159  -0.75101   0.60159  -0.75101   0.00026  -1.41490   0.00026  -1.41490
  2.25564   0.59055  -0.72141   0.59055  -0.72141   0.00025  -1.41489   0.00025  -1.41489
  2.30576   0.59576  -0.69155   0.59576  -0.69155   0.00028  -1.41487   0.00028  -1.41487
  2.35589   0.59927  -0.66151   0.59927  -0.66151   0.00036  -1.41485   0.00036  -1.41485
  2.40602   0.58056  -0.63241   0.58056  -0.63241   0.00049  -1.41483   0.00049  -1.41483
  2.45614   0.52691  -0.60600   0.52691  -0.60600   0.00069  -1.41479   0.00069  -1.41479
  2.50627   0.43985  -0.58395   0.43985  -0.58395   0.00097  -1.41475   0.00097  -1.41475
  2.55639   0.33400  -0.56721   0.33400  -0.56721   0.00130  -1.41468   0.00130  -1.41468
  2.60652   0.22921  -0.55572   0.22921  -0.55572   0.00160  -1.41460   0.00160  -1.41460
  2.65664   0.14161  -0.54862   0.14161  -0.54862   0.00182  -1.41451   0.00182  -1.41451
  2.70677   0.07858  -0.54468   0.07858  -0.54468   0.00196  -1.41441   0.00196  -1.41441
  2.75689   0.03911  -0.54272   0.03911  -0.54272   0.00212  -1.41430   0.00212  -1.41430
  2.80702   0.01744  -0.54185   0.01744  -0.54185   0.00263  -1.41417   0.00263  -1.41417
  2.85714   0.00696  -0.54150   0.00696  -0.54150   0.00411  -1.41397   0.00411  -1.41397
  2.90727   0.00249  -0.54137   0.00249  -0.54137   0.00755  -1.41359   0.00755  -1.41359
  2.95739   0.00079  -0.54133   0.00079  -0.54133   0.01442  -1.41286   0.01442  -1.41286
  3.00752   0.00023  -0.54132   0.00023  -0.54132   0.02650  -1.41154   0.02650  -1.41154
  3.05764   0.00006  -0.54132   0.00006  -0.54132   0.04544  -1.40926   0.04544  -1.40926
  3.10777   0.00001  -0.54132   0.00001  -0.54132   0.07206  -1.40565   0.07206  -1.40565
  3.15789   0.00000  -0.54132   0.00000  -0.54132   0.10574  -1.40035   0.10574  -1.40035
  3.20802   0.00000  -0.54132   0.00000  -0.54132   0.14452  -1.39310   0.14452  -1.39310
  3.25815   0.00000  -0.54132   0.00000  -0.54132   0.18598  -1.38378   0.18598  -1.38378
  3.30827   0.00000  -0.54132   0.00000  -0.54132   0.22815  -1.37234   0.22815  -1.37234
  3.35840   0.00000  -0.54132   0.00000  -0.54132   0.26955  -1.35883   0.26955  -1.35883
  3.40852   0.00000  -0.54132   0.00000  -0.54132   0.30806  -1.34339   0.30806  -1.34339
  3.45865   0.00000  -0.54132   0.00000  -0.54132   0.34013  -1.32634   0.34013  -1.32634
  3.50877   0.00000  -0.54132   0.00000  -0.54132   0.36176  -1.30821   0.36176  -1.30821
  3.55890   0.00000  -0.54132   0.00000  -0.54132   0.37134  -1.28960   0.37134  -1.28960
  3.60902   0.00000  -0.54132   0.00000  -0.54132   0.37175  -1.27096   0.37175  -1.27096
  3.65915   0.00000  -0.54132   0.00000  -0.54132   0.36939  -1.25245   0.36939  -1.25245
  3.70927   0.00000  -0.54132   0.00000  -0.54132   0.37009  -1.23389   0.37009  -1.23389
  3.75940   0.00000  -0.54132   0.00000  -0.54132   0.37495  -1.21510   0.37495  -1.21510
  3.80952   0.00000  -0.54132   0.00000  -0.54132   0.37946  -1.19608   0.37946  -1.19608
  3.85965   0.00000  -0.54132   0.00000  -0.54132   0.37691  -1.17719   0.37691  -1.17719
  3.90977   0.00000  -0.54132   0.00000  -0.54132   0.36361  -1.15896   0.36361  -1.15896
  3.95990   0.00000  -0.54132   0.00000  -0.54132   0.34221  -1.14181   0.34221  -1.14181
  4.01003   0.00000  -0.54132   0.00000  -0.54132   0.32092  -1.12572   0.32092  -1.12572
  4.06015   0.00000  -0.54132   0.00000  -0.54132   0.31021  -1.11017   0.31021  -1.11017
  4.11028   0.00000  -0.54132   0.00000  -0.54132   0.31988  -1.09414   0.31988  -1.09414
  4.16040   0.00000  -0.54132   0.00000  -0.54132   0.35796  -1.07619   0.35796  -1.07619
  4.21053   0.00000  -0.54132   0.00000  -0.54132   0.43038  -1.05462   0.43038  -1.05462
  4.26065   0.00000  -0.54132   0.00000  -0.54132   0.53945  -1.02758   0.53945  -1.02758
  4.31078   0.00000  -0.54132   0.00000  -0.54132   0.68118  -0.99344   0.68118  -0.99344
  4.36090   0.00000  -0.54132   0.00000  -0.54132   0.84290  -0.95119   0.84290  -0.95119
  4.41103   0.00000  -0.54132   0.00000  -0.54132   1.00309  -0.90091   1.00309  -0.90091
  4.46115   0.00000  -0.54132   0.00000  -0.54132   1.13374  -0.84408   1.13374  -0.84408
  4.51128   0.00000  -0.54132   0.00000  -0.54132   1.20566  -0.78364   1.20566  -0.78364
  4.56140   0.00000  -0.54132   0.00000  -0.54132   1.19645  -0.72367   1.19645  -0.72367
  4.61153   0.00000  -0.54132   0.00000  -0.54132   1.09945  -0.66856   1.09945  -0.66856
  4.66165   0.00000  -0.54132   0.00000  -0.54132   0.92894  -0.62200   0.92894  -0.62200
  4.71178   0.00000  -0.54132   0.00000  -0.54132   0.71727  -0.58604   0.71727  -0.58604
  4.76190   0.00000  -0.54132   0.00000  -0.54132   0.50360  -0.56080   0.50360  -0.56080
  4.81203   0.00000  -0.54132   0.00000  -0.54132   0.32026  -0.54475   0.32026  -0.54475
  4.86216   0.00000  -0.54132   0.00000  -0.54132   0.18393  -0.53553   0.18393  -0.53553
  4.91228   0.00000  -0.54132   0.00000  -0.54132   0.09517  -0.53076   0.09517  -0.53076
  4.96241   0.00000  -0.54132   0.00000  -0.54132   0.04429  -0.52854   0.04429  -0.52854
  5.01253   0.00000  -0.54132   0.00000  -0.54132   0.01851  -0.52761   0.01851  -0.52761
  5.06266   0.00000  -0.54132   0.00000  -0.54132   0.00693  -0.52726   0.00693  -0.52726
  5.11278   0.00000  -0.54132   0.00000  -0.54132   0.00233  -0.52715   0.00233  -0.52715
  5.16291   0.00000  -0.54132   0.00000  -0.54132   0.00070  -0.52711   0.00070  -0.52711
  5.21303   0.00000  -0.54132   0.00000  -0.54132   0.00019  -0.52710   0.00019  -0.52710
  5.26316  -0.00000  -0.54132  -0.00000  -0.54132   0.00004  -0.52710   0.00004  -0.52710
  5.31328  -0.00000  -0.54132  -0.00000  -0.54132   0.00001  -0.52710   0.00001  -0.52710
  5.36341   0.00000  -0.54132   0.00000  -0.54132   0.00000  -0.52710   0.00000  -0.52710
  5.41353   0.00000  -0.54132   0.00000  -0.54132   0.00000  -0.52710   0.00000  -0.52710
  5.46366   0.00000  -0.54132   0.00000  -0.54132   0.00000  -0.52710   0.00000  -0.52710
  5.51378   0.00000  -0.54132   0.00000  -0.54132   0.00000  -0.52710   0.00000  -0.52710
  5.56391   0.00000  -0.54132   0.00000  -0.54132   0.00000  -0.52710   0.00000  -0.52710
  5.61404   0.00000  -0.54132   0.00000  -0.54132   0.00000  -0.52710   0.00000  -0.52710
  5.66416   0.00000  -0.54132   0.00000  -0.54132   0.00000  -0.52710   0.00000  -0.52710
  5.71429   0.00000  -0.54132   0.00000  -0.54132   0.00000  -0.52710   0.00000  -0.52710
  5.76441   0.00000  -0.54132   0.00000  -0.54132   0.00000  -0.52710   0.00000  -0.52710
  5.81454   0.00000  -0.54132   0.00000  -0.54132   0.00000  -0.52710   0.00000  -0.52710
  5.86466   0.00000  -0.54132   0.00000  -0.54132   0.00000  -0.52710   0.00000  -0.52710
  5.91479   0.00000  -0.54132   0.00000  -0.54132   0.00000  -0.52710   0.00000  -0.52710
  5.96491   0.00000  -0.54132   0.00000  -0.54132   0.00000  -0.52710   0.00000  -0.52710
  6.01504   0.00000  -0.54132   0.00000  -0.54132   0.00000  -0.52710   0.00000  -0.52710
  6.06516   0.00001  -0.54132   0.00001  -0.54132   0.00000  -0.52710   0.00000  -0.52710
  6.11529   0.00002  -0.54132   0.00002  -0.54132   0.00000  -0.52710   0.00000  -0.52710
  6.16541   0.00004  -0.54131   0.00004  -0.54131   0.00000  -0.52710   0.00000  -0.52710
  6.21554   0.00007  -0.54131   0.00007  -0.54131   0.00000  -0.52710   0.00000  -0.52710
  6.26566   0.00012  -0.54131   0.00012  -0.54131   0.00001  -0.52710   0.00001  -0.52710
  6.31579   0.00018  -0.54130   0.00018  -0.54130   0.00002  -0.52710   0.00002  -0.52710
  6.36591   0.00025  -0.54128   0.00025  -0.54128   0.00003  -0.52710   0.00003  -0.52710
  6.41604   0.00033  -0.54127   0.00033  -0.54127   0.00005  -0.52709   0.00005  -0.52709
  6.46617   0.00041  -0.54125   0.00041  -0.54125   0.00007  -0.52709   0.00007  -0.52709
  6.51629   0.00048  -0.54122   0.00048  -0.54122   0.00011  -0.52708   0.00011  -0.52708
  6.56642   0.00052  -0.54120   0.00052  -0.54120   0.00015  -0.52708   0.00015  -0.52708
  6.61654   0.00056  -0.54117   0.00056  -0.54117   0.00020  -0.52707   0.00020  -0.52707
  6.66667   0.00059  -0.54114   0.00059  -0.54114   0.00024  -0.52705   0.00024  -0.52705
  6.71679   0.00066  -0.54111   0.00066  -0.54111   0.00028  -0.52704   0.00028  -0.52704
  6.76692   0.00080  -0.54107   0.00080  -0.54107   0.00031  -0.52702   0.00031  -0.52702
  6.81704   0.00104  -0.54101   0.00104  -0.54101   0.00034  -0.52701   0.00034  -0.52701
  6.86717   0.00143  -0.54094   0.00143  -0.54094   0.00037  -0.52699   0.00037  -0.52699
  6.91729   0.00197  -0.54084   0.00197  -0.54084   0.00044  -0.52697   0.00044  -0.52697
  6.96742   0.00268  -0.54071   0.00268  -0.54071   0.00057  -0.52694   0.00057  -0.52694
  7.01754   0.00354  -0.54053   0.00354  -0.54053   0.00078  -0.52690   0.00078  -0.52690
  7.06767   0.00454  -0.54030   0.00454  -0.54030   0.00110  -0.52684   0.00110  -0.52684
  7.11779   0.00562  -0.54002   0.00562  -0.54002   0.00153  -0.52677   0.00153  -0.52677
  7.16792   0.00673  -0.53968   0.00673  -0.53968   0.00210  -0.52666   0.00210  -0.52666
  7.21805   0.00781  -0.53929   0.00781  -0.53929   0.00282  -0.52652   0.00282  -0.52652
  7.26817   0.00892  -0.53885   0.00892  -0.53885   0.00369  -0.52634   0.00369  -0.52634
  7.31830   0.01022  -0.53833   0.01022  -0.53833   0.00467  -0.52610   0.00467  -0.52610
  7.36842   0.01197  -0.53773   0.01197  -0.53773   0.00573  -0.52581   0.00573  -0.52581
  7.41855   0.01442  -0.53701   0.01442  -0.53701   0.00682  -0.52547   0.00682  -0.52547
  7.46867   0.01758  -0.53613   0.01758  -0.53613   0.00796  -0.52507   0.00796  -0.52507
  7.51880   0.02112  -0.53507   0.02112  -0.53507   0.00929  -0.52461   0.00929  -0.52461
  7.56892   0.02443  -0.53385   0.02443  -0.53385   0.01101  -0.52406   0.01101  -0.52406
  7.61905   0.02688  -0.53250   0.02688  -0.53250   0.01332  -0.52339   0.01332  -0.52339
  7.66917   0.02825  -0.53108   0.02825  -0.53108   0.01624  -0.52257   0.01624  -0.52257
  7.71930   0.02887  -0.52964   0.02887  -0.52964   0.01946  -0.52160   0.01946  -0.52160
  7.76942   0.02953  -0.52816   0.02953  -0.52816   0.02244  -0.52047   0.02244  -0.52047
  7.81955   0.03108  -0.52660   0.03108  -0.52660   0.02466  -0.51924   0.02466  -0.51924
  7.86967   0.03405  -0.52489   0.03405  -0.52489   0.02597  -0.51794   0.02597  -0.51794
  7.91980   0.03842  -0.52296   0.03842  -0.52296   0.02671  -0.51660   0.02671  -0.51660
  7.96992   0.04365  -0.52078   0.04365  -0.52078   0.02764  -0.51521   0.02764  -0.51521
  8.02005   0.04899  -0.51832   0.04899  -0.51832   0.02953  -0.51373   0.02953  -0.51373
  8.07018   0.05380  -0.51562   0.05380  -0.51562   0.03285  -0.51209   0.03285  -0.51209
  8.12030   0.05790  -0.51272   0.05790  -0.51272   0.03757  -0.51020   0.03757  -0.51020
  8.17043   0.06172  -0.50963   0.06172  -0.50963   0.04318  -0.50804   0.04318  -0.50804
  8.22055   0.06610  -0.50632   0.06610  -0.50632   0.04895  -0.50558   0.04895  -0.50558
  8.27068   0.07188  -0.50271   0.07188  -0.50271   0.05430  -0.50286   0.05430  -0.50286
  8.32080   0.07925  -0.49874   0.07925  -0.49874   0.05914  -0.49990   0.05914  -0.49990
  8.37093   0.08756  -0.49435   0.08756  -0.49435   0.06387  -0.49670   0.06387  -0.49670
  8.42105   0.09553  -0.48956   0.09553  -0.48956   0.06918  -0.49323   0.06918  -0.49323
  8.47118   0.10198  -0.48445   0.10198  -0.48445   0.07544  -0.48945   0.07544  -0.48945
  8.52130   0.10644  -0.47912   0.10644  -0.47912   0.08240  -0.48532   0.08240  -0.48532
  8.57143   0.10932  -0.47364   0.10932  -0.47364   0.08920  -0.48085   0.08920  -0.48085
  8.62155   0.11170  -0.46804   0.11170  -0.46804   0.09485  -0.47609   0.09485  -0.47609
  8.67168   0.11473  -0.46229   0.11473  -0.46229   0.09881  -0.47114   0.09881  -0.47114
  8.72180   0.11923  -0.45631   0.11923  -0.45631   0.10133  -0.46606   0.10133  -0.46606
  8.77193   0.12532  -0.45003   0.12532  -0.45003   0.10336  -0.46088   0.10336  -0.46088
  8.82206   0.13240  -0.44339   0.13240  -0.44339   0.10604  -0.45556   0.10604  -0.45556
  8.87218   0.13929  -0.43641   0.13929  -0.43641   0.11024  -0.45004   0.11024  -0.45004
  8.92231   0.14464  -0.42916   0.14464  -0.42916   0.11610  -0.44422   0.11610  -0.44422
  8.97243   0.14742  -0.42177   0.14742  -0.42177   0.12298  -0.43805   0.12298  -0.43805
  9.02256   0.14729  -0.41439   0.14729  -0.41439   0.12975  -0.43155   0.12975  -0.43155
  9.07268   0.14452  -0.40714   0.14452  -0.40714   0.13515  -0.42478   0.13515  -0.42478
  9.12281   0.13977  -0.40014   0.13977  -0.40014   0.13826  -0.41784   0.13826  -0.41784
  9.17293   0.13385  -0.39343   0.13385  -0.39343   0.13872  -0.41089   0.13872  -0.41089
  9.22306   0.12768  -0.38703   0.12768  -0.38703   0.13668  -0.40404   0.13668  -0.40404
  9.27318   0.12225  -0.38090   0.12225  -0.38090   0.13268  -0.39739   0.13268  -0.39739
  9.32331   0.11848  -0.37496   0.11848  -0.37496   0.12751  -0.39100   0.12751  -0.39100
  9.37343   0.11682  -0.36910   0.11682  -0.36910   0.12217  -0.38487   0.12217  -0.38487
  9.42356   0.11695  -0.36324   0.11695  -0.36324   0.11774  -0.37897   0.11774  -0.37897
  9.47368   0.11773  -0.35734   0.11773  -0.35734   0.11506  -0.37320   0.11506  -0.37320
  9.52381   0.11773  -0.35144   0.11773  -0.35144   0.11433  -0.36747   0.11433  -0.36747
  9.57393   0.11586  -0.34563   0.11586  -0.34563   0.11481  -0.36172   0.11481  -0.36172
  9.62406   0.11187  -0.34002   0.11187  -0.34002   0.11513  -0.35595   0.11513  -0.35595
  9.67419   0.10645  -0.33469   0.10645  -0.33469   0.11391  -0.35024   0.11391  -0.35024
  9.72431   0.10097  -0.32963   0.10097  -0.32963   0.11043  -0.34470   0.11043  -0.34470
  9.77444   0.09685  -0.32477   0.09685  -0.32477   0.10501  -0.33944   0.10501  -0.33944
  9.82456   0.09504  -0.32001   0.09504  -0.32001   0.09883  -0.33448   0.09883  -0.33448
  9.87469   0.09589  -0.31520   0.09589  -0.31520   0.09338  -0.32980   0.09338  -0.32980
  9.92481   0.09923  -0.31023   0.09923  -0.31023   0.08991  -0.32530   0.08991  -0.32530
  9.97494   0.10463  -0.30498   0.10463  -0.30498   0.08911  -0.32083   0.08911  -0.32083
 10.02506   0.11149  -0.29940   0.11149  -0.29940   0.09108  -0.31626   0.09108  -0.31626