ESCALE ; pCOHP file generated by LOBSTER. Energy is shifted such that the Fermi level lies at 0 eV.
         2          2        401  -6.04511e+00   1.40050e+01   3.97995e+00 
Average
No.1:Mn42->O120(1.9337349394671961)
-10.02506   0.00000  -0.69226   0.00000  -0.69226   0.00000  -0.68802   0.00000  -0.68802
 -9.97494   0.00000  -0.69226   0.00000  -0.69226   0.00000  -0.68802   0.00000  -0.68802
 -9.92481   0.00000  -0.69226   0.00000  -0.69226   0.00000  -0.68802   0.00000  -0.68802
 -9.87469   0.00000  -0.69226   0.00000  -0.69226   0.00000  -0.68802   0.00000  -0.68802
 -9.82456   0.00000  -0.69226   0.00000  -0.69226   0.00000  -0.68802   0.00000  -0.68802
 -9.77444   0.00000  -0.69226   0.00000  -0.69226   0.00000  -0.68802   0.00000  -0.68802
 -9.72431   0.00000  -0.69226   0.00000  -0.69226   0.00000  -0.68802   0.00000  -0.68802
 -9.67419   0.00000  -0.69226   0.00000  -0.69226   0.00000  -0.68802   0.00000  -0.68802
 -9.62406   0.00000  -0.69226   0.00000  -0.69226   0.00000  -0.68802   0.00000  -0.68802
 -9.57393   0.00000  -0.69226   0.00000  -0.69226   0.00000  -0.68802   0.00000  -0.68802
 -9.52381   0.00000  -0.69226   0.00000  -0.69226   0.00000  -0.68802   0.00000  -0.68802
 -9.47368   0.00000  -0.69226   0.00000  -0.69226   0.00000  -0.68802   0.00000  -0.68802
 -9.42356   0.00000  -0.69226   0.00000  -0.69226   0.00000  -0.68802   0.00000  -0.68802
 -9.37343   0.00000  -0.69226   0.00000  -0.69226   0.00000  -0.68802   0.00000  -0.68802
 -9.32331   0.00000  -0.69226   0.00000  -0.69226   0.00000  -0.68802   0.00000  -0.68802
 -9.27318   0.00000  -0.69226   0.00000  -0.69226   0.00000  -0.68802   0.00000  -0.68802
 -9.22306   0.00000  -0.69226   0.00000  -0.69226   0.00000  -0.68802   0.00000  -0.68802
 -9.17293   0.00000  -0.69226   0.00000  -0.69226   0.00000  -0.68802   0.00000  -0.68802
 -9.12281   0.00000  -0.69226   0.00000  -0.69226   0.00000  -0.68802   0.00000  -0.68802
 -9.07268   0.00000  -0.69226   0.00000  -0.69226   0.00000  -0.68802   0.00000  -0.68802
 -9.02256   0.00000  -0.69226   0.00000  -0.69226   0.00000  -0.68802   0.00000  -0.68802
 -8.97243   0.00000  -0.69226   0.00000  -0.69226   0.00000  -0.68802   0.00000  -0.68802
 -8.92231   0.00000  -0.69226   0.00000  -0.69226   0.00000  -0.68802   0.00000  -0.68802
 -8.87218  -0.00000  -0.69226  -0.00000  -0.69226   0.00000  -0.68802   0.00000  -0.68802
 -8.82206  -0.00000  -0.69226  -0.00000  -0.69226   0.00000  -0.68802   0.00000  -0.68802
 -8.77193  -0.00000  -0.69226  -0.00000  -0.69226   0.00000  -0.68802   0.00000  -0.68802
 -8.72180  -0.00000  -0.69226  -0.00000  -0.69226   0.00000  -0.68802   0.00000  -0.68802
 -8.67168  -0.00000  -0.69226  -0.00000  -0.69226   0.00000  -0.68802   0.00000  -0.68802
 -8.62155  -0.00000  -0.69226  -0.00000  -0.69226   0.00000  -0.68802   0.00000  -0.68802
 -8.57143  -0.00000  -0.69226  -0.00000  -0.69226   0.00000  -0.68802   0.00000  -0.68802
 -8.52130  -0.00000  -0.69226  -0.00000  -0.69226   0.00000  -0.68802   0.00000  -0.68802
 -8.47118  -0.00000  -0.69226  -0.00000  -0.69226   0.00000  -0.68802   0.00000  -0.68802
 -8.42105  -0.00000  -0.69226  -0.00000  -0.69226   0.00000  -0.68802   0.00000  -0.68802
 -8.37093  -0.00000  -0.69226  -0.00000  -0.69226   0.00000  -0.68802   0.00000  -0.68802
 -8.32080  -0.00000  -0.69226  -0.00000  -0.69226   0.00000  -0.68802   0.00000  -0.68802
 -8.27068  -0.00000  -0.69226  -0.00000  -0.69226   0.00000  -0.68802   0.00000  -0.68802
 -8.22055  -0.00000  -0.69226  -0.00000  -0.69226   0.00000  -0.68802   0.00000  -0.68802
 -8.17043  -0.00001  -0.69226  -0.00001  -0.69226   0.00000  -0.68802   0.00000  -0.68802
 -8.12030  -0.00003  -0.69226  -0.00003  -0.69226   0.00000  -0.68802   0.00000  -0.68802
 -8.07018  -0.00008  -0.69227  -0.00008  -0.69227   0.00000  -0.68802   0.00000  -0.68802
 -8.02005  -0.00019  -0.69228  -0.00019  -0.69228   0.00000  -0.68802   0.00000  -0.68802
 -7.96992  -0.00040  -0.69230  -0.00040  -0.69230   0.00000  -0.68802   0.00000  -0.68802
 -7.91980  -0.00076  -0.69234  -0.00076  -0.69234   0.00000  -0.68802   0.00000  -0.68802
 -7.86967  -0.00128  -0.69240  -0.00128  -0.69240   0.00000  -0.68802   0.00000  -0.68802
 -7.81955  -0.00195  -0.69250  -0.00195  -0.69250   0.00000  -0.68802   0.00000  -0.68802
 -7.76942  -0.00265  -0.69263  -0.00265  -0.69263   0.00000  -0.68802   0.00000  -0.68802
 -7.71930  -0.00323  -0.69279  -0.00323  -0.69279   0.00000  -0.68802   0.00000  -0.68802
 -7.66917  -0.00354  -0.69297  -0.00354  -0.69297   0.00000  -0.68802   0.00000  -0.68802
 -7.61905  -0.00349  -0.69314  -0.00349  -0.69314   0.00000  -0.68802   0.00000  -0.68802
 -7.56892  -0.00311  -0.69330  -0.00311  -0.69330  -0.00000  -0.68802  -0.00000  -0.68802
 -7.51880  -0.00250  -0.69343  -0.00250  -0.69343  -0.00000  -0.68802  -0.00000  -0.68802
 -7.46867  -0.00182  -0.69352  -0.00182  -0.69352  -0.00000  -0.68802  -0.00000  -0.68802
 -7.41855  -0.00122  -0.69358  -0.00122  -0.69358  -0.00000  -0.68802  -0.00000  -0.68802
 -7.36842  -0.00080  -0.69362  -0.00080  -0.69362  -0.00000  -0.68802  -0.00000  -0.68802
 -7.31830  -0.00060  -0.69365  -0.00060  -0.69365  -0.00000  -0.68802  -0.00000  -0.68802
 -7.26817  -0.00062  -0.69368  -0.00062  -0.69368  -0.00000  -0.68802  -0.00000  -0.68802
 -7.21805  -0.00082  -0.69372  -0.00082  -0.69372  -0.00000  -0.68802  -0.00000  -0.68802
 -7.16792  -0.00112  -0.69378  -0.00112  -0.69378  -0.00000  -0.68802  -0.00000  -0.68802
 -7.11779  -0.00147  -0.69385  -0.00147  -0.69385  -0.00000  -0.68802  -0.00000  -0.68802
 -7.06767  -0.00181  -0.69394  -0.00181  -0.69394  -0.00000  -0.68802  -0.00000  -0.68802
 -7.01754  -0.00214  -0.69405  -0.00214  -0.69405  -0.00000  -0.68802  -0.00000  -0.68802
 -6.96742  -0.00257  -0.69418  -0.00257  -0.69418  -0.00000  -0.68802  -0.00000  -0.68802
 -6.91729  -0.00324  -0.69434  -0.00324  -0.69434  -0.00000  -0.68802  -0.00000  -0.68802
 -6.86717  -0.00428  -0.69456  -0.00428  -0.69456  -0.00001  -0.68802  -0.00001  -0.68802
 -6.81704  -0.00578  -0.69484  -0.00578  -0.69484  -0.00003  -0.68802  -0.00003  -0.68802
 -6.76692  -0.00779  -0.69524  -0.00779  -0.69524  -0.00007  -0.68803  -0.00007  -0.68803
 -6.71679  -0.01050  -0.69576  -0.01050  -0.69576  -0.00015  -0.68803  -0.00015  -0.68803
 -6.66667  -0.01438  -0.69648  -0.01438  -0.69648  -0.00027  -0.68805  -0.00027  -0.68805
 -6.61654  -0.02027  -0.69750  -0.02027  -0.69750  -0.00046  -0.68807  -0.00046  -0.68807
 -6.56642  -0.02931  -0.69897  -0.02931  -0.69897  -0.00069  -0.68810  -0.00069  -0.68810
 -6.51629  -0.04258  -0.70110  -0.04258  -0.70110  -0.00093  -0.68815  -0.00093  -0.68815
 -6.46617  -0.06076  -0.70415  -0.06076  -0.70415  -0.00113  -0.68821  -0.00113  -0.68821
 -6.41604  -0.08397  -0.70836  -0.08397  -0.70836  -0.00125  -0.68827  -0.00125  -0.68827
 -6.36591  -0.11190  -0.71397  -0.11190  -0.71397  -0.00129  -0.68833  -0.00129  -0.68833
 -6.31579  -0.14402  -0.72119  -0.14402  -0.72119  -0.00126  -0.68840  -0.00126  -0.68840
 -6.26566  -0.17956  -0.73019  -0.17956  -0.73019  -0.00122  -0.68846  -0.00122  -0.68846
 -6.21554  -0.21709  -0.74107  -0.21709  -0.74107  -0.00121  -0.68852  -0.00121  -0.68852
 -6.16541  -0.25414  -0.75381  -0.25414  -0.75381  -0.00125  -0.68858  -0.00125  -0.68858
 -6.11529  -0.28749  -0.76822  -0.28749  -0.76822  -0.00133  -0.68865  -0.00133  -0.68865
 -6.06516  -0.31411  -0.78396  -0.31411  -0.78396  -0.00143  -0.68872  -0.00143  -0.68872
 -6.01504  -0.33217  -0.80061  -0.33217  -0.80061  -0.00150  -0.68879  -0.00150  -0.68879
 -5.96491  -0.34120  -0.81771  -0.34120  -0.81771  -0.00150  -0.68887  -0.00150  -0.68887
 -5.91479  -0.34151  -0.83483  -0.34151  -0.83483  -0.00147  -0.68894  -0.00147  -0.68894
 -5.86466  -0.33368  -0.85156  -0.33368  -0.85156  -0.00145  -0.68902  -0.00145  -0.68902
 -5.81454  -0.31868  -0.86753  -0.31868  -0.86753  -0.00156  -0.68909  -0.00156  -0.68909
 -5.76441  -0.29877  -0.88251  -0.29877  -0.88251  -0.00190  -0.68919  -0.00190  -0.68919
 -5.71429  -0.27795  -0.89644  -0.27795  -0.89644  -0.00259  -0.68932  -0.00259  -0.68932
 -5.66416  -0.26137  -0.90954  -0.26137  -0.90954  -0.00367  -0.68950  -0.00367  -0.68950
 -5.61404  -0.25366  -0.92226  -0.25366  -0.92226  -0.00513  -0.68976  -0.00513  -0.68976
 -5.56391  -0.25739  -0.93516  -0.25739  -0.93516  -0.00689  -0.69011  -0.00689  -0.69011
 -5.51378  -0.27215  -0.94880  -0.27215  -0.94880  -0.00891  -0.69055  -0.00891  -0.69055
 -5.46366  -0.29488  -0.96358  -0.29488  -0.96358  -0.01115  -0.69111  -0.01115  -0.69111
 -5.41353  -0.32086  -0.97966  -0.32086  -0.97966  -0.01362  -0.69179  -0.01362  -0.69179
 -5.36341  -0.34484  -0.99695  -0.34484  -0.99695  -0.01632  -0.69261  -0.01632  -0.69261
 -5.31328  -0.36212  -1.01510  -0.36212  -1.01510  -0.01914  -0.69357  -0.01914  -0.69357
 -5.26316  -0.36942  -1.03362  -0.36942  -1.03362  -0.02190  -0.69467  -0.02190  -0.69467
 -5.21303  -0.36574  -1.05195  -0.36574  -1.05195  -0.02447  -0.69590  -0.02447  -0.69590
 -5.16291  -0.35288  -1.06964  -0.35288  -1.06964  -0.02690  -0.69724  -0.02690  -0.69724
 -5.11278  -0.33501  -1.08643  -0.33501  -1.08643  -0.02960  -0.69873  -0.02960  -0.69873
 -5.06266  -0.31746  -1.10234  -0.31746  -1.10234  -0.03336  -0.70040  -0.03336  -0.70040
 -5.01253  -0.30494  -1.11763  -0.30494  -1.11763  -0.03922  -0.70237  -0.03922  -0.70237
 -4.96241  -0.30036  -1.13268  -0.30036  -1.13268  -0.04812  -0.70478  -0.04812  -0.70478
 -4.91228  -0.30483  -1.14796  -0.30483  -1.14796  -0.06060  -0.70782  -0.06060  -0.70782
 -4.86216  -0.31836  -1.16392  -0.31836  -1.16392  -0.07637  -0.71164  -0.07637  -0.71164
 -4.81203  -0.34060  -1.18100  -0.34060  -1.18100  -0.09431  -0.71637  -0.09431  -0.71637
 -4.76190  -0.37055  -1.19957  -0.37055  -1.19957  -0.11277  -0.72202  -0.11277  -0.72202
 -4.71178  -0.40546  -1.21989  -0.40546  -1.21989  -0.13040  -0.72856  -0.13040  -0.72856
 -4.66165  -0.43987  -1.24194  -0.43987  -1.24194  -0.14699  -0.73593  -0.14699  -0.73593
 -4.61153  -0.46594  -1.26530  -0.46594  -1.26530  -0.16387  -0.74414  -0.16387  -0.74414
 -4.56140  -0.47564  -1.28914  -0.47564  -1.28914  -0.18351  -0.75334  -0.18351  -0.75334
 -4.51128  -0.46385  -1.31239  -0.46385  -1.31239  -0.20834  -0.76378  -0.20834  -0.76378
 -4.46115  -0.43050  -1.33397  -0.43050  -1.33397  -0.23922  -0.77577  -0.23922  -0.77577
 -4.41103  -0.38057  -1.35304  -0.38057  -1.35304  -0.27459  -0.78954  -0.27459  -0.78954
 -4.36090  -0.32208  -1.36919  -0.32208  -1.36919  -0.31046  -0.80510  -0.31046  -0.80510
 -4.31078  -0.26329  -1.38239  -0.26329  -1.38239  -0.34167  -0.82223  -0.34167  -0.82223
 -4.26065  -0.21074  -1.39295  -0.21074  -1.39295  -0.36368  -0.84046  -0.36368  -0.84046
 -4.21053  -0.16867  -1.40140  -0.16867  -1.40140  -0.37419  -0.85921  -0.37419  -0.85921
 -4.16040  -0.13934  -1.40839  -0.13934  -1.40839  -0.37374  -0.87795  -0.37374  -0.87795
 -4.11028  -0.12347  -1.41458  -0.12347  -1.41458  -0.36516  -0.89625  -0.36516  -0.89625
 -4.06015  -0.12014  -1.42060  -0.12014  -1.42060  -0.35230  -0.91391  -0.35230  -0.91391
 -4.01003  -0.12635  -1.42693  -0.12635  -1.42693  -0.33877  -0.93089  -0.33877  -0.93089
 -3.95990  -0.13707  -1.43380  -0.13707  -1.43380  -0.32721  -0.94729  -0.32721  -0.94729
 -3.90977  -0.14645  -1.44114  -0.14645  -1.44114  -0.31924  -0.96329  -0.31924  -0.96329
 -3.85965  -0.14997  -1.44866  -0.14997  -1.44866  -0.31584  -0.97913  -0.31584  -0.97913
 -3.80952  -0.14621  -1.45599  -0.14621  -1.45599  -0.31778  -0.99505  -0.31778  -0.99505
 -3.75940  -0.13717  -1.46287  -0.13717  -1.46287  -0.32588  -1.01139  -0.32588  -1.01139
 -3.70927  -0.12666  -1.46921  -0.12666  -1.46921  -0.34099  -1.02848  -0.34099  -1.02848
 -3.65915  -0.11806  -1.47513  -0.11806  -1.47513  -0.36352  -1.04670  -0.36352  -1.04670
 -3.60902  -0.11252  -1.48077  -0.11252  -1.48077  -0.39272  -1.06639  -0.39272  -1.06639
 -3.55890  -0.10867  -1.48622  -0.10867  -1.48622  -0.42574  -1.08773  -0.42574  -1.08773
 -3.50877  -0.10351  -1.49141  -0.10351  -1.49141  -0.45741  -1.11066  -0.45741  -1.11066
 -3.45865  -0.09393  -1.49612  -0.09393  -1.49612  -0.48107  -1.13477  -0.48107  -1.13477
 -3.40852  -0.07792  -1.50002  -0.07792  -1.50002  -0.49060  -1.15936  -0.49060  -1.15936
 -3.35840  -0.05528  -1.50279  -0.05528  -1.50279  -0.48262  -1.18355  -0.48262  -1.18355
 -3.30827  -0.02779  -1.50419  -0.02779  -1.50419  -0.45741  -1.20648  -0.45741  -1.20648
 -3.25815   0.00123  -1.50412   0.00123  -1.50412  -0.41843  -1.22746  -0.41843  -1.22746
 -3.20802   0.02755  -1.50274   0.02755  -1.50274  -0.37067  -1.24604  -0.37067  -1.24604
 -3.15789   0.04723  -1.50038   0.04723  -1.50038  -0.31926  -1.26204  -0.31926  -1.26204
 -3.10777   0.05785  -1.49748   0.05785  -1.49748  -0.26860  -1.27550  -0.26860  -1.27550
 -3.05764   0.05940  -1.49450   0.05940  -1.49450  -0.22210  -1.28664  -0.22210  -1.28664
 -3.00752   0.05431  -1.49178   0.05431  -1.49178  -0.18209  -1.29576  -0.18209  -1.29576
 -2.95739   0.04632  -1.48946   0.04632  -1.48946  -0.14982  -1.30327  -0.14982  -1.30327
 -2.90727   0.03889  -1.48751   0.03889  -1.48751  -0.12557  -1.30957  -0.12557  -1.30957
 -2.85714   0.03394  -1.48580   0.03394  -1.48580  -0.10893  -1.31503  -0.10893  -1.31503
 -2.80702   0.03167  -1.48422   0.03167  -1.48422  -0.09909  -1.31999  -0.09909  -1.31999
 -2.75689   0.03132  -1.48265   0.03132  -1.48265  -0.09497  -1.32475  -0.09497  -1.32475
 -2.70677   0.03214  -1.48104   0.03214  -1.48104  -0.09518  -1.32952  -0.09518  -1.32952
 -2.65664   0.03401  -1.47933   0.03401  -1.47933  -0.09806  -1.33444  -0.09806  -1.33444
 -2.60652   0.03733  -1.47746   0.03733  -1.47746  -0.10167  -1.33954  -0.10167  -1.33954
 -2.55639   0.04255  -1.47533   0.04255  -1.47533  -0.10409  -1.34475  -0.10409  -1.34475
 -2.50627   0.04970  -1.47284   0.04970  -1.47284  -0.10393  -1.34996  -0.10393  -1.34996
 -2.45614   0.05829  -1.46991   0.05829  -1.46991  -0.10078  -1.35501  -0.10078  -1.35501
 -2.40602   0.06741  -1.46654   0.06741  -1.46654  -0.09538  -1.35980  -0.09538  -1.35980
 -2.35589   0.07604  -1.46272   0.07604  -1.46272  -0.08920  -1.36427  -0.08920  -1.36427
 -2.30576   0.08331  -1.45855   0.08331  -1.45855  -0.08373  -1.36846  -0.08373  -1.36846
 -2.25564   0.08879  -1.45410   0.08879  -1.45410  -0.07985  -1.37247  -0.07985  -1.37247
 -2.20551   0.09249  -1.44946   0.09249  -1.44946  -0.07763  -1.37636  -0.07763  -1.37636
 -2.15539   0.09474  -1.44471   0.09474  -1.44471  -0.07662  -1.38020  -0.07662  -1.38020
 -2.10526   0.09596  -1.43990   0.09596  -1.43990  -0.07622  -1.38402  -0.07622  -1.38402
 -2.05514   0.09661  -1.43506   0.09661  -1.43506  -0.07589  -1.38782  -0.07589  -1.38782
 -2.00501   0.09712  -1.43019   0.09712  -1.43019  -0.07518  -1.39159  -0.07518  -1.39159
 -1.95489   0.09802  -1.42528   0.09802  -1.42528  -0.07370  -1.39529  -0.07370  -1.39529
 -1.90476   0.09992  -1.42027   0.09992  -1.42027  -0.07118  -1.39885  -0.07118  -1.39885
 -1.85464   0.10341  -1.41509   0.10341  -1.41509  -0.06759  -1.40224  -0.06759  -1.40224
 -1.80451   0.10888  -1.40963   0.10888  -1.40963  -0.06324  -1.40541  -0.06324  -1.40541
 -1.75439   0.11633  -1.40380   0.11633  -1.40380  -0.05871  -1.40835  -0.05871  -1.40835
 -1.70426   0.12529  -1.39752   0.12529  -1.39752  -0.05469  -1.41110  -0.05469  -1.41110
 -1.65414   0.13496  -1.39075   0.13496  -1.39075  -0.05163  -1.41368  -0.05163  -1.41368
 -1.60401   0.14444  -1.38351   0.14444  -1.38351  -0.04967  -1.41617  -0.04967  -1.41617
 -1.55388   0.15301  -1.37584   0.15301  -1.37584  -0.04852  -1.41861  -0.04852  -1.41861
 -1.50376   0.16019  -1.36781   0.16019  -1.36781  -0.04765  -1.42099  -0.04765  -1.42099
 -1.45363   0.16573  -1.35951   0.16573  -1.35951  -0.04642  -1.42332  -0.04642  -1.42332
 -1.40351   0.16946  -1.35101   0.16946  -1.35101  -0.04431  -1.42554  -0.04431  -1.42554
 -1.35338   0.17124  -1.34243   0.17124  -1.34243  -0.04110  -1.42760  -0.04110  -1.42760
 -1.30326   0.17113  -1.33385   0.17113  -1.33385  -0.03691  -1.42945  -0.03691  -1.42945
 -1.25313   0.16960  -1.32535   0.16960  -1.32535  -0.03218  -1.43107  -0.03218  -1.43107
 -1.20301   0.16777  -1.31694   0.16777  -1.31694  -0.02751  -1.43244  -0.02751  -1.43244
 -1.15288   0.16725  -1.30856   0.16725  -1.30856  -0.02353  -1.43362  -0.02353  -1.43362
 -1.10276   0.16954  -1.30006   0.16954  -1.30006  -0.02079  -1.43467  -0.02079  -1.43467
 -1.05263   0.17519  -1.29128   0.17519  -1.29128  -0.01973  -1.43565  -0.01973  -1.43565
 -1.00251   0.18325  -1.28209   0.18325  -1.28209  -0.02063  -1.43669  -0.02063  -1.43669
 -0.95238   0.19143  -1.27249   0.19143  -1.27249  -0.02353  -1.43787  -0.02353  -1.43787
 -0.90226   0.19709  -1.26262   0.19709  -1.26262  -0.02807  -1.43928  -0.02807  -1.43928
 -0.85213   0.19828  -1.25268   0.19828  -1.25268  -0.03340  -1.44095  -0.03340  -1.44095
 -0.80201   0.19435  -1.24293   0.19435  -1.24293  -0.03829  -1.44287  -0.03829  -1.44287
 -0.75188   0.18589  -1.23362   0.18589  -1.23362  -0.04150  -1.44495  -0.04150  -1.44495
 -0.70175   0.17406  -1.22489   0.17406  -1.22489  -0.04218  -1.44706  -0.04218  -1.44706
 -0.65163   0.16015  -1.21686   0.16015  -1.21686  -0.04019  -1.44908  -0.04019  -1.44908
 -0.60150   0.14519  -1.20959   0.14519  -1.20959  -0.03604  -1.45088  -0.03604  -1.45088
 -0.55138   0.12994  -1.20307   0.12994  -1.20307  -0.03058  -1.45242  -0.03058  -1.45242
 -0.50125   0.11490  -1.19731   0.11490  -1.19731  -0.02466  -1.45365  -0.02466  -1.45365
 -0.45113   0.10037  -1.19228   0.10037  -1.19228  -0.01891  -1.45460  -0.01891  -1.45460
 -0.40100   0.08656  -1.18794   0.08656  -1.18794  -0.01372  -1.45529  -0.01372  -1.45529
 -0.35088   0.07367  -1.18425   0.07367  -1.18425  -0.00935  -1.45576  -0.00935  -1.45576
 -0.30075   0.06191  -1.18115   0.06191  -1.18115  -0.00593  -1.45606  -0.00593  -1.45606
 -0.25063   0.05143  -1.17857   0.05143  -1.17857  -0.00347  -1.45623  -0.00347  -1.45623
 -0.20050   0.04227  -1.17645   0.04227  -1.17645  -0.00186  -1.45632  -0.00186  -1.45632
 -0.15038   0.03431  -1.17473   0.03431  -1.17473  -0.00090  -1.45637  -0.00090  -1.45637
 -0.10025   0.02736  -1.17336   0.02736  -1.17336  -0.00040  -1.45639  -0.00040  -1.45639
 -0.05013   0.02122  -1.17230   0.02122  -1.17230  -0.00016  -1.45640  -0.00016  -1.45640
  0.00000   0.01580  -1.17150   0.01580  -1.17150  -0.00006  -1.45640  -0.00006  -1.45640
  0.05013   0.01116  -1.17095   0.01116  -1.17095  -0.00002  -1.45640  -0.00002  -1.45640
  0.10025   0.00737  -1.17058   0.00737  -1.17058  -0.00001  -1.45640  -0.00001  -1.45640
  0.15038   0.00451  -1.17035   0.00451  -1.17035  -0.00000  -1.45640  -0.00000  -1.45640
  0.20050   0.00254  -1.17022   0.00254  -1.17022  -0.00000  -1.45640  -0.00000  -1.45640
  0.25063   0.00131  -1.17016   0.00131  -1.17016  -0.00000  -1.45640  -0.00000  -1.45640
  0.30075   0.00061  -1.17013   0.00061  -1.17013  -0.00000  -1.45640  -0.00000  -1.45640
  0.35088   0.00026  -1.17011   0.00026  -1.17011  -0.00000  -1.45640  -0.00000  -1.45640
  0.40100   0.00009  -1.17011   0.00009  -1.17011  -0.00000  -1.45640  -0.00000  -1.45640
  0.45113   0.00002  -1.17011   0.00002  -1.17011  -0.00000  -1.45640  -0.00000  -1.45640
  0.50125  -0.00001  -1.17011  -0.00001  -1.17011  -0.00000  -1.45640  -0.00000  -1.45640
  0.55138  -0.00002  -1.17011  -0.00002  -1.17011  -0.00000  -1.45640  -0.00000  -1.45640
  0.60150  -0.00002  -1.17011  -0.00002  -1.17011  -0.00000  -1.45640  -0.00000  -1.45640
  0.65163  -0.00002  -1.17011  -0.00002  -1.17011  -0.00000  -1.45640  -0.00000  -1.45640
  0.70175  -0.00001  -1.17011  -0.00001  -1.17011  -0.00000  -1.45640  -0.00000  -1.45640
  0.75188   0.00002  -1.17011   0.00002  -1.17011  -0.00000  -1.45640  -0.00000  -1.45640
  0.80201   0.00005  -1.17011   0.00005  -1.17011  -0.00000  -1.45640  -0.00000  -1.45640
  0.85213   0.00012  -1.17010   0.00012  -1.17010  -0.00001  -1.45640  -0.00001  -1.45640
  0.90226   0.00021  -1.17009   0.00021  -1.17009  -0.00002  -1.45640  -0.00002  -1.45640
  0.95238   0.00034  -1.17007   0.00034  -1.17007  -0.00004  -1.45640  -0.00004  -1.45640
  1.00251   0.00053  -1.17005   0.00053  -1.17005  -0.00007  -1.45641  -0.00007  -1.45641
  1.05263   0.00083  -1.17001   0.00083  -1.17001  -0.00013  -1.45641  -0.00013  -1.45641
  1.10276   0.00132  -1.16994   0.00132  -1.16994  -0.00022  -1.45642  -0.00022  -1.45642
  1.15288   0.00225  -1.16983   0.00225  -1.16983  -0.00035  -1.45644  -0.00035  -1.45644
  1.20301   0.00405  -1.16962   0.00405  -1.16962  -0.00054  -1.45647  -0.00054  -1.45647
  1.25313   0.00751  -1.16925   0.00751  -1.16925  -0.00082  -1.45651  -0.00082  -1.45651
  1.30326   0.01382  -1.16855   0.01382  -1.16855  -0.00120  -1.45657  -0.00120  -1.45657
  1.35338   0.02454  -1.16732   0.02454  -1.16732  -0.00166  -1.45665  -0.00166  -1.45665
  1.40351   0.04141  -1.16525   0.04141  -1.16525  -0.00212  -1.45676  -0.00212  -1.45676
  1.45363   0.06600  -1.16194   0.06600  -1.16194  -0.00252  -1.45689  -0.00252  -1.45689
  1.50376   0.09961  -1.15695   0.09961  -1.15695  -0.00279  -1.45703  -0.00279  -1.45703
  1.55388   0.14345  -1.14976   0.14345  -1.14976  -0.00300  -1.45718  -0.00300  -1.45718
  1.60401   0.19920  -1.13977   0.19920  -1.13977  -0.00328  -1.45734  -0.00328  -1.45734
  1.65414   0.26920  -1.12628   0.26920  -1.12628  -0.00379  -1.45753  -0.00379  -1.45753
  1.70426   0.35546  -1.10846   0.35546  -1.10846  -0.00458  -1.45776  -0.00458  -1.45776
  1.75439   0.45728  -1.08554   0.45728  -1.08554  -0.00547  -1.45803  -0.00547  -1.45803
  1.80451   0.56840  -1.05705   0.56840  -1.05705  -0.00617  -1.45834  -0.00617  -1.45834
  1.85464   0.67598  -1.02317   0.67598  -1.02317  -0.00635  -1.45866  -0.00635  -1.45866
  1.90476   0.76313  -0.98491   0.76313  -0.98491  -0.00588  -1.45896  -0.00588  -1.45896
  1.95489   0.81455  -0.94408   0.81455  -0.94408  -0.00485  -1.45920  -0.00485  -1.45920
  2.00501   0.82289  -0.90284   0.82289  -0.90284  -0.00357  -1.45938  -0.00357  -1.45938
  2.05514   0.79250  -0.86311   0.79250  -0.86311  -0.00232  -1.45949  -0.00232  -1.45949
  2.10526   0.73850  -0.82609   0.73850  -0.82609  -0.00134  -1.45956  -0.00134  -1.45956
  2.15539   0.68144  -0.79194   0.68144  -0.79194  -0.00068  -1.45960  -0.00068  -1.45960
  2.20551   0.63948  -0.75988   0.63948  -0.75988  -0.00030  -1.45961  -0.00030  -1.45961
  2.25564   0.62082  -0.72876   0.62082  -0.72876  -0.00012  -1.45962  -0.00012  -1.45962
  2.30576   0.61979  -0.69770   0.61979  -0.69770  -0.00008  -1.45962  -0.00008  -1.45962
  2.35589   0.61899  -0.66667   0.61899  -0.66667  -0.00015  -1.45963  -0.00015  -1.45963
  2.40602   0.59758  -0.63672   0.59758  -0.63672  -0.00030  -1.45964  -0.00030  -1.45964
  2.45614   0.54197  -0.60955   0.54197  -0.60955  -0.00053  -1.45967  -0.00053  -1.45967
  2.50627   0.45291  -0.58685   0.45291  -0.58685  -0.00080  -1.45971  -0.00080  -1.45971
  2.55639   0.34462  -0.56957   0.34462  -0.56957  -0.00106  -1.45976  -0.00106  -1.45976
  2.60652   0.23708  -0.55769   0.23708  -0.55769  -0.00122  -1.45982  -0.00122  -1.45982
  2.65664   0.14685  -0.55033   0.14685  -0.55033  -0.00117  -1.45988  -0.00117  -1.45988
  2.70677   0.08170  -0.54623   0.08170  -0.54623  -0.00079  -1.45992  -0.00079  -1.45992
  2.75689   0.04076  -0.54419   0.04076  -0.54419   0.00015  -1.45991   0.00015  -1.45991
  2.80702   0.01822  -0.54328   0.01822  -0.54328   0.00210  -1.45981   0.00210  -1.45981
  2.85714   0.00729  -0.54291   0.00729  -0.54291   0.00597  -1.45951   0.00597  -1.45951
  2.90727   0.00261  -0.54278   0.00261  -0.54278   0.01325  -1.45885   0.01325  -1.45885
  2.95739   0.00083  -0.54274   0.00083  -0.54274   0.02598  -1.45754   0.02598  -1.45754
  3.00752   0.00024  -0.54273   0.00024  -0.54273   0.04639  -1.45522   0.04639  -1.45522
  3.05764   0.00006  -0.54272   0.00006  -0.54272   0.07601  -1.45141   0.07601  -1.45141
  3.10777   0.00001  -0.54272   0.00001  -0.54272   0.11462  -1.44566   0.11462  -1.44566
  3.15789   0.00000  -0.54272   0.00000  -0.54272   0.15952  -1.43767   0.15952  -1.43767
  3.20802   0.00000  -0.54272   0.00000  -0.54272   0.20606  -1.42734   0.20606  -1.42734
  3.25815   0.00000  -0.54272   0.00000  -0.54272   0.24936  -1.41484   0.24936  -1.41484
  3.30827   0.00000  -0.54272   0.00000  -0.54272   0.28620  -1.40049   0.28620  -1.40049
  3.35840   0.00000  -0.54272   0.00000  -0.54272   0.31553  -1.38468   0.31553  -1.38468
  3.40852   0.00000  -0.54272   0.00000  -0.54272   0.33707  -1.36778   0.33707  -1.36778
  3.45865   0.00000  -0.54272   0.00000  -0.54272   0.34942  -1.35026   0.34942  -1.35026
  3.50877   0.00000  -0.54272   0.00000  -0.54272   0.35029  -1.33271   0.35029  -1.33271
  3.55890   0.00000  -0.54272   0.00000  -0.54272   0.33915  -1.31571   0.33915  -1.31571
  3.60902   0.00000  -0.54272   0.00000  -0.54272   0.32027  -1.29965   0.32027  -1.29965
  3.65915   0.00000  -0.54272   0.00000  -0.54272   0.30283  -1.28447   0.30283  -1.28447
  3.70927   0.00000  -0.54272   0.00000  -0.54272   0.29706  -1.26958   0.29706  -1.26958
  3.75940   0.00000  -0.54272   0.00000  -0.54272   0.30849  -1.25412   0.30849  -1.25412
  3.80952   0.00000  -0.54272   0.00000  -0.54272   0.33430  -1.23736   0.33430  -1.23736
  3.85965   0.00000  -0.54272   0.00000  -0.54272   0.36442  -1.21910   0.36442  -1.21910
  3.90977   0.00000  -0.54272   0.00000  -0.54272   0.38683  -1.19971   0.38683  -1.19971
  3.95990   0.00000  -0.54272   0.00000  -0.54272   0.39412  -1.17995   0.39412  -1.17995
  4.01003   0.00000  -0.54272   0.00000  -0.54272   0.38740  -1.16053   0.38740  -1.16053
  4.06015   0.00000  -0.54272   0.00000  -0.54272   0.37610  -1.14168   0.37610  -1.14168
  4.11028   0.00000  -0.54272   0.00000  -0.54272   0.37445  -1.12291   0.37445  -1.12291
  4.16040   0.00000  -0.54272   0.00000  -0.54272   0.39717  -1.10300   0.39717  -1.10300
  4.21053   0.00000  -0.54272   0.00000  -0.54272   0.45570  -1.08016   0.45570  -1.08016
  4.26065   0.00000  -0.54272   0.00000  -0.54272   0.55531  -1.05233   0.55531  -1.05233
  4.31078   0.00000  -0.54272   0.00000  -0.54272   0.69287  -1.01760   0.69287  -1.01760
  4.36090   0.00000  -0.54272   0.00000  -0.54272   0.85567  -0.97471   0.85567  -0.97471
  4.41103   0.00000  -0.54272   0.00000  -0.54272   1.02174  -0.92349   1.02174  -0.92349
  4.46115   0.00000  -0.54272   0.00000  -0.54272   1.16211  -0.86524   1.16211  -0.86524
  4.51128   0.00000  -0.54272   0.00000  -0.54272   1.24580  -0.80279   1.24580  -0.80279
  4.56140   0.00000  -0.54272   0.00000  -0.54272   1.24777  -0.74025   1.24777  -0.74025
  4.61153   0.00000  -0.54272   0.00000  -0.54272   1.15837  -0.68218   1.15837  -0.68218
  4.66165   0.00000  -0.54272   0.00000  -0.54272   0.98954  -0.63258   0.98954  -0.63258
  4.71178   0.00000  -0.54272   0.00000  -0.54272   0.77297  -0.59384   0.77297  -0.59384
  4.76190   0.00000  -0.54272   0.00000  -0.54272   0.54924  -0.56631   0.54924  -0.56631
  4.81203   0.00000  -0.54272   0.00000  -0.54272   0.35353  -0.54859   0.35353  -0.54859
  4.86216   0.00000  -0.54272   0.00000  -0.54272   0.20546  -0.53829   0.20546  -0.53829
  4.91228   0.00000  -0.54272   0.00000  -0.54272   0.10753  -0.53290   0.10753  -0.53290
  4.96241   0.00000  -0.54272   0.00000  -0.54272   0.05057  -0.53036   0.05057  -0.53036
  5.01253   0.00000  -0.54272   0.00000  -0.54272   0.02134  -0.52929   0.02134  -0.52929
  5.06266   0.00000  -0.54272   0.00000  -0.54272   0.00806  -0.52889   0.00806  -0.52889
  5.11278   0.00000  -0.54272   0.00000  -0.54272   0.00272  -0.52875   0.00272  -0.52875
  5.16291   0.00000  -0.54272   0.00000  -0.54272   0.00082  -0.52871   0.00082  -0.52871
  5.21303   0.00000  -0.54272   0.00000  -0.54272   0.00022  -0.52870   0.00022  -0.52870
  5.26316   0.00000  -0.54272   0.00000  -0.54272   0.00005  -0.52870   0.00005  -0.52870
  5.31328  -0.00000  -0.54272  -0.00000  -0.54272   0.00001  -0.52870   0.00001  -0.52870
  5.36341   0.00000  -0.54272   0.00000  -0.54272   0.00000  -0.52870   0.00000  -0.52870
  5.41353   0.00000  -0.54272   0.00000  -0.54272   0.00000  -0.52870   0.00000  -0.52870
  5.46366   0.00000  -0.54272   0.00000  -0.54272   0.00000  -0.52870   0.00000  -0.52870
  5.51378   0.00000  -0.54272   0.00000  -0.54272   0.00000  -0.52870   0.00000  -0.52870
  5.56391   0.00000  -0.54272   0.00000  -0.54272   0.00000  -0.52870   0.00000  -0.52870
  5.61404   0.00000  -0.54272   0.00000  -0.54272   0.00000  -0.52870   0.00000  -0.52870
  5.66416   0.00000  -0.54272   0.00000  -0.54272   0.00000  -0.52870   0.00000  -0.52870
  5.71429   0.00000  -0.54272   0.00000  -0.54272   0.00000  -0.52870   0.00000  -0.52870
  5.76441   0.00000  -0.54272   0.00000  -0.54272   0.00000  -0.52870   0.00000  -0.52870
  5.81454   0.00000  -0.54272   0.00000  -0.54272   0.00000  -0.52870   0.00000  -0.52870
  5.86466   0.00000  -0.54272   0.00000  -0.54272   0.00000  -0.52870   0.00000  -0.52870
  5.91479   0.00000  -0.54272   0.00000  -0.54272   0.00000  -0.52870   0.00000  -0.52870
  5.96491   0.00000  -0.54272   0.00000  -0.54272   0.00000  -0.52870   0.00000  -0.52870
  6.01504   0.00001  -0.54272   0.00001  -0.54272   0.00000  -0.52870   0.00000  -0.52870
  6.06516   0.00001  -0.54272   0.00001  -0.54272   0.00000  -0.52870   0.00000  -0.52870
  6.11529   0.00003  -0.54272   0.00003  -0.54272   0.00000  -0.52870   0.00000  -0.52870
  6.16541   0.00006  -0.54272   0.00006  -0.54272   0.00000  -0.52870   0.00000  -0.52870
  6.21554   0.00012  -0.54271   0.00012  -0.54271   0.00001  -0.52870   0.00001  -0.52870
  6.26566   0.00020  -0.54270   0.00020  -0.54270   0.00002  -0.52870   0.00002  -0.52870
  6.31579   0.00033  -0.54268   0.00033  -0.54268   0.00004  -0.52869   0.00004  -0.52869
  6.36591   0.00050  -0.54266   0.00050  -0.54266   0.00007  -0.52869   0.00007  -0.52869
  6.41604   0.00069  -0.54263   0.00069  -0.54263   0.00012  -0.52868   0.00012  -0.52868
  6.46617   0.00088  -0.54258   0.00088  -0.54258   0.00021  -0.52867   0.00021  -0.52867
  6.51629   0.00104  -0.54253   0.00104  -0.54253   0.00032  -0.52866   0.00032  -0.52866
  6.56642   0.00114  -0.54247   0.00114  -0.54247   0.00046  -0.52864   0.00046  -0.52864
  6.61654   0.00117  -0.54241   0.00117  -0.54241   0.00061  -0.52860   0.00061  -0.52860
  6.66667   0.00117  -0.54235   0.00117  -0.54235   0.00074  -0.52857   0.00074  -0.52857
  6.71679   0.00119  -0.54229   0.00119  -0.54229   0.00082  -0.52853   0.00082  -0.52853
  6.76692   0.00129  -0.54223   0.00129  -0.54223   0.00086  -0.52848   0.00086  -0.52848
  6.81704   0.00156  -0.54215   0.00156  -0.54215   0.00085  -0.52844   0.00085  -0.52844
  6.86717   0.00205  -0.54205   0.00205  -0.54205   0.00083  -0.52840   0.00083  -0.52840
  6.91729   0.00278  -0.54191   0.00278  -0.54191   0.00086  -0.52836   0.00086  -0.52836
  6.96742   0.00375  -0.54172   0.00375  -0.54172   0.00098  -0.52831   0.00098  -0.52831
  7.01754   0.00492  -0.54148   0.00492  -0.54148   0.00124  -0.52824   0.00124  -0.52824
  7.06767   0.00623  -0.54116   0.00623  -0.54116   0.00167  -0.52816   0.00167  -0.52816
  7.11779   0.00757  -0.54078   0.00757  -0.54078   0.00227  -0.52805   0.00227  -0.52805
  7.16792   0.00878  -0.54034   0.00878  -0.54034   0.00305  -0.52789   0.00305  -0.52789
  7.21805   0.00976  -0.53985   0.00976  -0.53985   0.00399  -0.52769   0.00399  -0.52769
  7.26817   0.01051  -0.53933   0.01051  -0.53933   0.00506  -0.52744   0.00506  -0.52744
  7.31830   0.01119  -0.53877   0.01119  -0.53877   0.00618  -0.52713   0.00618  -0.52713
  7.36842   0.01214  -0.53816   0.01214  -0.53816   0.00726  -0.52677   0.00726  -0.52677
  7.41855   0.01369  -0.53747   0.01369  -0.53747   0.00820  -0.52636   0.00820  -0.52636
  7.46867   0.01597  -0.53667   0.01597  -0.53667   0.00900  -0.52591   0.00900  -0.52591
  7.51880   0.01874  -0.53573   0.01874  -0.53573   0.00978  -0.52541   0.00978  -0.52541
  7.56892   0.02145  -0.53466   0.02145  -0.53466   0.01081  -0.52487   0.01081  -0.52487
  7.61905   0.02346  -0.53348   0.02346  -0.53348   0.01235  -0.52425   0.01235  -0.52425
  7.66917   0.02449  -0.53225   0.02449  -0.53225   0.01449  -0.52353   0.01449  -0.52353
  7.71930   0.02480  -0.53101   0.02480  -0.53101   0.01702  -0.52267   0.01702  -0.52267
  7.76942   0.02514  -0.52975   0.02514  -0.52975   0.01946  -0.52170   0.01946  -0.52170
  7.81955   0.02637  -0.52843   0.02637  -0.52843   0.02132  -0.52063   0.02132  -0.52063
  7.86967   0.02904  -0.52697   0.02904  -0.52697   0.02241  -0.51951   0.02241  -0.51951
  7.91980   0.03317  -0.52531   0.03317  -0.52531   0.02303  -0.51835   0.02303  -0.51835
  7.96992   0.03832  -0.52339   0.03832  -0.52339   0.02382  -0.51716   0.02382  -0.51716
  8.02005   0.04380  -0.52119   0.04380  -0.52119   0.02554  -0.51588   0.02554  -0.51588
  8.07018   0.04901  -0.51874   0.04901  -0.51874   0.02864  -0.51444   0.02864  -0.51444
  8.12030   0.05364  -0.51605   0.05364  -0.51605   0.03315  -0.51278   0.03315  -0.51278
  8.17043   0.05776  -0.51315   0.05776  -0.51315   0.03869  -0.51084   0.03869  -0.51084
  8.22055   0.06182  -0.51005   0.06182  -0.51005   0.04459  -0.50861   0.04459  -0.50861
  8.27068   0.06640  -0.50673   0.06640  -0.50673   0.05019  -0.50609   0.05019  -0.50609
  8.32080   0.07185  -0.50312   0.07185  -0.50312   0.05511  -0.50333   0.05511  -0.50333
  8.37093   0.07795  -0.49922   0.07795  -0.49922   0.05944  -0.50035   0.05944  -0.50035
  8.42105   0.08397  -0.49501   0.08397  -0.49501   0.06368  -0.49716   0.06368  -0.49716
  8.47118   0.08902  -0.49055   0.08902  -0.49055   0.06837  -0.49373   0.06837  -0.49373
  8.52130   0.09255  -0.48591   0.09255  -0.48591   0.07365  -0.49004   0.07365  -0.49004
  8.57143   0.09476  -0.48116   0.09476  -0.48116   0.07905  -0.48608   0.07905  -0.48608
  8.62155   0.09651  -0.47632   0.09651  -0.47632   0.08376  -0.48188   0.08376  -0.48188
  8.67168   0.09913  -0.47135   0.09913  -0.47135   0.08714  -0.47751   0.08714  -0.47751
  8.72180   0.10394  -0.46614   0.10394  -0.46614   0.08925  -0.47304   0.08925  -0.47304
  8.77193   0.11190  -0.46053   0.11190  -0.46053   0.09103  -0.46847   0.09103  -0.46847
  8.82206   0.12320  -0.45436   0.12320  -0.45436   0.09401  -0.46376   0.09401  -0.46376
  8.87218   0.13697  -0.44749   0.13697  -0.44749   0.09975  -0.45876   0.09975  -0.45876
  8.92231   0.15145  -0.43990   0.15145  -0.43990   0.10918  -0.45329   0.10918  -0.45329
  8.97243   0.16449  -0.43165   0.16449  -0.43165   0.12217  -0.44716   0.12217  -0.44716
  9.02256   0.17427  -0.42292   0.17427  -0.42292   0.13741  -0.44028   0.13741  -0.44028
  9.07268   0.17975  -0.41391   0.17975  -0.41391   0.15284  -0.43261   0.15284  -0.43261
  9.12281   0.18076  -0.40485   0.18076  -0.40485   0.16624  -0.42428   0.16624  -0.42428
  9.17293   0.17781  -0.39593   0.17781  -0.39593   0.17592  -0.41546   0.17592  -0.41546
  9.22306   0.17196  -0.38732   0.17196  -0.38732   0.18100  -0.40639   0.18100  -0.40639
  9.27318   0.16464  -0.37906   0.16464  -0.37906   0.18142  -0.39730   0.18142  -0.39730
  9.32331   0.15741  -0.37117   0.15741  -0.37117   0.17777  -0.38839   0.17777  -0.38839
  9.37343   0.15142  -0.36358   0.15142  -0.36358   0.17119  -0.37981   0.17119  -0.37981
  9.42356   0.14701  -0.35621   0.14701  -0.35621   0.16322  -0.37162   0.16322  -0.37162
  9.47368   0.14366  -0.34901   0.14366  -0.34901   0.15553  -0.36383   0.15553  -0.36383
  9.52381   0.14041  -0.34197   0.14041  -0.34197   0.14942  -0.35634   0.14942  -0.35634
  9.57393   0.13643  -0.33514   0.13643  -0.33514   0.14532  -0.34905   0.14532  -0.34905
  9.62406   0.13150  -0.32854   0.13150  -0.32854   0.14272  -0.34190   0.14272  -0.34190
  9.67419   0.12608  -0.32222   0.12608  -0.32222   0.14056  -0.33485   0.14056  -0.33485
  9.72431   0.12104  -0.31616   0.12104  -0.31616   0.13786  -0.32794   0.13786  -0.32794
  9.77444   0.11727  -0.31028   0.11727  -0.31028   0.13421  -0.32122   0.13421  -0.32122
  9.82456   0.11526  -0.30450   0.11526  -0.30450   0.12986  -0.31471   0.12986  -0.31471
  9.87469   0.11498  -0.29874   0.11498  -0.29874   0.12553  -0.30842   0.12553  -0.30842
  9.92481   0.11595  -0.29293   0.11595  -0.29293   0.12204  -0.30230   0.12204  -0.30230
  9.97494   0.11748  -0.28704   0.11748  -0.28704   0.11989  -0.29629   0.11989  -0.29629
 10.02506   0.11899  -0.28107   0.11899  -0.28107   0.11914  -0.29032   0.11914  -0.29032