ESCALE ; pCOHP file generated by LOBSTER. Energy is shifted such that the Fermi level lies at 0 eV.
         2          2        401  -6.04511e+00   1.40050e+01   3.97995e+00 
Average
No.1:Mn42->O78(1.9443260062872292)
-10.02506   0.00000  -0.67289   0.00000  -0.67289   0.00000  -0.66803   0.00000  -0.66803
 -9.97494   0.00000  -0.67289   0.00000  -0.67289   0.00000  -0.66803   0.00000  -0.66803
 -9.92481   0.00000  -0.67289   0.00000  -0.67289   0.00000  -0.66803   0.00000  -0.66803
 -9.87469   0.00000  -0.67289   0.00000  -0.67289   0.00000  -0.66803   0.00000  -0.66803
 -9.82456   0.00000  -0.67289   0.00000  -0.67289   0.00000  -0.66803   0.00000  -0.66803
 -9.77444   0.00000  -0.67289   0.00000  -0.67289   0.00000  -0.66803   0.00000  -0.66803
 -9.72431   0.00000  -0.67289   0.00000  -0.67289   0.00000  -0.66803   0.00000  -0.66803
 -9.67419   0.00000  -0.67289   0.00000  -0.67289   0.00000  -0.66803   0.00000  -0.66803
 -9.62406   0.00000  -0.67289   0.00000  -0.67289   0.00000  -0.66803   0.00000  -0.66803
 -9.57393   0.00000  -0.67289   0.00000  -0.67289   0.00000  -0.66803   0.00000  -0.66803
 -9.52381   0.00000  -0.67289   0.00000  -0.67289   0.00000  -0.66803   0.00000  -0.66803
 -9.47368   0.00000  -0.67289   0.00000  -0.67289   0.00000  -0.66803   0.00000  -0.66803
 -9.42356   0.00000  -0.67289   0.00000  -0.67289   0.00000  -0.66803   0.00000  -0.66803
 -9.37343   0.00000  -0.67289   0.00000  -0.67289   0.00000  -0.66803   0.00000  -0.66803
 -9.32331   0.00000  -0.67289   0.00000  -0.67289   0.00000  -0.66803   0.00000  -0.66803
 -9.27318   0.00000  -0.67289   0.00000  -0.67289   0.00000  -0.66803   0.00000  -0.66803
 -9.22306   0.00000  -0.67289   0.00000  -0.67289   0.00000  -0.66803   0.00000  -0.66803
 -9.17293   0.00000  -0.67289   0.00000  -0.67289   0.00000  -0.66803   0.00000  -0.66803
 -9.12281   0.00000  -0.67289   0.00000  -0.67289   0.00000  -0.66803   0.00000  -0.66803
 -9.07268   0.00000  -0.67289   0.00000  -0.67289   0.00000  -0.66803   0.00000  -0.66803
 -9.02256   0.00000  -0.67289   0.00000  -0.67289   0.00000  -0.66803   0.00000  -0.66803
 -8.97243   0.00000  -0.67289   0.00000  -0.67289   0.00000  -0.66803   0.00000  -0.66803
 -8.92231   0.00000  -0.67289   0.00000  -0.67289   0.00000  -0.66803   0.00000  -0.66803
 -8.87218   0.00000  -0.67289   0.00000  -0.67289   0.00000  -0.66803   0.00000  -0.66803
 -8.82206  -0.00000  -0.67289  -0.00000  -0.67289   0.00000  -0.66803   0.00000  -0.66803
 -8.77193  -0.00000  -0.67289  -0.00000  -0.67289   0.00000  -0.66803   0.00000  -0.66803
 -8.72180  -0.00000  -0.67289  -0.00000  -0.67289   0.00000  -0.66803   0.00000  -0.66803
 -8.67168  -0.00000  -0.67289  -0.00000  -0.67289   0.00000  -0.66803   0.00000  -0.66803
 -8.62155  -0.00000  -0.67289  -0.00000  -0.67289   0.00000  -0.66803   0.00000  -0.66803
 -8.57143  -0.00000  -0.67289  -0.00000  -0.67289   0.00000  -0.66803   0.00000  -0.66803
 -8.52130  -0.00000  -0.67289  -0.00000  -0.67289   0.00000  -0.66803   0.00000  -0.66803
 -8.47118  -0.00000  -0.67289  -0.00000  -0.67289   0.00000  -0.66803   0.00000  -0.66803
 -8.42105  -0.00000  -0.67289  -0.00000  -0.67289   0.00000  -0.66803   0.00000  -0.66803
 -8.37093  -0.00000  -0.67289  -0.00000  -0.67289   0.00000  -0.66803   0.00000  -0.66803
 -8.32080  -0.00000  -0.67289  -0.00000  -0.67289   0.00000  -0.66803   0.00000  -0.66803
 -8.27068  -0.00000  -0.67289  -0.00000  -0.67289   0.00000  -0.66803   0.00000  -0.66803
 -8.22055  -0.00000  -0.67289  -0.00000  -0.67289   0.00000  -0.66803   0.00000  -0.66803
 -8.17043  -0.00000  -0.67289  -0.00000  -0.67289   0.00000  -0.66803   0.00000  -0.66803
 -8.12030  -0.00000  -0.67289  -0.00000  -0.67289   0.00000  -0.66803   0.00000  -0.66803
 -8.07018  -0.00001  -0.67289  -0.00001  -0.67289   0.00000  -0.66803   0.00000  -0.66803
 -8.02005  -0.00001  -0.67289  -0.00001  -0.67289   0.00000  -0.66803   0.00000  -0.66803
 -7.96992  -0.00003  -0.67290  -0.00003  -0.67290   0.00000  -0.66803   0.00000  -0.66803
 -7.91980  -0.00005  -0.67290  -0.00005  -0.67290   0.00000  -0.66803   0.00000  -0.66803
 -7.86967  -0.00008  -0.67290  -0.00008  -0.67290   0.00000  -0.66803   0.00000  -0.66803
 -7.81955  -0.00011  -0.67291  -0.00011  -0.67291   0.00000  -0.66803   0.00000  -0.66803
 -7.76942  -0.00014  -0.67291  -0.00014  -0.67291   0.00000  -0.66803   0.00000  -0.66803
 -7.71930  -0.00017  -0.67292  -0.00017  -0.67292   0.00000  -0.66803   0.00000  -0.66803
 -7.66917  -0.00017  -0.67293  -0.00017  -0.67293   0.00000  -0.66803   0.00000  -0.66803
 -7.61905  -0.00015  -0.67294  -0.00015  -0.67294   0.00000  -0.66803   0.00000  -0.66803
 -7.56892  -0.00013  -0.67295  -0.00013  -0.67295  -0.00000  -0.66803  -0.00000  -0.66803
 -7.51880  -0.00009  -0.67295  -0.00009  -0.67295  -0.00000  -0.66803  -0.00000  -0.66803
 -7.46867  -0.00006  -0.67295  -0.00006  -0.67295  -0.00000  -0.66803  -0.00000  -0.66803
 -7.41855  -0.00004  -0.67296  -0.00004  -0.67296   0.00000  -0.66803   0.00000  -0.66803
 -7.36842  -0.00003  -0.67296  -0.00003  -0.67296  -0.00000  -0.66803  -0.00000  -0.66803
 -7.31830  -0.00003  -0.67296  -0.00003  -0.67296  -0.00000  -0.66803  -0.00000  -0.66803
 -7.26817  -0.00004  -0.67296  -0.00004  -0.67296  -0.00000  -0.66803  -0.00000  -0.66803
 -7.21805  -0.00006  -0.67296  -0.00006  -0.67296  -0.00000  -0.66803  -0.00000  -0.66803
 -7.16792  -0.00008  -0.67297  -0.00008  -0.67297  -0.00000  -0.66803  -0.00000  -0.66803
 -7.11779  -0.00011  -0.67297  -0.00011  -0.67297  -0.00000  -0.66803  -0.00000  -0.66803
 -7.06767  -0.00014  -0.67298  -0.00014  -0.67298  -0.00000  -0.66803  -0.00000  -0.66803
 -7.01754  -0.00018  -0.67299  -0.00018  -0.67299  -0.00000  -0.66803  -0.00000  -0.66803
 -6.96742  -0.00025  -0.67300  -0.00025  -0.67300  -0.00000  -0.66803  -0.00000  -0.66803
 -6.91729  -0.00038  -0.67302  -0.00038  -0.67302  -0.00000  -0.66803  -0.00000  -0.66803
 -6.86717  -0.00064  -0.67305  -0.00064  -0.67305  -0.00000  -0.66803  -0.00000  -0.66803
 -6.81704  -0.00115  -0.67311  -0.00115  -0.67311  -0.00000  -0.66803  -0.00000  -0.66803
 -6.76692  -0.00215  -0.67322  -0.00215  -0.67322  -0.00000  -0.66803  -0.00000  -0.66803
 -6.71679  -0.00413  -0.67343  -0.00413  -0.67343  -0.00000  -0.66803  -0.00000  -0.66803
 -6.66667  -0.00794  -0.67382  -0.00794  -0.67382  -0.00001  -0.66803  -0.00001  -0.66803
 -6.61654  -0.01482  -0.67457  -0.01482  -0.67457  -0.00001  -0.66803  -0.00001  -0.66803
 -6.56642  -0.02625  -0.67588  -0.02625  -0.67588  -0.00002  -0.66803  -0.00002  -0.66803
 -6.51629  -0.04345  -0.67806  -0.04345  -0.67806  -0.00002  -0.66803  -0.00002  -0.66803
 -6.46617  -0.06688  -0.68141  -0.06688  -0.68141  -0.00003  -0.66803  -0.00003  -0.66803
 -6.41604  -0.09581  -0.68621  -0.09581  -0.68621  -0.00004  -0.66804  -0.00004  -0.66804
 -6.36591  -0.12868  -0.69266  -0.12868  -0.69266  -0.00004  -0.66804  -0.00004  -0.66804
 -6.31579  -0.16372  -0.70087  -0.16372  -0.70087  -0.00004  -0.66804  -0.00004  -0.66804
 -6.26566  -0.19963  -0.71088  -0.19963  -0.71088  -0.00005  -0.66804  -0.00005  -0.66804
 -6.21554  -0.23550  -0.72268  -0.23550  -0.72268  -0.00005  -0.66804  -0.00005  -0.66804
 -6.16541  -0.27023  -0.73623  -0.27023  -0.73623  -0.00006  -0.66805  -0.00006  -0.66805
 -6.11529  -0.30183  -0.75136  -0.30183  -0.75136  -0.00007  -0.66805  -0.00007  -0.66805
 -6.06516  -0.32757  -0.76778  -0.32757  -0.76778  -0.00008  -0.66806  -0.00008  -0.66806
 -6.01504  -0.34465  -0.78505  -0.34465  -0.78505  -0.00009  -0.66806  -0.00009  -0.66806
 -5.96491  -0.35121  -0.80266  -0.35121  -0.80266  -0.00010  -0.66806  -0.00010  -0.66806
 -5.91479  -0.34678  -0.82004  -0.34678  -0.82004  -0.00011  -0.66807  -0.00011  -0.66807
 -5.86466  -0.33250  -0.83671  -0.33250  -0.83671  -0.00013  -0.66808  -0.00013  -0.66808
 -5.81454  -0.31104  -0.85230  -0.31104  -0.85230  -0.00017  -0.66809  -0.00017  -0.66809
 -5.76441  -0.28657  -0.86666  -0.28657  -0.86666  -0.00026  -0.66810  -0.00026  -0.66810
 -5.71429  -0.26448  -0.87992  -0.26448  -0.87992  -0.00041  -0.66812  -0.00041  -0.66812
 -5.66416  -0.25041  -0.89247  -0.25041  -0.89247  -0.00063  -0.66815  -0.00063  -0.66815
 -5.61404  -0.24890  -0.90495  -0.24890  -0.90495  -0.00092  -0.66820  -0.00092  -0.66820
 -5.56391  -0.26177  -0.91807  -0.26177  -0.91807  -0.00129  -0.66826  -0.00129  -0.66826
 -5.51378  -0.28713  -0.93246  -0.28713  -0.93246  -0.00173  -0.66835  -0.00173  -0.66835
 -5.46366  -0.31962  -0.94848  -0.31962  -0.94848  -0.00225  -0.66846  -0.00225  -0.66846
 -5.41353  -0.35178  -0.96611  -0.35178  -0.96611  -0.00288  -0.66861  -0.00288  -0.66861
 -5.36341  -0.37633  -0.98498  -0.37633  -0.98498  -0.00365  -0.66879  -0.00365  -0.66879
 -5.31328  -0.38813  -1.00443  -0.38813  -1.00443  -0.00459  -0.66902  -0.00459  -0.66902
 -5.26316  -0.38550  -1.02376  -0.38550  -1.02376  -0.00580  -0.66931  -0.00580  -0.66931
 -5.21303  -0.37049  -1.04233  -0.37049  -1.04233  -0.00747  -0.66968  -0.00747  -0.66968
 -5.16291  -0.34822  -1.05978  -0.34822  -1.05978  -0.01008  -0.67019  -0.01008  -0.67019
 -5.11278  -0.32544  -1.07609  -0.32544  -1.07609  -0.01448  -0.67092  -0.01448  -0.67092
 -5.06266  -0.30846  -1.09156  -0.30846  -1.09156  -0.02196  -0.67202  -0.02196  -0.67202
 -5.01253  -0.30109  -1.10665  -0.30109  -1.10665  -0.03419  -0.67373  -0.03419  -0.67373
 -4.96241  -0.30355  -1.12186  -0.30355  -1.12186  -0.05275  -0.67637  -0.05275  -0.67637
 -4.91228  -0.31305  -1.13755  -0.31305  -1.13755  -0.07851  -0.68031  -0.07851  -0.68031
 -4.86216  -0.32574  -1.15388  -0.32574  -1.15388  -0.11093  -0.68587  -0.11093  -0.68587
 -4.81203  -0.33873  -1.17086  -0.33873  -1.17086  -0.14779  -0.69328  -0.14779  -0.69328
 -4.76190  -0.35101  -1.18846  -0.35101  -1.18846  -0.18563  -0.70258  -0.18563  -0.70258
 -4.71178  -0.36280  -1.20664  -0.36280  -1.20664  -0.22100  -0.71366  -0.22100  -0.71366
 -4.66165  -0.37396  -1.22539  -0.37396  -1.22539  -0.25172  -0.72628  -0.25172  -0.72628
 -4.61153  -0.38285  -1.24458  -0.38285  -1.24458  -0.27748  -0.74019  -0.27748  -0.74019
 -4.56140  -0.38631  -1.26394  -0.38631  -1.26394  -0.29942  -0.75520  -0.29942  -0.75520
 -4.51128  -0.38111  -1.28304  -0.38111  -1.28304  -0.31896  -0.77118  -0.31896  -0.77118
 -4.46115  -0.36552  -1.30137  -0.36552  -1.30137  -0.33670  -0.78806  -0.33670  -0.78806
 -4.41103  -0.34028  -1.31842  -0.34028  -1.31842  -0.35218  -0.80571  -0.35218  -0.80571
 -4.36090  -0.30831  -1.33388  -0.30831  -1.33388  -0.36418  -0.82397  -0.36418  -0.82397
 -4.31078  -0.27356  -1.34759  -0.27356  -1.34759  -0.37156  -0.84259  -0.37156  -0.84259
 -4.26065  -0.23977  -1.35961  -0.23977  -1.35961  -0.37363  -0.86132  -0.37363  -0.86132
 -4.21053  -0.20978  -1.37012  -0.20978  -1.37012  -0.37035  -0.87989  -0.37035  -0.87989
 -4.16040  -0.18543  -1.37942  -0.18543  -1.37942  -0.36209  -0.89804  -0.36209  -0.89804
 -4.11028  -0.16771  -1.38782  -0.16771  -1.38782  -0.34951  -0.91555  -0.34951  -0.91555
 -4.06015  -0.15653  -1.39567  -0.15653  -1.39567  -0.33347  -0.93227  -0.33347  -0.93227
 -4.01003  -0.15034  -1.40321  -0.15034  -1.40321  -0.31519  -0.94807  -0.31519  -0.94807
 -3.95990  -0.14612  -1.41053  -0.14612  -1.41053  -0.29637  -0.96292  -0.29637  -0.96292
 -3.90977  -0.14032  -1.41756  -0.14032  -1.41756  -0.27935  -0.97693  -0.27935  -0.97693
 -3.85965  -0.13048  -1.42410  -0.13048  -1.42410  -0.26700  -0.99031  -0.26700  -0.99031
 -3.80952  -0.11646  -1.42994  -0.11646  -1.42994  -0.26225  -1.00346  -0.26225  -1.00346
 -3.75940  -0.10031  -1.43497  -0.10031  -1.43497  -0.26737  -1.01686  -0.26737  -1.01686
 -3.70927  -0.08494  -1.43923  -0.08494  -1.43923  -0.28326  -1.03106  -0.28326  -1.03106
 -3.65915  -0.07249  -1.44286  -0.07249  -1.44286  -0.30904  -1.04655  -0.30904  -1.04655
 -3.60902  -0.06367  -1.44605  -0.06367  -1.44605  -0.34173  -1.06368  -0.34173  -1.06368
 -3.55890  -0.05802  -1.44896  -0.05802  -1.44896  -0.37626  -1.08254  -0.37626  -1.08254
 -3.50877  -0.05473  -1.45170  -0.05473  -1.45170  -0.40599  -1.10289  -0.40599  -1.10289
 -3.45865  -0.05322  -1.45437  -0.05322  -1.45437  -0.42403  -1.12414  -0.42403  -1.12414
 -3.40852  -0.05322  -1.45704  -0.05322  -1.45704  -0.42540  -1.14547  -0.42540  -1.14547
 -3.35840  -0.05436  -1.45976  -0.05436  -1.45976  -0.40895  -1.16596  -0.40895  -1.16596
 -3.30827  -0.05582  -1.46256  -0.05582  -1.46256  -0.37797  -1.18491  -0.37797  -1.18491
 -3.25815  -0.05619  -1.46538  -0.05619  -1.46538  -0.33884  -1.20189  -0.33884  -1.20189
 -3.20802  -0.05361  -1.46807  -0.05361  -1.46807  -0.29856  -1.21686  -0.29856  -1.21686
 -3.15789  -0.04644  -1.47039  -0.04644  -1.47039  -0.26230  -1.23001  -0.26230  -1.23001
 -3.10777  -0.03401  -1.47210  -0.03401  -1.47210  -0.23240  -1.24166  -0.23240  -1.24166
 -3.05764  -0.01733  -1.47297  -0.01733  -1.47297  -0.20873  -1.25212  -0.20873  -1.25212
 -3.00752   0.00080  -1.47293   0.00080  -1.47293  -0.18996  -1.26164  -0.18996  -1.26164
 -2.95739   0.01650  -1.47210   0.01650  -1.47210  -0.17478  -1.27040  -0.17478  -1.27040
 -2.90727   0.02623  -1.47079   0.02623  -1.47079  -0.16240  -1.27854  -0.16240  -1.27854
 -2.85714   0.02834  -1.46936   0.02834  -1.46936  -0.15249  -1.28619  -0.15249  -1.28619
 -2.80702   0.02385  -1.46817   0.02385  -1.46817  -0.14468  -1.29344  -0.14468  -1.29344
 -2.75689   0.01602  -1.46737   0.01602  -1.46737  -0.13829  -1.30037  -0.13829  -1.30037
 -2.70677   0.00896  -1.46692   0.00896  -1.46692  -0.13245  -1.30701  -0.13245  -1.30701
 -2.65664   0.00595  -1.46662   0.00595  -1.46662  -0.12653  -1.31335  -0.12653  -1.31335
 -2.60652   0.00856  -1.46619   0.00856  -1.46619  -0.12045  -1.31939  -0.12045  -1.31939
 -2.55639   0.01660  -1.46536   0.01660  -1.46536  -0.11471  -1.32514  -0.11471  -1.32514
 -2.50627   0.02879  -1.46392   0.02879  -1.46392  -0.11011  -1.33066  -0.11011  -1.33066
 -2.45614   0.04338  -1.46174   0.04338  -1.46174  -0.10741  -1.33604  -0.10741  -1.33604
 -2.40602   0.05869  -1.45880   0.05869  -1.45880  -0.10683  -1.34140  -0.10683  -1.34140
 -2.35589   0.07325  -1.45513   0.07325  -1.45513  -0.10792  -1.34681  -0.10792  -1.34681
 -2.30576   0.08603  -1.45081   0.08603  -1.45081  -0.10966  -1.35230  -0.10966  -1.35230
 -2.25564   0.09662  -1.44597   0.09662  -1.44597  -0.11089  -1.35786  -0.11089  -1.35786
 -2.20551   0.10525  -1.44070   0.10525  -1.44070  -0.11075  -1.36341  -0.11075  -1.36341
 -2.15539   0.11262  -1.43505   0.11262  -1.43505  -0.10883  -1.36887  -0.10883  -1.36887
 -2.10526   0.11951  -1.42906   0.11951  -1.42906  -0.10513  -1.37414  -0.10513  -1.37414
 -2.05514   0.12634  -1.42273   0.12634  -1.42273  -0.09975  -1.37914  -0.09975  -1.37914
 -2.00501   0.13295  -1.41606   0.13295  -1.41606  -0.09289  -1.38379  -0.09289  -1.38379
 -1.95489   0.13883  -1.40910   0.13883  -1.40910  -0.08487  -1.38805  -0.08487  -1.38805
 -1.90476   0.14354  -1.40191   0.14354  -1.40191  -0.07623  -1.39187  -0.07623  -1.39187
 -1.85464   0.14714  -1.39453   0.14714  -1.39453  -0.06766  -1.39526  -0.06766  -1.39526
 -1.80451   0.15042  -1.38699   0.15042  -1.38699  -0.05977  -1.39826  -0.05977  -1.39826
 -1.75439   0.15456  -1.37925   0.15456  -1.37925  -0.05296  -1.40091  -0.05296  -1.40091
 -1.70426   0.16065  -1.37119   0.16065  -1.37119  -0.04727  -1.40328  -0.04727  -1.40328
 -1.65414   0.16908  -1.36272   0.16908  -1.36272  -0.04252  -1.40541  -0.04252  -1.40541
 -1.60401   0.17936  -1.35373   0.17936  -1.35373  -0.03837  -1.40734  -0.03837  -1.40734
 -1.55388   0.19027  -1.34419   0.19027  -1.34419  -0.03447  -1.40906  -0.03447  -1.40906
 -1.50376   0.20026  -1.33415   0.20026  -1.33415  -0.03055  -1.41059  -0.03055  -1.41059
 -1.45363   0.20770  -1.32374   0.20770  -1.32374  -0.02662  -1.41193  -0.02662  -1.41193
 -1.40351   0.21110  -1.31316   0.21110  -1.31316  -0.02313  -1.41309  -0.02313  -1.41309
 -1.35338   0.20950  -1.30266   0.20950  -1.30266  -0.02085  -1.41413  -0.02085  -1.41413
 -1.30326   0.20296  -1.29249   0.20296  -1.29249  -0.02059  -1.41517  -0.02059  -1.41517
 -1.25313   0.19289  -1.28282   0.19289  -1.28282  -0.02265  -1.41630  -0.02265  -1.41630
 -1.20301   0.18175  -1.27371   0.18175  -1.27371  -0.02644  -1.41763  -0.02644  -1.41763
 -1.15288   0.17227  -1.26507   0.17227  -1.26507  -0.03052  -1.41916  -0.03052  -1.41916
 -1.10276   0.16628  -1.25674   0.16628  -1.25674  -0.03311  -1.42082  -0.03311  -1.42082
 -1.05263   0.16399  -1.24852   0.16399  -1.24852  -0.03276  -1.42246  -0.03276  -1.42246
 -1.00251   0.16404  -1.24029   0.16404  -1.24029  -0.02890  -1.42391  -0.02890  -1.42391
 -0.95238   0.16449  -1.23205   0.16449  -1.23205  -0.02189  -1.42500  -0.02189  -1.42500
 -0.90226   0.16408  -1.22382   0.16408  -1.22382  -0.01280  -1.42564  -0.01280  -1.42564
 -0.85213   0.16301  -1.21565   0.16301  -1.21565  -0.00303  -1.42580  -0.00303  -1.42580
 -0.80201   0.16258  -1.20750   0.16258  -1.20750   0.00599  -1.42550   0.00599  -1.42550
 -0.75188   0.16398  -1.19929   0.16398  -1.19929   0.01308  -1.42484   0.01308  -1.42484
 -0.70175   0.16689  -1.19092   0.16689  -1.19092   0.01747  -1.42396   0.01747  -1.42396
 -0.65163   0.16904  -1.18245   0.16904  -1.18245   0.01902  -1.42301   0.01902  -1.42301
 -0.60150   0.16708  -1.17407   0.16708  -1.17407   0.01814  -1.42210   0.01814  -1.42210
 -0.55138   0.15834  -1.16613   0.15834  -1.16613   0.01565  -1.42132   0.01565  -1.42132
 -0.50125   0.14226  -1.15900   0.14226  -1.15900   0.01241  -1.42070   0.01241  -1.42070
 -0.45113   0.12075  -1.15295   0.12075  -1.15295   0.00916  -1.42024   0.00916  -1.42024
 -0.40100   0.09720  -1.14808   0.09720  -1.14808   0.00631  -1.41992   0.00631  -1.41992
 -0.35088   0.07502  -1.14432   0.07502  -1.14432   0.00407  -1.41972   0.00407  -1.41972
 -0.30075   0.05644  -1.14149   0.05644  -1.14149   0.00245  -1.41959   0.00245  -1.41959
 -0.25063   0.04219  -1.13937   0.04219  -1.13937   0.00137  -1.41952   0.00137  -1.41952
 -0.20050   0.03182  -1.13778   0.03182  -1.13778   0.00071  -1.41949   0.00071  -1.41949
 -0.15038   0.02431  -1.13656   0.02431  -1.13656   0.00034  -1.41947   0.00034  -1.41947
 -0.10025   0.01867  -1.13563   0.01867  -1.13563   0.00015  -1.41947   0.00015  -1.41947
 -0.05013   0.01418  -1.13491   0.01418  -1.13491   0.00006  -1.41946   0.00006  -1.41946
  0.00000   0.01046  -1.13439   0.01046  -1.13439   0.00002  -1.41946   0.00002  -1.41946
  0.05013   0.00738  -1.13402   0.00738  -1.13402   0.00001  -1.41946   0.00001  -1.41946
  0.10025   0.00492  -1.13377   0.00492  -1.13377   0.00000  -1.41946   0.00000  -1.41946
  0.15038   0.00307  -1.13362   0.00307  -1.13362   0.00000  -1.41946   0.00000  -1.41946
  0.20050   0.00178  -1.13353   0.00178  -1.13353   0.00000  -1.41946   0.00000  -1.41946
  0.25063   0.00096  -1.13348   0.00096  -1.13348   0.00000  -1.41946   0.00000  -1.41946
  0.30075   0.00049  -1.13346   0.00049  -1.13346   0.00000  -1.41946   0.00000  -1.41946
  0.35088   0.00024  -1.13345   0.00024  -1.13345   0.00000  -1.41946   0.00000  -1.41946
  0.40100   0.00014  -1.13344   0.00014  -1.13344   0.00000  -1.41946   0.00000  -1.41946
  0.45113   0.00014  -1.13343   0.00014  -1.13343   0.00000  -1.41946   0.00000  -1.41946
  0.50125   0.00019  -1.13342   0.00019  -1.13342   0.00000  -1.41946   0.00000  -1.41946
  0.55138   0.00028  -1.13341   0.00028  -1.13341   0.00000  -1.41946   0.00000  -1.41946
  0.60150   0.00038  -1.13339   0.00038  -1.13339   0.00000  -1.41946   0.00000  -1.41946
  0.65163   0.00045  -1.13337   0.00045  -1.13337   0.00000  -1.41946   0.00000  -1.41946
  0.70175   0.00049  -1.13334   0.00049  -1.13334   0.00000  -1.41946   0.00000  -1.41946
  0.75188   0.00048  -1.13332   0.00048  -1.13332   0.00000  -1.41946   0.00000  -1.41946
  0.80201   0.00043  -1.13330   0.00043  -1.13330   0.00000  -1.41946   0.00000  -1.41946
  0.85213   0.00038  -1.13328   0.00038  -1.13328   0.00000  -1.41946   0.00000  -1.41946
  0.90226   0.00035  -1.13326   0.00035  -1.13326   0.00001  -1.41946   0.00001  -1.41946
  0.95238   0.00037  -1.13324   0.00037  -1.13324   0.00003  -1.41946   0.00003  -1.41946
  1.00251   0.00048  -1.13322   0.00048  -1.13322   0.00005  -1.41946   0.00005  -1.41946
  1.05263   0.00070  -1.13318   0.00070  -1.13318   0.00010  -1.41945   0.00010  -1.41945
  1.10276   0.00114  -1.13313   0.00114  -1.13313   0.00018  -1.41944   0.00018  -1.41944
  1.15288   0.00198  -1.13303   0.00198  -1.13303   0.00029  -1.41943   0.00029  -1.41943
  1.20301   0.00364  -1.13284   0.00364  -1.13284   0.00043  -1.41941   0.00043  -1.41941
  1.25313   0.00682  -1.13250   0.00682  -1.13250   0.00060  -1.41938   0.00060  -1.41938
  1.30326   0.01261  -1.13187   0.01261  -1.13187   0.00078  -1.41934   0.00078  -1.41934
  1.35338   0.02241  -1.13075   0.02241  -1.13075   0.00093  -1.41929   0.00093  -1.41929
  1.40351   0.03779  -1.12885   0.03779  -1.12885   0.00103  -1.41924   0.00103  -1.41924
  1.45363   0.06022  -1.12583   0.06022  -1.12583   0.00107  -1.41918   0.00107  -1.41918
  1.50376   0.09097  -1.12127   0.09097  -1.12127   0.00105  -1.41913   0.00105  -1.41913
  1.55388   0.13135  -1.11469   0.13135  -1.11469   0.00101  -1.41908   0.00101  -1.41908
  1.60401   0.18313  -1.10551   0.18313  -1.10551   0.00102  -1.41903   0.00102  -1.41903
  1.65414   0.24862  -1.09305   0.24862  -1.09305   0.00113  -1.41897   0.00113  -1.41897
  1.70426   0.32962  -1.07653   0.32962  -1.07653   0.00135  -1.41891   0.00135  -1.41891
  1.75439   0.42516  -1.05522   0.42516  -1.05522   0.00162  -1.41883   0.00162  -1.41883
  1.80451   0.52901  -1.02870   0.52901  -1.02870   0.00184  -1.41873   0.00184  -1.41873
  1.85464   0.62906  -0.99717   0.62906  -0.99717   0.00192  -1.41864   0.00192  -1.41864
  1.90476   0.70974  -0.96159   0.70974  -0.96159   0.00181  -1.41855   0.00181  -1.41855
  1.95489   0.75728  -0.92363   0.75728  -0.92363   0.00152  -1.41847   0.00152  -1.41847
  2.00501   0.76534  -0.88527   0.76534  -0.88527   0.00115  -1.41841   0.00115  -1.41841
  2.05514   0.73833  -0.84826   0.73833  -0.84826   0.00080  -1.41837   0.00080  -1.41837
  2.10526   0.69047  -0.81365   0.69047  -0.81365   0.00052  -1.41835   0.00052  -1.41835
  2.15539   0.64085  -0.78153   0.64085  -0.78153   0.00035  -1.41833   0.00035  -1.41833
  2.20551   0.60620  -0.75114   0.60620  -0.75114   0.00028  -1.41831   0.00028  -1.41831
  2.25564   0.59374  -0.72138   0.59374  -0.72138   0.00027  -1.41830   0.00027  -1.41830
  2.30576   0.59751  -0.69143   0.59751  -0.69143   0.00030  -1.41829   0.00030  -1.41829
  2.35589   0.60035  -0.66134   0.60035  -0.66134   0.00038  -1.41827   0.00038  -1.41827
  2.40602   0.58196  -0.63217   0.58196  -0.63217   0.00051  -1.41824   0.00051  -1.41824
  2.45614   0.52922  -0.60564   0.52922  -0.60564   0.00071  -1.41821   0.00071  -1.41821
  2.50627   0.44307  -0.58343   0.44307  -0.58343   0.00099  -1.41816   0.00099  -1.41816
  2.55639   0.33760  -0.56651   0.33760  -0.56651   0.00132  -1.41809   0.00132  -1.41809
  2.60652   0.23252  -0.55485   0.23252  -0.55485   0.00163  -1.41801   0.00163  -1.41801
  2.65664   0.14419  -0.54762   0.14419  -0.54762   0.00184  -1.41792   0.00184  -1.41792
  2.70677   0.08031  -0.54360   0.08031  -0.54360   0.00196  -1.41782   0.00196  -1.41782
  2.75689   0.04011  -0.54159   0.04011  -0.54159   0.00209  -1.41771   0.00209  -1.41771
  2.80702   0.01795  -0.54069   0.01795  -0.54069   0.00255  -1.41758   0.00255  -1.41758
  2.85714   0.00719  -0.54033   0.00719  -0.54033   0.00394  -1.41739   0.00394  -1.41739
  2.90727   0.00257  -0.54020   0.00257  -0.54020   0.00724  -1.41702   0.00724  -1.41702
  2.95739   0.00082  -0.54016   0.00082  -0.54016   0.01389  -1.41633   0.01389  -1.41633
  3.00752   0.00024  -0.54015   0.00024  -0.54015   0.02567  -1.41504   0.02567  -1.41504
  3.05764   0.00006  -0.54014   0.00006  -0.54014   0.04426  -1.41282   0.04426  -1.41282
  3.10777   0.00001  -0.54014   0.00001  -0.54014   0.07057  -1.40929   0.07057  -1.40929
  3.15789   0.00000  -0.54014   0.00000  -0.54014   0.10414  -1.40407   0.10414  -1.40407
  3.20802   0.00000  -0.54014   0.00000  -0.54014   0.14319  -1.39689   0.14319  -1.39689
  3.25815   0.00000  -0.54014   0.00000  -0.54014   0.18530  -1.38760   0.18530  -1.38760
  3.30827   0.00000  -0.54014   0.00000  -0.54014   0.22833  -1.37616   0.22833  -1.37616
  3.35840   0.00000  -0.54014   0.00000  -0.54014   0.27043  -1.36260   0.27043  -1.36260
  3.40852   0.00000  -0.54014   0.00000  -0.54014   0.30921  -1.34710   0.30921  -1.34710
  3.45865   0.00000  -0.54014   0.00000  -0.54014   0.34106  -1.33001   0.34106  -1.33001
  3.50877   0.00000  -0.54014   0.00000  -0.54014   0.36224  -1.31185   0.36224  -1.31185
  3.55890   0.00000  -0.54014   0.00000  -0.54014   0.37143  -1.29323   0.37143  -1.29323
  3.60902   0.00000  -0.54014   0.00000  -0.54014   0.37168  -1.27460   0.37168  -1.27460
  3.65915   0.00000  -0.54014   0.00000  -0.54014   0.36932  -1.25609   0.36932  -1.25609
  3.70927  -0.00000  -0.54014  -0.00000  -0.54014   0.37001  -1.23754   0.37001  -1.23754
  3.75940   0.00000  -0.54014   0.00000  -0.54014   0.37474  -1.21876   0.37474  -1.21876
  3.80952   0.00000  -0.54014   0.00000  -0.54014   0.37899  -1.19976   0.37899  -1.19976
  3.85965   0.00000  -0.54014   0.00000  -0.54014   0.37615  -1.18091   0.37615  -1.18091
  3.90977   0.00000  -0.54014   0.00000  -0.54014   0.36281  -1.16272   0.36281  -1.16272
  3.95990   0.00000  -0.54014   0.00000  -0.54014   0.34199  -1.14558   0.34199  -1.14558
  4.01003   0.00000  -0.54014   0.00000  -0.54014   0.32222  -1.12943   0.32222  -1.12943
  4.06015   0.00000  -0.54014   0.00000  -0.54014   0.31391  -1.11369   0.31391  -1.11369
  4.11028   0.00000  -0.54014   0.00000  -0.54014   0.32612  -1.09734   0.32612  -1.09734
  4.16040   0.00000  -0.54014   0.00000  -0.54014   0.36557  -1.07902   0.36557  -1.07902
  4.21053   0.00000  -0.54014   0.00000  -0.54014   0.43697  -1.05712   0.43697  -1.05712
  4.26065   0.00000  -0.54014   0.00000  -0.54014   0.54245  -1.02993   0.54245  -1.02993
  4.31078   0.00000  -0.54014   0.00000  -0.54014   0.67926  -0.99588   0.67926  -0.99588
  4.36090   0.00000  -0.54014   0.00000  -0.54014   0.83685  -0.95393   0.83685  -0.95393
  4.41103   0.00000  -0.54014   0.00000  -0.54014   0.99548  -0.90403   0.99548  -0.90403
  4.46115   0.00000  -0.54014   0.00000  -0.54014   1.12757  -0.84751   1.12757  -0.84751
  4.51128   0.00000  -0.54014   0.00000  -0.54014   1.20294  -0.78721   1.20294  -0.78721
  4.56140   0.00000  -0.54014   0.00000  -0.54014   1.19761  -0.72718   1.19761  -0.72718
  4.61153   0.00000  -0.54014   0.00000  -0.54014   1.10360  -0.67186   1.10360  -0.67186
  4.66165   0.00000  -0.54014   0.00000  -0.54014   0.93465  -0.62502   0.93465  -0.62502
  4.71178   0.00000  -0.54014   0.00000  -0.54014   0.72320  -0.58876   0.72320  -0.58876
  4.76190   0.00000  -0.54014   0.00000  -0.54014   0.50880  -0.56326   0.50880  -0.56326
  4.81203   0.00000  -0.54014   0.00000  -0.54014   0.32426  -0.54701   0.32426  -0.54701
  4.86216   0.00000  -0.54014   0.00000  -0.54014   0.18664  -0.53765   0.18664  -0.53765
  4.91228   0.00000  -0.54014   0.00000  -0.54014   0.09680  -0.53280   0.09680  -0.53280
  4.96241   0.00000  -0.54014   0.00000  -0.54014   0.04515  -0.53054   0.04515  -0.53054
  5.01253   0.00000  -0.54014   0.00000  -0.54014   0.01891  -0.52959   0.01891  -0.52959
  5.06266   0.00000  -0.54014   0.00000  -0.54014   0.00710  -0.52923   0.00710  -0.52923
  5.11278   0.00000  -0.54014   0.00000  -0.54014   0.00239  -0.52911   0.00239  -0.52911
  5.16291   0.00000  -0.54014   0.00000  -0.54014   0.00072  -0.52908   0.00072  -0.52908
  5.21303   0.00000  -0.54014   0.00000  -0.54014   0.00019  -0.52907   0.00019  -0.52907
  5.26316  -0.00000  -0.54014  -0.00000  -0.54014   0.00005  -0.52907   0.00005  -0.52907
  5.31328  -0.00000  -0.54014  -0.00000  -0.54014   0.00001  -0.52907   0.00001  -0.52907
  5.36341   0.00000  -0.54014   0.00000  -0.54014   0.00000  -0.52907   0.00000  -0.52907
  5.41353   0.00000  -0.54014   0.00000  -0.54014   0.00000  -0.52907   0.00000  -0.52907
  5.46366   0.00000  -0.54014   0.00000  -0.54014   0.00000  -0.52907   0.00000  -0.52907
  5.51378   0.00000  -0.54014   0.00000  -0.54014   0.00000  -0.52907   0.00000  -0.52907
  5.56391   0.00000  -0.54014   0.00000  -0.54014   0.00000  -0.52907   0.00000  -0.52907
  5.61404   0.00000  -0.54014   0.00000  -0.54014   0.00000  -0.52907   0.00000  -0.52907
  5.66416   0.00000  -0.54014   0.00000  -0.54014   0.00000  -0.52907   0.00000  -0.52907
  5.71429   0.00000  -0.54014   0.00000  -0.54014   0.00000  -0.52907   0.00000  -0.52907
  5.76441   0.00000  -0.54014   0.00000  -0.54014   0.00000  -0.52907   0.00000  -0.52907
  5.81454   0.00000  -0.54014   0.00000  -0.54014   0.00000  -0.52907   0.00000  -0.52907
  5.86466   0.00000  -0.54014   0.00000  -0.54014   0.00000  -0.52907   0.00000  -0.52907
  5.91479   0.00000  -0.54014   0.00000  -0.54014   0.00000  -0.52907   0.00000  -0.52907
  5.96491   0.00000  -0.54014   0.00000  -0.54014   0.00000  -0.52907   0.00000  -0.52907
  6.01504   0.00000  -0.54014   0.00000  -0.54014   0.00000  -0.52907   0.00000  -0.52907
  6.06516   0.00001  -0.54014   0.00001  -0.54014   0.00000  -0.52907   0.00000  -0.52907
  6.11529   0.00002  -0.54014   0.00002  -0.54014   0.00000  -0.52907   0.00000  -0.52907
  6.16541   0.00004  -0.54014   0.00004  -0.54014   0.00000  -0.52907   0.00000  -0.52907
  6.21554   0.00007  -0.54014   0.00007  -0.54014   0.00000  -0.52906   0.00000  -0.52906
  6.26566   0.00012  -0.54013   0.00012  -0.54013   0.00001  -0.52906   0.00001  -0.52906
  6.31579   0.00019  -0.54012   0.00019  -0.54012   0.00001  -0.52906   0.00001  -0.52906
  6.36591   0.00029  -0.54011   0.00029  -0.54011   0.00003  -0.52906   0.00003  -0.52906
  6.41604   0.00039  -0.54009   0.00039  -0.54009   0.00005  -0.52906   0.00005  -0.52906
  6.46617   0.00050  -0.54006   0.00050  -0.54006   0.00009  -0.52906   0.00009  -0.52906
  6.51629   0.00059  -0.54003   0.00059  -0.54003   0.00014  -0.52905   0.00014  -0.52905
  6.56642   0.00064  -0.54000   0.00064  -0.54000   0.00020  -0.52904   0.00020  -0.52904
  6.61654   0.00066  -0.53997   0.00066  -0.53997   0.00027  -0.52902   0.00027  -0.52902
  6.66667   0.00066  -0.53993   0.00066  -0.53993   0.00032  -0.52901   0.00032  -0.52901
  6.71679   0.00069  -0.53990   0.00069  -0.53990   0.00036  -0.52899   0.00036  -0.52899
  6.76692   0.00079  -0.53986   0.00079  -0.53986   0.00038  -0.52897   0.00038  -0.52897
  6.81704   0.00101  -0.53981   0.00101  -0.53981   0.00038  -0.52895   0.00038  -0.52895
  6.86717   0.00139  -0.53974   0.00139  -0.53974   0.00038  -0.52893   0.00038  -0.52893
  6.91729   0.00195  -0.53964   0.00195  -0.53964   0.00042  -0.52891   0.00042  -0.52891
  6.96742   0.00271  -0.53951   0.00271  -0.53951   0.00051  -0.52889   0.00051  -0.52889
  7.01754   0.00365  -0.53932   0.00365  -0.53932   0.00070  -0.52885   0.00070  -0.52885
  7.06767   0.00474  -0.53909   0.00474  -0.53909   0.00100  -0.52880   0.00100  -0.52880
  7.11779   0.00590  -0.53879   0.00590  -0.53879   0.00143  -0.52873   0.00143  -0.52873
  7.16792   0.00704  -0.53844   0.00704  -0.53844   0.00201  -0.52863   0.00201  -0.52863
  7.21805   0.00809  -0.53803   0.00809  -0.53803   0.00275  -0.52849   0.00275  -0.52849
  7.26817   0.00907  -0.53758   0.00907  -0.53758   0.00364  -0.52831   0.00364  -0.52831
  7.31830   0.01017  -0.53707   0.01017  -0.53707   0.00463  -0.52808   0.00463  -0.52808
  7.36842   0.01172  -0.53648   0.01172  -0.53648   0.00567  -0.52779   0.00567  -0.52779
  7.41855   0.01402  -0.53578   0.01402  -0.53578   0.00671  -0.52746   0.00671  -0.52746
  7.46867   0.01717  -0.53492   0.01717  -0.53492   0.00776  -0.52707   0.00776  -0.52707
  7.51880   0.02083  -0.53387   0.02083  -0.53387   0.00898  -0.52662   0.00898  -0.52662
  7.56892   0.02434  -0.53265   0.02434  -0.53265   0.01064  -0.52608   0.01064  -0.52608
  7.61905   0.02700  -0.53130   0.02700  -0.53130   0.01300  -0.52543   0.01300  -0.52543
  7.66917   0.02850  -0.52987   0.02850  -0.52987   0.01608  -0.52463   0.01608  -0.52463
  7.71930   0.02918  -0.52841   0.02918  -0.52841   0.01958  -0.52364   0.01958  -0.52364
  7.76942   0.02985  -0.52691   0.02985  -0.52691   0.02288  -0.52250   0.02288  -0.52250
  7.81955   0.03141  -0.52534   0.03141  -0.52534   0.02543  -0.52122   0.02543  -0.52122
  7.86967   0.03443  -0.52361   0.03443  -0.52361   0.02703  -0.51987   0.02703  -0.51987
  7.91980   0.03889  -0.52166   0.03889  -0.52166   0.02802  -0.51846   0.02802  -0.51846
  7.96992   0.04432  -0.51944   0.04432  -0.51944   0.02914  -0.51700   0.02914  -0.51700
  8.02005   0.04998  -0.51694   0.04998  -0.51694   0.03116  -0.51544   0.03116  -0.51544
  8.07018   0.05526  -0.51417   0.05526  -0.51417   0.03454  -0.51371   0.03454  -0.51371
  8.12030   0.05990  -0.51116   0.05990  -0.51116   0.03927  -0.51174   0.03927  -0.51174
  8.17043   0.06413  -0.50795   0.06413  -0.50795   0.04493  -0.50949   0.04493  -0.50949
  8.22055   0.06861  -0.50451   0.06861  -0.50451   0.05088  -0.50694   0.05088  -0.50694
  8.27068   0.07407  -0.50080   0.07407  -0.50080   0.05652  -0.50410   0.05652  -0.50410
  8.32080   0.08090  -0.49674   0.08090  -0.49674   0.06162  -0.50102   0.06162  -0.50102
  8.37093   0.08876  -0.49229   0.08876  -0.49229   0.06643  -0.49769   0.06643  -0.49769
  8.42105   0.09674  -0.48744   0.09674  -0.48744   0.07157  -0.49410   0.07157  -0.49410
  8.47118   0.10380  -0.48224   0.10380  -0.48224   0.07760  -0.49021   0.07760  -0.49021
  8.52130   0.10928  -0.47676   0.10928  -0.47676   0.08457  -0.48597   0.08457  -0.48597
  8.57143   0.11322  -0.47109   0.11322  -0.47109   0.09189  -0.48136   0.09189  -0.48136
  8.62155   0.11617  -0.46526   0.11617  -0.46526   0.09863  -0.47642   0.09863  -0.47642
  8.67168   0.11889  -0.45930   0.11889  -0.45930   0.10396  -0.47121   0.10396  -0.47121
  8.72180   0.12206  -0.45319   0.12206  -0.45319   0.10761  -0.46581   0.10761  -0.46581
  8.77193   0.12609  -0.44687   0.12609  -0.44687   0.10994  -0.46030   0.10994  -0.46030
  8.82206   0.13100  -0.44030   0.13100  -0.44030   0.11174  -0.45470   0.11174  -0.45470
  8.87218   0.13630  -0.43347   0.13630  -0.43347   0.11398  -0.44899   0.11398  -0.44899
  8.92231   0.14107  -0.42640   0.14107  -0.42640   0.11740  -0.44310   0.11740  -0.44310
  8.97243   0.14423  -0.41917   0.14423  -0.41917   0.12228  -0.43698   0.12228  -0.43698
  9.02256   0.14498  -0.41190   0.14498  -0.41190   0.12831  -0.43054   0.12831  -0.43054
  9.07268   0.14307  -0.40473   0.14307  -0.40473   0.13457  -0.42380   0.13457  -0.42380
  9.12281   0.13887  -0.39777   0.13887  -0.39777   0.13980  -0.41679   0.13980  -0.41679
  9.17293   0.13325  -0.39109   0.13325  -0.39109   0.14279  -0.40963   0.14279  -0.40963
  9.22306   0.12735  -0.38471   0.12735  -0.38471   0.14280  -0.40248   0.14280  -0.40248
  9.27318   0.12236  -0.37857   0.12236  -0.37857   0.13977  -0.39547   0.13977  -0.39547
  9.32331   0.11924  -0.37259   0.11924  -0.37259   0.13439  -0.38873   0.13439  -0.38873
  9.37343   0.11832  -0.36666   0.11832  -0.36666   0.12792  -0.38232   0.12792  -0.38232
  9.42356   0.11899  -0.36070   0.11899  -0.36070   0.12180  -0.37621   0.12180  -0.37621
  9.47368   0.11985  -0.35469   0.11985  -0.35469   0.11720  -0.37034   0.11720  -0.37034
  9.52381   0.11928  -0.34871   0.11928  -0.34871   0.11459  -0.36460   0.11459  -0.36460
  9.57393   0.11619  -0.34289   0.11619  -0.34289   0.11352  -0.35891   0.11352  -0.35891
  9.62406   0.11055  -0.33735   0.11055  -0.33735   0.11288  -0.35325   0.11288  -0.35325
  9.67419   0.10345  -0.33216   0.10345  -0.33216   0.11140  -0.34766   0.11140  -0.34766
  9.72431   0.09659  -0.32732   0.09659  -0.32732   0.10828  -0.34224   0.10828  -0.34224
  9.77444   0.09161  -0.32273   0.09161  -0.32273   0.10361  -0.33704   0.10361  -0.33704
  9.82456   0.08955  -0.31824   0.08955  -0.31824   0.09828  -0.33212   0.09828  -0.33212
  9.87469   0.09068  -0.31369   0.09068  -0.31369   0.09356  -0.32743   0.09356  -0.32743
  9.92481   0.09478  -0.30894   0.09478  -0.30894   0.09058  -0.32289   0.09058  -0.32289
  9.97494   0.10135  -0.30386   0.10135  -0.30386   0.09005  -0.31837   0.09005  -0.31837
 10.02506   0.10973  -0.29836   0.10973  -0.29836   0.09218  -0.31375   0.09218  -0.31375