ESCALE ; pCOHP file generated by LOBSTER. Energy is shifted such that the Fermi level lies at 0 eV.
         2          2        401  -6.04511e+00   1.40050e+01   3.97995e+00 
Average
No.1:Mn42->O90(1.9302363115658834)
-10.02506   0.00000  -0.70240   0.00000  -0.70240   0.00000  -0.69787   0.00000  -0.69787
 -9.97494   0.00000  -0.70240   0.00000  -0.70240   0.00000  -0.69787   0.00000  -0.69787
 -9.92481   0.00000  -0.70240   0.00000  -0.70240   0.00000  -0.69787   0.00000  -0.69787
 -9.87469   0.00000  -0.70240   0.00000  -0.70240   0.00000  -0.69787   0.00000  -0.69787
 -9.82456   0.00000  -0.70240   0.00000  -0.70240   0.00000  -0.69787   0.00000  -0.69787
 -9.77444   0.00000  -0.70240   0.00000  -0.70240   0.00000  -0.69787   0.00000  -0.69787
 -9.72431   0.00000  -0.70240   0.00000  -0.70240   0.00000  -0.69787   0.00000  -0.69787
 -9.67419   0.00000  -0.70240   0.00000  -0.70240   0.00000  -0.69787   0.00000  -0.69787
 -9.62406   0.00000  -0.70240   0.00000  -0.70240   0.00000  -0.69787   0.00000  -0.69787
 -9.57393   0.00000  -0.70240   0.00000  -0.70240   0.00000  -0.69787   0.00000  -0.69787
 -9.52381   0.00000  -0.70240   0.00000  -0.70240   0.00000  -0.69787   0.00000  -0.69787
 -9.47368   0.00000  -0.70240   0.00000  -0.70240   0.00000  -0.69787   0.00000  -0.69787
 -9.42356   0.00000  -0.70240   0.00000  -0.70240   0.00000  -0.69787   0.00000  -0.69787
 -9.37343   0.00000  -0.70240   0.00000  -0.70240   0.00000  -0.69787   0.00000  -0.69787
 -9.32331   0.00000  -0.70240   0.00000  -0.70240   0.00000  -0.69787   0.00000  -0.69787
 -9.27318   0.00000  -0.70240   0.00000  -0.70240   0.00000  -0.69787   0.00000  -0.69787
 -9.22306   0.00000  -0.70240   0.00000  -0.70240   0.00000  -0.69787   0.00000  -0.69787
 -9.17293   0.00000  -0.70240   0.00000  -0.70240   0.00000  -0.69787   0.00000  -0.69787
 -9.12281   0.00000  -0.70240   0.00000  -0.70240   0.00000  -0.69787   0.00000  -0.69787
 -9.07268   0.00000  -0.70240   0.00000  -0.70240   0.00000  -0.69787   0.00000  -0.69787
 -9.02256   0.00000  -0.70240   0.00000  -0.70240   0.00000  -0.69787   0.00000  -0.69787
 -8.97243   0.00000  -0.70240   0.00000  -0.70240   0.00000  -0.69787   0.00000  -0.69787
 -8.92231   0.00000  -0.70240   0.00000  -0.70240   0.00000  -0.69787   0.00000  -0.69787
 -8.87218  -0.00000  -0.70240  -0.00000  -0.70240   0.00000  -0.69787   0.00000  -0.69787
 -8.82206  -0.00000  -0.70240  -0.00000  -0.70240   0.00000  -0.69787   0.00000  -0.69787
 -8.77193  -0.00000  -0.70240  -0.00000  -0.70240   0.00000  -0.69787   0.00000  -0.69787
 -8.72180  -0.00000  -0.70240  -0.00000  -0.70240   0.00000  -0.69787   0.00000  -0.69787
 -8.67168  -0.00000  -0.70240  -0.00000  -0.70240   0.00000  -0.69787   0.00000  -0.69787
 -8.62155  -0.00000  -0.70240  -0.00000  -0.70240   0.00000  -0.69787   0.00000  -0.69787
 -8.57143  -0.00000  -0.70240  -0.00000  -0.70240   0.00000  -0.69787   0.00000  -0.69787
 -8.52130  -0.00000  -0.70240  -0.00000  -0.70240   0.00000  -0.69787   0.00000  -0.69787
 -8.47118  -0.00000  -0.70240  -0.00000  -0.70240   0.00000  -0.69787   0.00000  -0.69787
 -8.42105  -0.00000  -0.70240  -0.00000  -0.70240   0.00000  -0.69787   0.00000  -0.69787
 -8.37093  -0.00000  -0.70240  -0.00000  -0.70240   0.00000  -0.69787   0.00000  -0.69787
 -8.32080  -0.00000  -0.70240  -0.00000  -0.70240   0.00000  -0.69787   0.00000  -0.69787
 -8.27068  -0.00000  -0.70240  -0.00000  -0.70240   0.00000  -0.69787   0.00000  -0.69787
 -8.22055  -0.00000  -0.70240  -0.00000  -0.70240   0.00000  -0.69787   0.00000  -0.69787
 -8.17043  -0.00001  -0.70240  -0.00001  -0.70240   0.00000  -0.69787   0.00000  -0.69787
 -8.12030  -0.00002  -0.70240  -0.00002  -0.70240   0.00000  -0.69787   0.00000  -0.69787
 -8.07018  -0.00004  -0.70241  -0.00004  -0.70241   0.00000  -0.69787   0.00000  -0.69787
 -8.02005  -0.00011  -0.70241  -0.00011  -0.70241   0.00000  -0.69787   0.00000  -0.69787
 -7.96992  -0.00024  -0.70242  -0.00024  -0.70242   0.00000  -0.69787   0.00000  -0.69787
 -7.91980  -0.00048  -0.70245  -0.00048  -0.70245   0.00000  -0.69787   0.00000  -0.69787
 -7.86967  -0.00084  -0.70249  -0.00084  -0.70249   0.00000  -0.69787   0.00000  -0.69787
 -7.81955  -0.00134  -0.70256  -0.00134  -0.70256   0.00000  -0.69787   0.00000  -0.69787
 -7.76942  -0.00190  -0.70265  -0.00190  -0.70265   0.00000  -0.69787   0.00000  -0.69787
 -7.71930  -0.00242  -0.70277  -0.00242  -0.70277   0.00000  -0.69787   0.00000  -0.69787
 -7.66917  -0.00279  -0.70291  -0.00279  -0.70291   0.00000  -0.69787   0.00000  -0.69787
 -7.61905  -0.00288  -0.70306  -0.00288  -0.70306   0.00000  -0.69787   0.00000  -0.69787
 -7.56892  -0.00268  -0.70319  -0.00268  -0.70319  -0.00000  -0.69787  -0.00000  -0.69787
 -7.51880  -0.00224  -0.70330  -0.00224  -0.70330  -0.00000  -0.69787  -0.00000  -0.69787
 -7.46867  -0.00168  -0.70339  -0.00168  -0.70339  -0.00000  -0.69787  -0.00000  -0.69787
 -7.41855  -0.00114  -0.70345  -0.00114  -0.70345  -0.00000  -0.69787  -0.00000  -0.69787
 -7.36842  -0.00072  -0.70348  -0.00072  -0.70348  -0.00000  -0.69787  -0.00000  -0.69787
 -7.31830  -0.00045  -0.70350  -0.00045  -0.70350  -0.00000  -0.69787  -0.00000  -0.69787
 -7.26817  -0.00033  -0.70352  -0.00033  -0.70352  -0.00000  -0.69787  -0.00000  -0.69787
 -7.21805  -0.00034  -0.70354  -0.00034  -0.70354  -0.00000  -0.69787  -0.00000  -0.69787
 -7.16792  -0.00043  -0.70356  -0.00043  -0.70356  -0.00000  -0.69787  -0.00000  -0.69787
 -7.11779  -0.00059  -0.70359  -0.00059  -0.70359  -0.00000  -0.69787  -0.00000  -0.69787
 -7.06767  -0.00079  -0.70363  -0.00079  -0.70363  -0.00000  -0.69787  -0.00000  -0.69787
 -7.01754  -0.00108  -0.70368  -0.00108  -0.70368  -0.00000  -0.69787  -0.00000  -0.69787
 -6.96742  -0.00153  -0.70376  -0.00153  -0.70376  -0.00000  -0.69787  -0.00000  -0.69787
 -6.91729  -0.00223  -0.70387  -0.00223  -0.70387  -0.00000  -0.69787  -0.00000  -0.69787
 -6.86717  -0.00325  -0.70403  -0.00325  -0.70403  -0.00001  -0.69788  -0.00001  -0.69788
 -6.81704  -0.00463  -0.70427  -0.00463  -0.70427  -0.00003  -0.69788  -0.00003  -0.69788
 -6.76692  -0.00643  -0.70459  -0.00643  -0.70459  -0.00006  -0.69788  -0.00006  -0.69788
 -6.71679  -0.00888  -0.70503  -0.00888  -0.70503  -0.00013  -0.69789  -0.00013  -0.69789
 -6.66667  -0.01252  -0.70566  -0.01252  -0.70566  -0.00024  -0.69790  -0.00024  -0.69790
 -6.61654  -0.01829  -0.70658  -0.01829  -0.70658  -0.00040  -0.69792  -0.00040  -0.69792
 -6.56642  -0.02744  -0.70795  -0.02744  -0.70795  -0.00061  -0.69795  -0.00061  -0.69795
 -6.51629  -0.04119  -0.71002  -0.04119  -0.71002  -0.00081  -0.69799  -0.00081  -0.69799
 -6.46617  -0.06035  -0.71304  -0.06035  -0.71304  -0.00098  -0.69804  -0.00098  -0.69804
 -6.41604  -0.08510  -0.71731  -0.08510  -0.71731  -0.00109  -0.69809  -0.00109  -0.69809
 -6.36591  -0.11514  -0.72308  -0.11514  -0.72308  -0.00111  -0.69815  -0.00111  -0.69815
 -6.31579  -0.14990  -0.73059  -0.14990  -0.73059  -0.00108  -0.69820  -0.00108  -0.69820
 -6.26566  -0.18846  -0.74004  -0.18846  -0.74004  -0.00104  -0.69826  -0.00104  -0.69826
 -6.21554  -0.22906  -0.75152  -0.22906  -0.75152  -0.00101  -0.69831  -0.00101  -0.69831
 -6.16541  -0.26867  -0.76499  -0.26867  -0.76499  -0.00104  -0.69836  -0.00104  -0.69836
 -6.11529  -0.30329  -0.78019  -0.30329  -0.78019  -0.00110  -0.69841  -0.00110  -0.69841
 -6.06516  -0.32913  -0.79669  -0.32913  -0.79669  -0.00117  -0.69847  -0.00117  -0.69847
 -6.01504  -0.34394  -0.81393  -0.34394  -0.81393  -0.00121  -0.69853  -0.00121  -0.69853
 -5.96491  -0.34750  -0.83135  -0.34750  -0.83135  -0.00120  -0.69859  -0.00120  -0.69859
 -5.91479  -0.34106  -0.84844  -0.34106  -0.84844  -0.00116  -0.69865  -0.00116  -0.69865
 -5.86466  -0.32652  -0.86481  -0.32652  -0.86481  -0.00114  -0.69871  -0.00114  -0.69871
 -5.81454  -0.30618  -0.88016  -0.30618  -0.88016  -0.00124  -0.69877  -0.00124  -0.69877
 -5.76441  -0.28319  -0.89435  -0.28319  -0.89435  -0.00157  -0.69885  -0.00157  -0.69885
 -5.71429  -0.26183  -0.90748  -0.26183  -0.90748  -0.00220  -0.69896  -0.00220  -0.69896
 -5.66416  -0.24716  -0.91987  -0.24716  -0.91987  -0.00316  -0.69912  -0.00316  -0.69912
 -5.61404  -0.24380  -0.93209  -0.24380  -0.93209  -0.00443  -0.69934  -0.00443  -0.69934
 -5.56391  -0.25441  -0.94484  -0.25441  -0.94484  -0.00592  -0.69964  -0.00592  -0.69964
 -5.51378  -0.27850  -0.95880  -0.27850  -0.95880  -0.00759  -0.70002  -0.00759  -0.70002
 -5.46366  -0.31209  -0.97444  -0.31209  -0.97444  -0.00941  -0.70049  -0.00941  -0.70049
 -5.41353  -0.34841  -0.99191  -0.34841  -0.99191  -0.01142  -0.70106  -0.01142  -0.70106
 -5.36341  -0.37959  -1.01093  -0.37959  -1.01093  -0.01364  -0.70174  -0.01364  -0.70174
 -5.31328  -0.39888  -1.03093  -0.39888  -1.03093  -0.01602  -0.70255  -0.01602  -0.70255
 -5.26316  -0.40272  -1.05111  -0.40272  -1.05111  -0.01850  -0.70347  -0.01850  -0.70347
 -5.21303  -0.39184  -1.07076  -0.39184  -1.07076  -0.02099  -0.70453  -0.02099  -0.70453
 -5.16291  -0.37094  -1.08935  -0.37094  -1.08935  -0.02359  -0.70571  -0.02359  -0.70571
 -5.11278  -0.34701  -1.10674  -0.34701  -1.10674  -0.02669  -0.70705  -0.02669  -0.70705
 -5.06266  -0.32688  -1.12313  -0.32688  -1.12313  -0.03097  -0.70860  -0.03097  -0.70860
 -5.01253  -0.31503  -1.13892  -0.31503  -1.13892  -0.03740  -0.71047  -0.03740  -0.71047
 -4.96241  -0.31269  -1.15459  -0.31269  -1.15459  -0.04695  -0.71283  -0.04695  -0.71283
 -4.91228  -0.31861  -1.17056  -0.31861  -1.17056  -0.06027  -0.71585  -0.06027  -0.71585
 -4.86216  -0.33093  -1.18715  -0.33093  -1.18715  -0.07730  -0.71972  -0.07730  -0.71972
 -4.81203  -0.34857  -1.20462  -0.34857  -1.20462  -0.09714  -0.72459  -0.09714  -0.72459
 -4.76190  -0.37119  -1.22323  -0.37119  -1.22323  -0.11838  -0.73053  -0.11838  -0.73053
 -4.71178  -0.39767  -1.24316  -0.39767  -1.24316  -0.13984  -0.73754  -0.13984  -0.73754
 -4.66165  -0.42442  -1.26444  -0.42442  -1.26444  -0.16153  -0.74563  -0.16153  -0.74563
 -4.61153  -0.44521  -1.28675  -0.44521  -1.28675  -0.18483  -0.75490  -0.18483  -0.75490
 -4.56140  -0.45296  -1.30946  -0.45296  -1.30946  -0.21189  -0.76552  -0.21189  -0.76552
 -4.51128  -0.44269  -1.33165  -0.44269  -1.33165  -0.24409  -0.77775  -0.24409  -0.77775
 -4.46115  -0.41369  -1.35238  -0.41369  -1.35238  -0.28081  -0.79183  -0.28081  -0.79183
 -4.41103  -0.36978  -1.37092  -0.36978  -1.37092  -0.31892  -0.80782  -0.31892  -0.80782
 -4.36090  -0.31763  -1.38684  -0.31763  -1.38684  -0.35357  -0.82554  -0.35357  -0.82554
 -4.31078  -0.26437  -1.40009  -0.26437  -1.40009  -0.37967  -0.84457  -0.37967  -0.84457
 -4.26065  -0.21572  -1.41090  -0.21572  -1.41090  -0.39341  -0.86429  -0.39341  -0.86429
 -4.21053  -0.17549  -1.41970  -0.17549  -1.41970  -0.39345  -0.88401  -0.39345  -0.88401
 -4.16040  -0.14590  -1.42701  -0.14590  -1.42701  -0.38121  -0.90312  -0.38121  -0.90312
 -4.11028  -0.12807  -1.43343  -0.12807  -1.43343  -0.36053  -0.92119  -0.36053  -0.92119
 -4.06015  -0.12202  -1.43955  -0.12202  -1.43955  -0.33650  -0.93806  -0.33650  -0.93806
 -4.01003  -0.12617  -1.44588  -0.12617  -1.44588  -0.31402  -0.95380  -0.31402  -0.95380
 -3.95990  -0.13699  -1.45274  -0.13699  -1.45274  -0.29665  -0.96867  -0.29665  -0.96867
 -3.90977  -0.14932  -1.46023  -0.14932  -1.46023  -0.28623  -0.98302  -0.28623  -0.98302
 -3.85965  -0.15784  -1.46814  -0.15784  -1.46814  -0.28338  -0.99722  -0.28338  -0.99722
 -3.80952  -0.15881  -1.47610  -0.15881  -1.47610  -0.28830  -1.01167  -0.28830  -1.01167
 -3.75940  -0.15150  -1.48369  -0.15150  -1.48369  -0.30138  -1.02678  -0.30138  -1.02678
 -3.70927  -0.13803  -1.49061  -0.13803  -1.49061  -0.32293  -1.04296  -0.32293  -1.04296
 -3.65915  -0.12202  -1.49673  -0.12202  -1.49673  -0.35247  -1.06063  -0.35247  -1.06063
 -3.60902  -0.10652  -1.50207  -0.10652  -1.50207  -0.38764  -1.08006  -0.38764  -1.08006
 -3.55890  -0.09269  -1.50671  -0.09269  -1.50671  -0.42373  -1.10130  -0.42373  -1.10130
 -3.50877  -0.07967  -1.51071  -0.07967  -1.51071  -0.45411  -1.12406  -0.45411  -1.12406
 -3.45865  -0.06547  -1.51399  -0.06547  -1.51399  -0.47205  -1.14773  -0.47205  -1.14773
 -3.40852  -0.04822  -1.51641  -0.04822  -1.51641  -0.47310  -1.17144  -0.47310  -1.17144
 -3.35840  -0.02716  -1.51777  -0.02716  -1.51777  -0.45686  -1.19434  -0.45686  -1.19434
 -3.30827  -0.00307  -1.51792  -0.00307  -1.51792  -0.42674  -1.21573  -0.42674  -1.21573
 -3.25815   0.02174  -1.51683   0.02174  -1.51683  -0.38808  -1.23518  -0.38808  -1.23518
 -3.20802   0.04387  -1.51463   0.04387  -1.51463  -0.34578  -1.25252  -0.34578  -1.25252
 -3.15789   0.05982  -1.51163   0.05982  -1.51163  -0.30320  -1.26771  -0.30320  -1.26771
 -3.10777   0.06718  -1.50827   0.06718  -1.50827  -0.26229  -1.28086  -0.26229  -1.28086
 -3.05764   0.06582  -1.50497   0.06582  -1.50497  -0.22441  -1.29211  -0.22441  -1.29211
 -3.00752   0.05807  -1.50206   0.05807  -1.50206  -0.19075  -1.30167  -0.19075  -1.30167
 -2.95739   0.04778  -1.49966   0.04778  -1.49966  -0.16234  -1.30981  -0.16234  -1.30981
 -2.90727   0.03869  -1.49772   0.03869  -1.49772  -0.13981  -1.31682  -0.13981  -1.31682
 -2.85714   0.03304  -1.49607   0.03304  -1.49607  -0.12340  -1.32300  -0.12340  -1.32300
 -2.80702   0.03108  -1.49451   0.03108  -1.49451  -0.11302  -1.32867  -0.11302  -1.32867
 -2.75689   0.03167  -1.49292   0.03167  -1.49292  -0.10829  -1.33410  -0.10829  -1.33410
 -2.70677   0.03336  -1.49125   0.03336  -1.49125  -0.10841  -1.33953  -0.10841  -1.33953
 -2.65664   0.03523  -1.48948   0.03523  -1.48948  -0.11192  -1.34514  -0.11192  -1.34514
 -2.60652   0.03725  -1.48762   0.03725  -1.48762  -0.11676  -1.35099  -0.11676  -1.35099
 -2.55639   0.04002  -1.48561   0.04002  -1.48561  -0.12055  -1.35704  -0.12055  -1.35704
 -2.50627   0.04422  -1.48339   0.04422  -1.48339  -0.12120  -1.36311  -0.12120  -1.36311
 -2.45614   0.05016  -1.48088   0.05016  -1.48088  -0.11758  -1.36901  -0.11758  -1.36901
 -2.40602   0.05755  -1.47799   0.05755  -1.47799  -0.10986  -1.37451  -0.10986  -1.37451
 -2.35589   0.06566  -1.47470   0.06566  -1.47470  -0.09935  -1.37949  -0.09935  -1.37949
 -2.30576   0.07363  -1.47101   0.07363  -1.47101  -0.08787  -1.38390  -0.08787  -1.38390
 -2.25564   0.08079  -1.46696   0.08079  -1.46696  -0.07713  -1.38776  -0.07713  -1.38776
 -2.20551   0.08672  -1.46262   0.08672  -1.46262  -0.06830  -1.39119  -0.06830  -1.39119
 -2.15539   0.09127  -1.45804   0.09127  -1.45804  -0.06201  -1.39429  -0.06201  -1.39429
 -2.10526   0.09449  -1.45330   0.09449  -1.45330  -0.05847  -1.39723  -0.05847  -1.39723
 -2.05514   0.09670  -1.44846   0.09670  -1.44846  -0.05762  -1.40011  -0.05762  -1.40011
 -2.00501   0.09850  -1.44352   0.09850  -1.44352  -0.05912  -1.40308  -0.05912  -1.40308
 -1.95489   0.10068  -1.43847   0.10068  -1.43847  -0.06239  -1.40620  -0.06239  -1.40620
 -1.90476   0.10403  -1.43326   0.10403  -1.43326  -0.06655  -1.40954  -0.06655  -1.40954
 -1.85464   0.10909  -1.42779   0.10909  -1.42779  -0.07050  -1.41307  -0.07050  -1.41307
 -1.80451   0.11595  -1.42198   0.11595  -1.42198  -0.07309  -1.41674  -0.07309  -1.41674
 -1.75439   0.12428  -1.41575   0.12428  -1.41575  -0.07350  -1.42042  -0.07350  -1.42042
 -1.70426   0.13346  -1.40906   0.13346  -1.40906  -0.07143  -1.42400  -0.07143  -1.42400
 -1.65414   0.14275  -1.40190   0.14275  -1.40190  -0.06717  -1.42737  -0.06717  -1.42737
 -1.60401   0.15149  -1.39431   0.15149  -1.39431  -0.06136  -1.43044  -0.06136  -1.43044
 -1.55388   0.15919  -1.38633   0.15919  -1.38633  -0.05479  -1.43319  -0.05479  -1.43319
 -1.50376   0.16549  -1.37804   0.16549  -1.37804  -0.04814  -1.43560  -0.04814  -1.43560
 -1.45363   0.17015  -1.36951   0.17015  -1.36951  -0.04191  -1.43770  -0.04191  -1.43770
 -1.40351   0.17304  -1.36083   0.17304  -1.36083  -0.03636  -1.43953  -0.03636  -1.43953
 -1.35338   0.17427  -1.35210   0.17427  -1.35210  -0.03154  -1.44111  -0.03154  -1.44111
 -1.30326   0.17432  -1.34336   0.17432  -1.34336  -0.02729  -1.44248  -0.02729  -1.44248
 -1.25313   0.17398  -1.33464   0.17398  -1.33464  -0.02337  -1.44365  -0.02337  -1.44365
 -1.20301   0.17426  -1.32590   0.17426  -1.32590  -0.01970  -1.44463  -0.01970  -1.44463
 -1.15288   0.17593  -1.31709   0.17593  -1.31709  -0.01653  -1.44546  -0.01653  -1.44546
 -1.10276   0.17922  -1.30810   0.17922  -1.30810  -0.01436  -1.44618  -0.01436  -1.44618
 -1.05263   0.18358  -1.29890   0.18358  -1.29890  -0.01376  -1.44687  -0.01376  -1.44687
 -1.00251   0.18796  -1.28948   0.18796  -1.28948  -0.01505  -1.44763  -0.01505  -1.44763
 -0.95238   0.19127  -1.27989   0.19127  -1.27989  -0.01817  -1.44854  -0.01817  -1.44854
 -0.90226   0.19300  -1.27022   0.19300  -1.27022  -0.02262  -1.44967  -0.02262  -1.44967
 -0.85213   0.19332  -1.26053   0.19332  -1.26053  -0.02759  -1.45106  -0.02759  -1.45106
 -0.80201   0.19267  -1.25087   0.19267  -1.25087  -0.03210  -1.45266  -0.03210  -1.45266
 -0.75188   0.19121  -1.24128   0.19121  -1.24128  -0.03523  -1.45443  -0.03523  -1.45443
 -0.70175   0.18846  -1.23184   0.18846  -1.23184  -0.03625  -1.45625  -0.03625  -1.45625
 -0.65163   0.18352  -1.22264   0.18352  -1.22264  -0.03488  -1.45800  -0.03488  -1.45800
 -0.60150   0.17557  -1.21384   0.17557  -1.21384  -0.03131  -1.45957  -0.03131  -1.45957
 -0.55138   0.16421  -1.20561   0.16421  -1.20561  -0.02621  -1.46088  -0.02621  -1.46088
 -0.50125   0.14957  -1.19811   0.14957  -1.19811  -0.02046  -1.46190  -0.02046  -1.46190
 -0.45113   0.13228  -1.19148   0.13228  -1.19148  -0.01488  -1.46265  -0.01488  -1.46265
 -0.40100   0.11337  -1.18580   0.11337  -1.18580  -0.01009  -1.46316  -0.01009  -1.46316
 -0.35088   0.09413  -1.18108   0.09413  -1.18108  -0.00637  -1.46348  -0.00637  -1.46348
 -0.30075   0.07593  -1.17727   0.07593  -1.17727  -0.00374  -1.46366  -0.00374  -1.46366
 -0.25063   0.05975  -1.17428   0.05975  -1.17428  -0.00203  -1.46377  -0.00203  -1.46377
 -0.20050   0.04603  -1.17197   0.04603  -1.17197  -0.00102  -1.46382  -0.00102  -1.46382
 -0.15038   0.03470  -1.17023   0.03470  -1.17023  -0.00047  -1.46384  -0.00047  -1.46384
 -0.10025   0.02542  -1.16896   0.02542  -1.16896  -0.00020  -1.46385  -0.00020  -1.46385
 -0.05013   0.01790  -1.16806   0.01790  -1.16806  -0.00008  -1.46385  -0.00008  -1.46385
  0.00000   0.01195  -1.16746   0.01195  -1.16746  -0.00003  -1.46386  -0.00003  -1.46386
  0.05013   0.00750  -1.16708   0.00750  -1.16708  -0.00001  -1.46386  -0.00001  -1.46386
  0.10025   0.00439  -1.16686   0.00439  -1.16686  -0.00000  -1.46386  -0.00000  -1.46386
  0.15038   0.00239  -1.16674   0.00239  -1.16674  -0.00000  -1.46386  -0.00000  -1.46386
  0.20050   0.00121  -1.16668   0.00121  -1.16668  -0.00000  -1.46386  -0.00000  -1.46386
  0.25063   0.00058  -1.16665   0.00058  -1.16665  -0.00000  -1.46386  -0.00000  -1.46386
  0.30075   0.00026  -1.16664   0.00026  -1.16664  -0.00000  -1.46386  -0.00000  -1.46386
  0.35088   0.00012  -1.16664   0.00012  -1.16664  -0.00000  -1.46386  -0.00000  -1.46386
  0.40100   0.00007  -1.16663   0.00007  -1.16663  -0.00000  -1.46386  -0.00000  -1.46386
  0.45113   0.00008  -1.16663   0.00008  -1.16663  -0.00000  -1.46386  -0.00000  -1.46386
  0.50125   0.00011  -1.16662   0.00011  -1.16662  -0.00000  -1.46386  -0.00000  -1.46386
  0.55138   0.00017  -1.16661   0.00017  -1.16661  -0.00000  -1.46386  -0.00000  -1.46386
  0.60150   0.00022  -1.16660   0.00022  -1.16660  -0.00000  -1.46386  -0.00000  -1.46386
  0.65163   0.00026  -1.16659   0.00026  -1.16659  -0.00000  -1.46386  -0.00000  -1.46386
  0.70175   0.00028  -1.16658   0.00028  -1.16658  -0.00000  -1.46386  -0.00000  -1.46386
  0.75188   0.00028  -1.16656   0.00028  -1.16656  -0.00000  -1.46386  -0.00000  -1.46386
  0.80201   0.00026  -1.16655   0.00026  -1.16655  -0.00000  -1.46386  -0.00000  -1.46386
  0.85213   0.00025  -1.16654   0.00025  -1.16654  -0.00000  -1.46386  -0.00000  -1.46386
  0.90226   0.00026  -1.16652   0.00026  -1.16652  -0.00001  -1.46386  -0.00001  -1.46386
  0.95238   0.00031  -1.16651   0.00031  -1.16651  -0.00002  -1.46386  -0.00002  -1.46386
  1.00251   0.00040  -1.16649   0.00040  -1.16649  -0.00005  -1.46386  -0.00005  -1.46386
  1.05263   0.00055  -1.16646   0.00055  -1.16646  -0.00010  -1.46387  -0.00010  -1.46387
  1.10276   0.00079  -1.16642   0.00079  -1.16642  -0.00018  -1.46387  -0.00018  -1.46387
  1.15288   0.00121  -1.16636   0.00121  -1.16636  -0.00031  -1.46389  -0.00031  -1.46389
  1.20301   0.00201  -1.16626   0.00201  -1.16626  -0.00051  -1.46392  -0.00051  -1.46392
  1.25313   0.00362  -1.16608   0.00362  -1.16608  -0.00079  -1.46396  -0.00079  -1.46396
  1.30326   0.00688  -1.16573   0.00688  -1.16573  -0.00113  -1.46401  -0.00113  -1.46401
  1.35338   0.01326  -1.16507   0.01326  -1.16507  -0.00150  -1.46409  -0.00150  -1.46409
  1.40351   0.02504  -1.16381   0.02504  -1.16381  -0.00185  -1.46418  -0.00185  -1.46418
  1.45363   0.04530  -1.16154   0.04530  -1.16154  -0.00214  -1.46429  -0.00214  -1.46429
  1.50376   0.07745  -1.15766   0.07745  -1.15766  -0.00237  -1.46441  -0.00237  -1.46441
  1.55388   0.12432  -1.15143   0.12432  -1.15143  -0.00264  -1.46454  -0.00264  -1.46454
  1.60401   0.18695  -1.14206   0.18695  -1.14206  -0.00309  -1.46469  -0.00309  -1.46469
  1.65414   0.26351  -1.12885   0.26351  -1.12885  -0.00384  -1.46489  -0.00384  -1.46489
  1.70426   0.34908  -1.11135   0.34908  -1.11135  -0.00486  -1.46513  -0.00486  -1.46513
  1.75439   0.43644  -1.08947   0.43644  -1.08947  -0.00592  -1.46543  -0.00592  -1.46543
  1.80451   0.51763  -1.06353   0.51763  -1.06353  -0.00667  -1.46576  -0.00667  -1.46576
  1.85464   0.58585  -1.03416   0.58585  -1.03416  -0.00680  -1.46610  -0.00680  -1.46610
  1.90476   0.63680  -1.00224   0.63680  -1.00224  -0.00620  -1.46641  -0.00620  -1.46641
  1.95489   0.66930  -0.96869   0.66930  -0.96869  -0.00502  -1.46666  -0.00502  -1.46666
  2.00501   0.68492  -0.93436   0.68492  -0.93436  -0.00362  -1.46685  -0.00362  -1.46685
  2.05514   0.68724  -0.89991   0.68724  -0.89991  -0.00230  -1.46696  -0.00230  -1.46696
  2.10526   0.68125  -0.86576   0.68125  -0.86576  -0.00129  -1.46703  -0.00129  -1.46703
  2.15539   0.67303  -0.83203   0.67303  -0.83203  -0.00062  -1.46706  -0.00062  -1.46706
  2.20551   0.66904  -0.79849   0.66904  -0.79849  -0.00024  -1.46707  -0.00024  -1.46707
  2.25564   0.67356  -0.76473   0.67356  -0.76473  -0.00005  -1.46707  -0.00005  -1.46707
  2.30576   0.68496  -0.73040   0.68496  -0.73040   0.00003  -1.46707   0.00003  -1.46707
  2.35589   0.69325  -0.69565   0.69325  -0.69565   0.00005  -1.46707   0.00005  -1.46707
  2.40602   0.68229  -0.66145   0.68229  -0.66145   0.00003  -1.46707   0.00003  -1.46707
  2.45614   0.63736  -0.62950   0.63736  -0.62950  -0.00001  -1.46707  -0.00001  -1.46707
  2.50627   0.55386  -0.60174   0.55386  -0.60174  -0.00007  -1.46707  -0.00007  -1.46707
  2.55639   0.44125  -0.57962   0.44125  -0.57962  -0.00013  -1.46708  -0.00013  -1.46708
  2.60652   0.31911  -0.56362   0.31911  -0.56362  -0.00016  -1.46708  -0.00016  -1.46708
  2.65664   0.20815  -0.55319   0.20815  -0.55319  -0.00012  -1.46709  -0.00012  -1.46709
  2.70677   0.12193  -0.54708   0.12193  -0.54708   0.00009  -1.46709   0.00009  -1.46709
  2.75689   0.06396  -0.54387   0.06396  -0.54387   0.00071  -1.46705   0.00071  -1.46705
  2.80702   0.02998  -0.54237   0.02998  -0.54237   0.00220  -1.46694   0.00220  -1.46694
  2.85714   0.01254  -0.54174   0.01254  -0.54174   0.00546  -1.46667   0.00546  -1.46667
  2.90727   0.00467  -0.54151   0.00467  -0.54151   0.01194  -1.46607   0.01194  -1.46607
  2.95739   0.00155  -0.54143   0.00155  -0.54143   0.02362  -1.46488   0.02362  -1.46488
  3.00752   0.00046  -0.54141   0.00046  -0.54141   0.04271  -1.46274   0.04271  -1.46274
  3.05764   0.00012  -0.54140   0.00012  -0.54140   0.07080  -1.45919   0.07080  -1.45919
  3.10777   0.00003  -0.54140   0.00003  -0.54140   0.10789  -1.45379   0.10789  -1.45379
  3.15789   0.00001  -0.54140   0.00001  -0.54140   0.15173  -1.44618   0.15173  -1.44618
  3.20802   0.00000  -0.54140   0.00000  -0.54140   0.19819  -1.43625   0.19819  -1.43625
  3.25815   0.00000  -0.54140   0.00000  -0.54140   0.24279  -1.42408   0.24279  -1.42408
  3.30827   0.00000  -0.54140   0.00000  -0.54140   0.28229  -1.40993   0.28229  -1.40993
  3.35840   0.00000  -0.54140   0.00000  -0.54140   0.31506  -1.39413   0.31506  -1.39413
  3.40852   0.00000  -0.54140   0.00000  -0.54140   0.33982  -1.37710   0.33982  -1.37710
  3.45865   0.00000  -0.54140   0.00000  -0.54140   0.35429  -1.35934   0.35429  -1.35934
  3.50877   0.00000  -0.54140   0.00000  -0.54140   0.35578  -1.34151   0.35578  -1.34151
  3.55890   0.00000  -0.54140   0.00000  -0.54140   0.34394  -1.32427   0.34394  -1.32427
  3.60902   0.00000  -0.54140   0.00000  -0.54140   0.32356  -1.30805   0.32356  -1.30805
  3.65915   0.00000  -0.54140   0.00000  -0.54140   0.30428  -1.29280   0.30428  -1.29280
  3.70927   0.00000  -0.54140   0.00000  -0.54140   0.29637  -1.27794   0.29637  -1.27794
  3.75940   0.00000  -0.54140   0.00000  -0.54140   0.30489  -1.26266   0.30489  -1.26266
  3.80952   0.00000  -0.54140   0.00000  -0.54140   0.32639  -1.24630   0.32639  -1.24630
  3.85965   0.00000  -0.54140   0.00000  -0.54140   0.35063  -1.22872   0.35063  -1.22872
  3.90977   0.00000  -0.54140   0.00000  -0.54140   0.36659  -1.21035   0.36659  -1.21035
  3.95990   0.00000  -0.54140   0.00000  -0.54140   0.36914  -1.19184   0.36914  -1.19184
  4.01003   0.00000  -0.54140   0.00000  -0.54140   0.36224  -1.17369   0.36224  -1.17369
  4.06015   0.00000  -0.54140   0.00000  -0.54140   0.35713  -1.15579   0.35713  -1.15579
  4.11028   0.00000  -0.54140   0.00000  -0.54140   0.36728  -1.13737   0.36728  -1.13737
  4.16040   0.00000  -0.54140   0.00000  -0.54140   0.40335  -1.11716   0.40335  -1.11716
  4.21053   0.00000  -0.54140   0.00000  -0.54140   0.47062  -1.09357   0.47062  -1.09357
  4.26065   0.00000  -0.54140   0.00000  -0.54140   0.56899  -1.06505   0.56899  -1.06505
  4.31078   0.00000  -0.54140   0.00000  -0.54140   0.69424  -1.03025   0.69424  -1.03025
  4.36090   0.00000  -0.54140   0.00000  -0.54140   0.83851  -0.98822   0.83851  -0.98822
  4.41103   0.00000  -0.54140   0.00000  -0.54140   0.98905  -0.93864   0.98905  -0.93864
  4.46115   0.00000  -0.54140   0.00000  -0.54140   1.12604  -0.88220   1.12604  -0.88220
  4.51128   0.00000  -0.54140   0.00000  -0.54140   1.22257  -0.82092   1.22257  -0.82092
  4.56140   0.00000  -0.54140   0.00000  -0.54140   1.25034  -0.75824   1.25034  -0.75824
  4.61153   0.00000  -0.54140   0.00000  -0.54140   1.19079  -0.69855   1.19079  -0.69855
  4.66165   0.00000  -0.54140   0.00000  -0.54140   1.04586  -0.64613   1.04586  -0.64613
  4.71178   0.00000  -0.54140   0.00000  -0.54140   0.84060  -0.60399   0.84060  -0.60399
  4.76190   0.00000  -0.54140   0.00000  -0.54140   0.61465  -0.57318   0.61465  -0.57318
  4.81203   0.00000  -0.54140   0.00000  -0.54140   0.40707  -0.55278   0.40707  -0.55278
  4.86216   0.00000  -0.54140   0.00000  -0.54140   0.24333  -0.54058   0.24333  -0.54058
  4.91228   0.00000  -0.54140   0.00000  -0.54140   0.13093  -0.53402   0.13093  -0.53402
  4.96241   0.00000  -0.54140   0.00000  -0.54140   0.06326  -0.53085   0.06326  -0.53085
  5.01253   0.00000  -0.54140   0.00000  -0.54140   0.02740  -0.52948   0.02740  -0.52948
  5.06266   0.00000  -0.54140   0.00000  -0.54140   0.01061  -0.52894   0.01061  -0.52894
  5.11278   0.00000  -0.54140   0.00000  -0.54140   0.00367  -0.52876   0.00367  -0.52876
  5.16291   0.00000  -0.54140   0.00000  -0.54140   0.00113  -0.52870   0.00113  -0.52870
  5.21303   0.00000  -0.54140   0.00000  -0.54140   0.00031  -0.52869   0.00031  -0.52869
  5.26316   0.00000  -0.54140   0.00000  -0.54140   0.00008  -0.52868   0.00008  -0.52868
  5.31328   0.00000  -0.54140   0.00000  -0.54140   0.00002  -0.52868   0.00002  -0.52868
  5.36341   0.00000  -0.54140   0.00000  -0.54140   0.00000  -0.52868   0.00000  -0.52868
  5.41353   0.00000  -0.54140   0.00000  -0.54140   0.00000  -0.52868   0.00000  -0.52868
  5.46366   0.00000  -0.54140   0.00000  -0.54140   0.00000  -0.52868   0.00000  -0.52868
  5.51378   0.00000  -0.54140   0.00000  -0.54140   0.00000  -0.52868   0.00000  -0.52868
  5.56391   0.00000  -0.54140   0.00000  -0.54140   0.00000  -0.52868   0.00000  -0.52868
  5.61404   0.00000  -0.54140   0.00000  -0.54140   0.00000  -0.52868   0.00000  -0.52868
  5.66416   0.00000  -0.54140   0.00000  -0.54140   0.00000  -0.52868   0.00000  -0.52868
  5.71429   0.00000  -0.54140   0.00000  -0.54140   0.00000  -0.52868   0.00000  -0.52868
  5.76441   0.00000  -0.54140   0.00000  -0.54140   0.00000  -0.52868   0.00000  -0.52868
  5.81454   0.00000  -0.54140   0.00000  -0.54140   0.00000  -0.52868   0.00000  -0.52868
  5.86466   0.00000  -0.54140   0.00000  -0.54140   0.00000  -0.52868   0.00000  -0.52868
  5.91479   0.00000  -0.54140   0.00000  -0.54140   0.00000  -0.52868   0.00000  -0.52868
  5.96491   0.00000  -0.54140   0.00000  -0.54140   0.00000  -0.52868   0.00000  -0.52868
  6.01504   0.00001  -0.54140   0.00001  -0.54140   0.00000  -0.52868   0.00000  -0.52868
  6.06516   0.00001  -0.54140   0.00001  -0.54140   0.00000  -0.52868   0.00000  -0.52868
  6.11529   0.00003  -0.54140   0.00003  -0.54140   0.00000  -0.52868   0.00000  -0.52868
  6.16541   0.00006  -0.54139   0.00006  -0.54139   0.00000  -0.52868   0.00000  -0.52868
  6.21554   0.00012  -0.54139   0.00012  -0.54139   0.00001  -0.52868   0.00001  -0.52868
  6.26566   0.00020  -0.54138   0.00020  -0.54138   0.00002  -0.52868   0.00002  -0.52868
  6.31579   0.00033  -0.54136   0.00033  -0.54136   0.00004  -0.52868   0.00004  -0.52868
  6.36591   0.00049  -0.54134   0.00049  -0.54134   0.00008  -0.52867   0.00008  -0.52867
  6.41604   0.00068  -0.54130   0.00068  -0.54130   0.00013  -0.52867   0.00013  -0.52867
  6.46617   0.00087  -0.54126   0.00087  -0.54126   0.00022  -0.52866   0.00022  -0.52866
  6.51629   0.00102  -0.54121   0.00102  -0.54121   0.00034  -0.52864   0.00034  -0.52864
  6.56642   0.00112  -0.54115   0.00112  -0.54115   0.00047  -0.52862   0.00047  -0.52862
  6.61654   0.00115  -0.54109   0.00115  -0.54109   0.00062  -0.52858   0.00062  -0.52858
  6.66667   0.00116  -0.54103   0.00116  -0.54103   0.00074  -0.52855   0.00074  -0.52855
  6.71679   0.00118  -0.54098   0.00118  -0.54098   0.00082  -0.52851   0.00082  -0.52851
  6.76692   0.00129  -0.54091   0.00129  -0.54091   0.00084  -0.52846   0.00084  -0.52846
  6.81704   0.00157  -0.54083   0.00157  -0.54083   0.00083  -0.52842   0.00083  -0.52842
  6.86717   0.00207  -0.54073   0.00207  -0.54073   0.00081  -0.52838   0.00081  -0.52838
  6.91729   0.00280  -0.54059   0.00280  -0.54059   0.00084  -0.52834   0.00084  -0.52834
  6.96742   0.00378  -0.54040   0.00378  -0.54040   0.00097  -0.52829   0.00097  -0.52829
  7.01754   0.00498  -0.54015   0.00498  -0.54015   0.00125  -0.52823   0.00125  -0.52823
  7.06767   0.00632  -0.53983   0.00632  -0.53983   0.00169  -0.52814   0.00169  -0.52814
  7.11779   0.00771  -0.53945   0.00771  -0.53945   0.00232  -0.52803   0.00232  -0.52803
  7.16792   0.00900  -0.53899   0.00900  -0.53899   0.00314  -0.52787   0.00314  -0.52787
  7.21805   0.01008  -0.53849   0.01008  -0.53849   0.00414  -0.52766   0.00414  -0.52766
  7.26817   0.01093  -0.53794   0.01093  -0.53794   0.00529  -0.52740   0.00529  -0.52740
  7.31830   0.01175  -0.53735   0.01175  -0.53735   0.00653  -0.52707   0.00653  -0.52707
  7.36842   0.01284  -0.53671   0.01284  -0.53671   0.00774  -0.52668   0.00774  -0.52668
  7.41855   0.01457  -0.53598   0.01457  -0.53598   0.00882  -0.52624   0.00882  -0.52624
  7.46867   0.01705  -0.53512   0.01705  -0.53512   0.00975  -0.52575   0.00975  -0.52575
  7.51880   0.02002  -0.53412   0.02002  -0.53412   0.01066  -0.52522   0.01066  -0.52522
  7.56892   0.02289  -0.53297   0.02289  -0.53297   0.01183  -0.52463   0.01183  -0.52463
  7.61905   0.02502  -0.53172   0.02502  -0.53172   0.01356  -0.52395   0.01356  -0.52395
  7.66917   0.02611  -0.53041   0.02611  -0.53041   0.01594  -0.52315   0.01594  -0.52315
  7.71930   0.02646  -0.52908   0.02646  -0.52908   0.01875  -0.52221   0.01875  -0.52221
  7.76942   0.02682  -0.52774   0.02682  -0.52774   0.02146  -0.52113   0.02146  -0.52113
  7.81955   0.02808  -0.52633   0.02808  -0.52633   0.02352  -0.51995   0.02352  -0.51995
  7.86967   0.03077  -0.52479   0.03077  -0.52479   0.02473  -0.51871   0.02473  -0.51871
  7.91980   0.03488  -0.52304   0.03488  -0.52304   0.02540  -0.51744   0.02540  -0.51744
  7.96992   0.03994  -0.52104   0.03994  -0.52104   0.02624  -0.51612   0.02624  -0.51612
  8.02005   0.04528  -0.51877   0.04528  -0.51877   0.02802  -0.51472   0.02802  -0.51472
  8.07018   0.05032  -0.51625   0.05032  -0.51625   0.03121  -0.51316   0.03121  -0.51316
  8.12030   0.05476  -0.51350   0.05476  -0.51350   0.03580  -0.51136   0.03580  -0.51136
  8.17043   0.05875  -0.51056   0.05875  -0.51056   0.04133  -0.50929   0.04133  -0.50929
  8.22055   0.06275  -0.50741   0.06275  -0.50741   0.04712  -0.50693   0.04712  -0.50693
  8.27068   0.06737  -0.50403   0.06737  -0.50403   0.05255  -0.50429   0.05255  -0.50429
  8.32080   0.07293  -0.50038   0.07293  -0.50038   0.05732  -0.50142   0.05732  -0.50142
  8.37093   0.07921  -0.49641   0.07921  -0.49641   0.06161  -0.49833   0.06161  -0.49833
  8.42105   0.08546  -0.49212   0.08546  -0.49212   0.06599  -0.49502   0.06599  -0.49502
  8.47118   0.09076  -0.48758   0.09076  -0.48758   0.07098  -0.49147   0.07098  -0.49147
  8.52130   0.09459  -0.48283   0.09459  -0.48283   0.07665  -0.48762   0.07665  -0.48762
  8.57143   0.09714  -0.47797   0.09714  -0.47797   0.08250  -0.48349   0.08250  -0.48349
  8.62155   0.09931  -0.47299   0.09931  -0.47299   0.08767  -0.47909   0.08767  -0.47909
  8.67168   0.10233  -0.46786   0.10233  -0.46786   0.09153  -0.47451   0.09153  -0.47451
  8.72180   0.10739  -0.46248   0.10739  -0.46248   0.09416  -0.46979   0.09416  -0.46979
  8.77193   0.11525  -0.45670   0.11525  -0.45670   0.09640  -0.46496   0.09640  -0.46496
  8.82206   0.12590  -0.45039   0.12590  -0.45039   0.09959  -0.45996   0.09959  -0.45996
  8.87218   0.13835  -0.44345   0.13835  -0.44345   0.10502  -0.45470   0.10502  -0.45470
  8.92231   0.15079  -0.43589   0.15079  -0.43589   0.11341  -0.44901   0.11341  -0.44901
  8.97243   0.16106  -0.42782   0.16106  -0.42782   0.12452  -0.44277   0.12452  -0.44277
  9.02256   0.16741  -0.41943   0.16741  -0.41943   0.13717  -0.43590   0.13717  -0.43590
  9.07268   0.16899  -0.41096   0.16899  -0.41096   0.14950  -0.42840   0.14950  -0.42840
  9.12281   0.16596  -0.40264   0.16596  -0.40264   0.15952  -0.42041   0.15952  -0.42041
  9.17293   0.15935  -0.39465   0.15935  -0.39465   0.16566  -0.41210   0.16566  -0.41210
  9.22306   0.15080  -0.38709   0.15080  -0.38709   0.16706  -0.40373   0.16706  -0.40373
  9.27318   0.14220  -0.37997   0.14220  -0.37997   0.16376  -0.39552   0.16376  -0.39552
  9.32331   0.13531  -0.37318   0.13531  -0.37318   0.15661  -0.38767   0.15661  -0.38767
  9.37343   0.13115  -0.36661   0.13115  -0.36661   0.14718  -0.38029   0.14718  -0.38029
  9.42356   0.12959  -0.36011   0.12959  -0.36011   0.13755  -0.37340   0.13755  -0.37340
  9.47368   0.12943  -0.35363   0.12943  -0.35363   0.12969  -0.36690   0.12969  -0.36690
  9.52381   0.12899  -0.34716   0.12899  -0.34716   0.12488  -0.36064   0.12488  -0.36064
  9.57393   0.12691  -0.34080   0.12691  -0.34080   0.12321  -0.35446   0.12321  -0.35446
  9.62406   0.12275  -0.33465   0.12275  -0.33465   0.12362  -0.34827   0.12362  -0.34827
  9.67419   0.11710  -0.32878   0.11710  -0.32878   0.12448  -0.34203   0.12448  -0.34203
  9.72431   0.11131  -0.32320   0.11131  -0.32320   0.12432  -0.33580   0.12432  -0.33580
  9.77444   0.10687  -0.31784   0.10687  -0.31784   0.12245  -0.32966   0.12245  -0.32966
  9.82456   0.10488  -0.31258   0.10488  -0.31258   0.11911  -0.32369   0.11911  -0.32369
  9.87469   0.10577  -0.30728   0.10577  -0.30728   0.11518  -0.31791   0.11518  -0.31791
  9.92481   0.10927  -0.30181   0.10927  -0.30181   0.11178  -0.31231   0.11178  -0.31231
  9.97494   0.11461  -0.29606   0.11461  -0.29606   0.10986  -0.30680   0.10986  -0.30680
 10.02506   0.12077  -0.29001   0.12077  -0.29001   0.11000  -0.30129   0.11000  -0.30129