ESCALE ; pCOHP file generated by LOBSTER. Energy is shifted such that the Fermi level lies at 0 eV.
         2          2        401  -6.04511e+00   1.40050e+01   3.97995e+00 
Average
No.1:Mn43->O91(1.9477856392478505)
-10.02506   0.00000  -0.69227   0.00000  -0.69227   0.00000  -0.69816   0.00000  -0.69816
 -9.97494   0.00000  -0.69227   0.00000  -0.69227   0.00000  -0.69816   0.00000  -0.69816
 -9.92481   0.00000  -0.69227   0.00000  -0.69227   0.00000  -0.69816   0.00000  -0.69816
 -9.87469   0.00000  -0.69227   0.00000  -0.69227   0.00000  -0.69816   0.00000  -0.69816
 -9.82456   0.00000  -0.69227   0.00000  -0.69227   0.00000  -0.69816   0.00000  -0.69816
 -9.77444   0.00000  -0.69227   0.00000  -0.69227   0.00000  -0.69816   0.00000  -0.69816
 -9.72431   0.00000  -0.69227   0.00000  -0.69227   0.00000  -0.69816   0.00000  -0.69816
 -9.67419   0.00000  -0.69227   0.00000  -0.69227   0.00000  -0.69816   0.00000  -0.69816
 -9.62406   0.00000  -0.69227   0.00000  -0.69227   0.00000  -0.69816   0.00000  -0.69816
 -9.57393   0.00000  -0.69227   0.00000  -0.69227   0.00000  -0.69816   0.00000  -0.69816
 -9.52381   0.00000  -0.69227   0.00000  -0.69227   0.00000  -0.69816   0.00000  -0.69816
 -9.47368   0.00000  -0.69227   0.00000  -0.69227   0.00000  -0.69816   0.00000  -0.69816
 -9.42356   0.00000  -0.69227   0.00000  -0.69227   0.00000  -0.69816   0.00000  -0.69816
 -9.37343   0.00000  -0.69227   0.00000  -0.69227   0.00000  -0.69816   0.00000  -0.69816
 -9.32331   0.00000  -0.69227   0.00000  -0.69227   0.00000  -0.69816   0.00000  -0.69816
 -9.27318   0.00000  -0.69227   0.00000  -0.69227   0.00000  -0.69816   0.00000  -0.69816
 -9.22306   0.00000  -0.69227   0.00000  -0.69227   0.00000  -0.69816   0.00000  -0.69816
 -9.17293   0.00000  -0.69227   0.00000  -0.69227   0.00000  -0.69816   0.00000  -0.69816
 -9.12281   0.00000  -0.69227   0.00000  -0.69227   0.00000  -0.69816   0.00000  -0.69816
 -9.07268   0.00000  -0.69227   0.00000  -0.69227   0.00000  -0.69816   0.00000  -0.69816
 -9.02256   0.00000  -0.69227   0.00000  -0.69227   0.00000  -0.69816   0.00000  -0.69816
 -8.97243   0.00000  -0.69227   0.00000  -0.69227   0.00000  -0.69816   0.00000  -0.69816
 -8.92231  -0.00000  -0.69227  -0.00000  -0.69227   0.00000  -0.69816   0.00000  -0.69816
 -8.87218  -0.00000  -0.69227  -0.00000  -0.69227   0.00000  -0.69816   0.00000  -0.69816
 -8.82206  -0.00000  -0.69227  -0.00000  -0.69227   0.00000  -0.69816   0.00000  -0.69816
 -8.77193  -0.00000  -0.69227  -0.00000  -0.69227   0.00000  -0.69816   0.00000  -0.69816
 -8.72180  -0.00000  -0.69227  -0.00000  -0.69227   0.00000  -0.69816   0.00000  -0.69816
 -8.67168  -0.00000  -0.69227  -0.00000  -0.69227   0.00000  -0.69816   0.00000  -0.69816
 -8.62155  -0.00000  -0.69227  -0.00000  -0.69227   0.00000  -0.69816   0.00000  -0.69816
 -8.57143  -0.00000  -0.69227  -0.00000  -0.69227   0.00000  -0.69816   0.00000  -0.69816
 -8.52130  -0.00000  -0.69227  -0.00000  -0.69227   0.00000  -0.69816   0.00000  -0.69816
 -8.47118  -0.00000  -0.69227  -0.00000  -0.69227   0.00000  -0.69816   0.00000  -0.69816
 -8.42105  -0.00000  -0.69227  -0.00000  -0.69227   0.00000  -0.69816   0.00000  -0.69816
 -8.37093  -0.00000  -0.69227  -0.00000  -0.69227   0.00000  -0.69816   0.00000  -0.69816
 -8.32080  -0.00000  -0.69227  -0.00000  -0.69227   0.00000  -0.69816   0.00000  -0.69816
 -8.27068  -0.00000  -0.69227  -0.00000  -0.69227   0.00000  -0.69816   0.00000  -0.69816
 -8.22055  -0.00000  -0.69227  -0.00000  -0.69227   0.00000  -0.69816   0.00000  -0.69816
 -8.17043  -0.00000  -0.69227  -0.00000  -0.69227   0.00000  -0.69816   0.00000  -0.69816
 -8.12030  -0.00002  -0.69227  -0.00002  -0.69227   0.00000  -0.69816   0.00000  -0.69816
 -8.07018  -0.00005  -0.69228  -0.00005  -0.69228   0.00000  -0.69816   0.00000  -0.69816
 -8.02005  -0.00014  -0.69228  -0.00014  -0.69228   0.00000  -0.69816   0.00000  -0.69816
 -7.96992  -0.00036  -0.69230  -0.00036  -0.69230   0.00000  -0.69816   0.00000  -0.69816
 -7.91980  -0.00082  -0.69234  -0.00082  -0.69234   0.00000  -0.69816   0.00000  -0.69816
 -7.86967  -0.00170  -0.69243  -0.00170  -0.69243   0.00000  -0.69816   0.00000  -0.69816
 -7.81955  -0.00314  -0.69259  -0.00314  -0.69259   0.00000  -0.69816   0.00000  -0.69816
 -7.76942  -0.00517  -0.69284  -0.00517  -0.69284   0.00000  -0.69816   0.00000  -0.69816
 -7.71930  -0.00758  -0.69322  -0.00758  -0.69322   0.00000  -0.69816   0.00000  -0.69816
 -7.66917  -0.00988  -0.69372  -0.00988  -0.69372   0.00000  -0.69816   0.00000  -0.69816
 -7.61905  -0.01143  -0.69429  -0.01143  -0.69429  -0.00000  -0.69816  -0.00000  -0.69816
 -7.56892  -0.01175  -0.69488  -0.01175  -0.69488  -0.00000  -0.69816  -0.00000  -0.69816
 -7.51880  -0.01077  -0.69542  -0.01077  -0.69542  -0.00000  -0.69816  -0.00000  -0.69816
 -7.46867  -0.00895  -0.69587  -0.00895  -0.69587  -0.00000  -0.69816  -0.00000  -0.69816
 -7.41855  -0.00716  -0.69623  -0.00716  -0.69623  -0.00000  -0.69816  -0.00000  -0.69816
 -7.36842  -0.00638  -0.69655  -0.00638  -0.69655  -0.00000  -0.69816  -0.00000  -0.69816
 -7.31830  -0.00754  -0.69693  -0.00754  -0.69693  -0.00000  -0.69816  -0.00000  -0.69816
 -7.26817  -0.01124  -0.69749  -0.01124  -0.69749  -0.00000  -0.69816  -0.00000  -0.69816
 -7.21805  -0.01748  -0.69837  -0.01748  -0.69837  -0.00000  -0.69816  -0.00000  -0.69816
 -7.16792  -0.02544  -0.69964  -0.02544  -0.69964  -0.00000  -0.69816  -0.00000  -0.69816
 -7.11779  -0.03346  -0.70132  -0.03346  -0.70132  -0.00000  -0.69816  -0.00000  -0.69816
 -7.06767  -0.03966  -0.70331  -0.03966  -0.70331  -0.00000  -0.69816  -0.00000  -0.69816
 -7.01754  -0.04294  -0.70546  -0.04294  -0.70546  -0.00000  -0.69816  -0.00000  -0.69816
 -6.96742  -0.04372  -0.70765  -0.04372  -0.70765  -0.00001  -0.69816  -0.00001  -0.69816
 -6.91729  -0.04389  -0.70985  -0.04389  -0.70985  -0.00005  -0.69816  -0.00005  -0.69816
 -6.86717  -0.04575  -0.71214  -0.04575  -0.71214  -0.00014  -0.69817  -0.00014  -0.69817
 -6.81704  -0.05075  -0.71469  -0.05075  -0.71469  -0.00037  -0.69819  -0.00037  -0.69819
 -6.76692  -0.05877  -0.71763  -0.05877  -0.71763  -0.00090  -0.69823  -0.00090  -0.69823
 -6.71679  -0.06851  -0.72107  -0.06851  -0.72107  -0.00191  -0.69833  -0.00191  -0.69833
 -6.66667  -0.07853  -0.72500  -0.07853  -0.72500  -0.00365  -0.69851  -0.00365  -0.69851
 -6.61654  -0.08826  -0.72943  -0.08826  -0.72943  -0.00622  -0.69882  -0.00622  -0.69882
 -6.56642  -0.09830  -0.73435  -0.09830  -0.73435  -0.00949  -0.69930  -0.00949  -0.69930
 -6.51629  -0.10994  -0.73986  -0.10994  -0.73986  -0.01302  -0.69995  -0.01302  -0.69995
 -6.46617  -0.12437  -0.74610  -0.12437  -0.74610  -0.01614  -0.70076  -0.01614  -0.70076
 -6.41604  -0.14222  -0.75323  -0.14222  -0.75323  -0.01824  -0.70168  -0.01824  -0.70168
 -6.36591  -0.16364  -0.76143  -0.16364  -0.76143  -0.01901  -0.70263  -0.01901  -0.70263
 -6.31579  -0.18858  -0.77088  -0.18858  -0.77088  -0.01864  -0.70356  -0.01864  -0.70356
 -6.26566  -0.21656  -0.78174  -0.21656  -0.78174  -0.01769  -0.70445  -0.01769  -0.70445
 -6.21554  -0.24596  -0.79407  -0.24596  -0.79407  -0.01685  -0.70530  -0.01685  -0.70530
 -6.16541  -0.27335  -0.80777  -0.27335  -0.80777  -0.01660  -0.70613  -0.01660  -0.70613
 -6.11529  -0.29392  -0.82250  -0.29392  -0.82250  -0.01701  -0.70698  -0.01701  -0.70698
 -6.06516  -0.30318  -0.83770  -0.30318  -0.83770  -0.01778  -0.70787  -0.01778  -0.70787
 -6.01504  -0.29906  -0.85269  -0.29906  -0.85269  -0.01840  -0.70879  -0.01840  -0.70879
 -5.96491  -0.28321  -0.86688  -0.28321  -0.86688  -0.01843  -0.70972  -0.01843  -0.70972
 -5.91479  -0.26053  -0.87994  -0.26053  -0.87994  -0.01783  -0.71061  -0.01783  -0.71061
 -5.86466  -0.23736  -0.89184  -0.23736  -0.89184  -0.01692  -0.71146  -0.01692  -0.71146
 -5.81454  -0.21923  -0.90283  -0.21923  -0.90283  -0.01633  -0.71228  -0.01633  -0.71228
 -5.76441  -0.20927  -0.91332  -0.20927  -0.91332  -0.01673  -0.71312  -0.01673  -0.71312
 -5.71429  -0.20779  -0.92374  -0.20779  -0.92374  -0.01864  -0.71405  -0.01864  -0.71405
 -5.66416  -0.21301  -0.93441  -0.21301  -0.93441  -0.02243  -0.71517  -0.02243  -0.71517
 -5.61404  -0.22248  -0.94556  -0.22248  -0.94556  -0.02826  -0.71659  -0.02826  -0.71659
 -5.56391  -0.23430  -0.95731  -0.23430  -0.95731  -0.03624  -0.71841  -0.03624  -0.71841
 -5.51378  -0.24743  -0.96971  -0.24743  -0.96971  -0.04640  -0.72073  -0.04640  -0.72073
 -5.46366  -0.26098  -0.98279  -0.26098  -0.98279  -0.05866  -0.72367  -0.05866  -0.72367
 -5.41353  -0.27337  -0.99650  -0.27337  -0.99650  -0.07269  -0.72732  -0.07269  -0.72732
 -5.36341  -0.28228  -1.01065  -0.28228  -1.01065  -0.08758  -0.73171  -0.08758  -0.73171
 -5.31328  -0.28556  -1.02496  -0.28556  -1.02496  -0.10184  -0.73681  -0.10184  -0.73681
 -5.26316  -0.28247  -1.03912  -0.28247  -1.03912  -0.11362  -0.74251  -0.11362  -0.74251
 -5.21303  -0.27418  -1.05286  -0.27418  -1.05286  -0.12132  -0.74859  -0.12132  -0.74859
 -5.16291  -0.26330  -1.06606  -0.26330  -1.06606  -0.12411  -0.75481  -0.12411  -0.75481
 -5.11278  -0.25298  -1.07874  -0.25298  -1.07874  -0.12228  -0.76094  -0.12228  -0.76094
 -5.06266  -0.24596  -1.09107  -0.24596  -1.09107  -0.11707  -0.76681  -0.11707  -0.76681
 -5.01253  -0.24410  -1.10330  -0.24410  -1.10330  -0.11030  -0.77234  -0.11030  -0.77234
 -4.96241  -0.24809  -1.11574  -0.24809  -1.11574  -0.10387  -0.77754  -0.10387  -0.77754
 -4.91228  -0.25744  -1.12864  -0.25744  -1.12864  -0.09937  -0.78252  -0.09937  -0.78252
 -4.86216  -0.27067  -1.14221  -0.27067  -1.14221  -0.09770  -0.78742  -0.09770  -0.78742
 -4.81203  -0.28570  -1.15653  -0.28570  -1.15653  -0.09897  -0.79238  -0.09897  -0.79238
 -4.76190  -0.30046  -1.17159  -0.30046  -1.17159  -0.10253  -0.79752  -0.10253  -0.79752
 -4.71178  -0.31342  -1.18730  -0.31342  -1.18730  -0.10752  -0.80291  -0.10752  -0.80291
 -4.66165  -0.32367  -1.20353  -0.32367  -1.20353  -0.11329  -0.80859  -0.11329  -0.80859
 -4.61153  -0.33052  -1.22009  -0.33052  -1.22009  -0.11981  -0.81460  -0.11981  -0.81460
 -4.56140  -0.33282  -1.23678  -0.33282  -1.23678  -0.12755  -0.82099  -0.12755  -0.82099
 -4.51128  -0.32884  -1.25326  -0.32884  -1.25326  -0.13709  -0.82786  -0.13709  -0.82786
 -4.46115  -0.31681  -1.26914  -0.31681  -1.26914  -0.14859  -0.83531  -0.14859  -0.83531
 -4.41103  -0.29602  -1.28398  -0.29602  -1.28398  -0.16148  -0.84340  -0.16148  -0.84340
 -4.36090  -0.26776  -1.29740  -0.26776  -1.29740  -0.17442  -0.85215  -0.17442  -0.85215
 -4.31078  -0.23539  -1.30920  -0.23539  -1.30920  -0.18564  -0.86145  -0.18564  -0.86145
 -4.26065  -0.20358  -1.31940  -0.20358  -1.31940  -0.19345  -0.87115  -0.19345  -0.87115
 -4.21053  -0.17722  -1.32829  -0.17722  -1.32829  -0.19681  -0.88101  -0.19681  -0.88101
 -4.16040  -0.16047  -1.33633  -0.16047  -1.33633  -0.19567  -0.89082  -0.19567  -0.89082
 -4.11028  -0.15591  -1.34414  -0.15591  -1.34414  -0.19099  -0.90040  -0.19099  -0.90040
 -4.06015  -0.16369  -1.35235  -0.16369  -1.35235  -0.18448  -0.90964  -0.18448  -0.90964
 -4.01003  -0.18083  -1.36141  -0.18083  -1.36141  -0.17828  -0.91858  -0.17828  -0.91858
 -3.95990  -0.20132  -1.37150  -0.20132  -1.37150  -0.17468  -0.92733  -0.17468  -0.92733
 -3.90977  -0.21773  -1.38242  -0.21773  -1.38242  -0.17572  -0.93614  -0.17572  -0.93614
 -3.85965  -0.22396  -1.39364  -0.22396  -1.39364  -0.18270  -0.94530  -0.18270  -0.94530
 -3.80952  -0.21757  -1.40455  -0.21757  -1.40455  -0.19560  -0.95510  -0.19560  -0.95510
 -3.75940  -0.20047  -1.41460  -0.20047  -1.41460  -0.21281  -0.96577  -0.21281  -0.96577
 -3.70927  -0.17746  -1.42350  -0.17746  -1.42350  -0.23141  -0.97737  -0.23141  -0.97737
 -3.65915  -0.15382  -1.43121  -0.15382  -1.43121  -0.24809  -0.98981  -0.24809  -0.98981
 -3.60902  -0.13326  -1.43789  -0.13326  -1.43789  -0.26019  -1.00285  -0.26019  -1.00285
 -3.55890  -0.11718  -1.44376  -0.11718  -1.44376  -0.26653  -1.01621  -0.26653  -1.01621
 -3.50877  -0.10509  -1.44903  -0.10509  -1.44903  -0.26763  -1.02962  -0.26763  -1.02962
 -3.45865  -0.09565  -1.45382  -0.09565  -1.45382  -0.26544  -1.04293  -0.26544  -1.04293
 -3.40852  -0.08753  -1.45821  -0.08753  -1.45821  -0.26261  -1.05609  -0.26261  -1.05609
 -3.35840  -0.07998  -1.46222  -0.07998  -1.46222  -0.26159  -1.06921  -0.26159  -1.06921
 -3.30827  -0.07284  -1.46587  -0.07284  -1.46587  -0.26380  -1.08243  -0.26380  -1.08243
 -3.25815  -0.06615  -1.46918  -0.06615  -1.46918  -0.26916  -1.09592  -0.26916  -1.09592
 -3.20802  -0.05971  -1.47218  -0.05971  -1.47218  -0.27635  -1.10977  -0.27635  -1.10977
 -3.15789  -0.05302  -1.47484  -0.05302  -1.47484  -0.28357  -1.12399  -0.28357  -1.12399
 -3.10777  -0.04559  -1.47712  -0.04559  -1.47712  -0.28941  -1.13849  -0.28941  -1.13849
 -3.05764  -0.03741  -1.47900  -0.03741  -1.47900  -0.29319  -1.15319  -0.29319  -1.15319
 -3.00752  -0.02911  -1.48045  -0.02911  -1.48045  -0.29472  -1.16796  -0.29472  -1.16796
 -2.95739  -0.02136  -1.48153  -0.02136  -1.48153  -0.29393  -1.18270  -0.29393  -1.18270
 -2.90727  -0.01416  -1.48223  -0.01416  -1.48223  -0.29071  -1.19727  -0.29071  -1.19727
 -2.85714  -0.00654  -1.48256  -0.00654  -1.48256  -0.28516  -1.21156  -0.28516  -1.21156
 -2.80702   0.00289  -1.48242   0.00289  -1.48242  -0.27783  -1.22549  -0.27783  -1.22549
 -2.75689   0.01489  -1.48167   0.01489  -1.48167  -0.26974  -1.23901  -0.26974  -1.23901
 -2.70677   0.02895  -1.48022   0.02895  -1.48022  -0.26185  -1.25213  -0.26185  -1.25213
 -2.65664   0.04344  -1.47804   0.04344  -1.47804  -0.25459  -1.26489  -0.25459  -1.26489
 -2.60652   0.05653  -1.47521   0.05653  -1.47521  -0.24754  -1.27730  -0.24754  -1.27730
 -2.55639   0.06705  -1.47185   0.06705  -1.47185  -0.23965  -1.28931  -0.23965  -1.28931
 -2.50627   0.07489  -1.46809   0.07489  -1.46809  -0.22986  -1.30084  -0.22986  -1.30084
 -2.45614   0.08077  -1.46405   0.08077  -1.46405  -0.21764  -1.31175  -0.21764  -1.31175
 -2.40602   0.08571  -1.45975   0.08571  -1.45975  -0.20340  -1.32194  -0.20340  -1.32194
 -2.35589   0.09052  -1.45521   0.09052  -1.45521  -0.18822  -1.33138  -0.18822  -1.33138
 -2.30576   0.09554  -1.45042   0.09554  -1.45042  -0.17329  -1.34006  -0.17329  -1.34006
 -2.25564   0.10056  -1.44538   0.10056  -1.44538  -0.15934  -1.34805  -0.15934  -1.34805
 -2.20551   0.10509  -1.44012   0.10509  -1.44012  -0.14641  -1.35539  -0.14641  -1.35539
 -2.15539   0.10867  -1.43467   0.10867  -1.43467  -0.13407  -1.36211  -0.13407  -1.36211
 -2.10526   0.11132  -1.42909   0.11132  -1.42909  -0.12190  -1.36822  -0.12190  -1.36822
 -2.05514   0.11377  -1.42339   0.11377  -1.42339  -0.10982  -1.37372  -0.10982  -1.37372
 -2.00501   0.11728  -1.41751   0.11728  -1.41751  -0.09817  -1.37864  -0.09817  -1.37864
 -1.95489   0.12309  -1.41134   0.12309  -1.41134  -0.08763  -1.38304  -0.08763  -1.38304
 -1.90476   0.13182  -1.40473   0.13182  -1.40473  -0.07899  -1.38700  -0.07899  -1.38700
 -1.85464   0.14303  -1.39756   0.14303  -1.39756  -0.07302  -1.39066  -0.07302  -1.39066
 -1.80451   0.15522  -1.38978   0.15522  -1.38978  -0.07026  -1.39418  -0.07026  -1.39418
 -1.75439   0.16622  -1.38145   0.16622  -1.38145  -0.07084  -1.39773  -0.07084  -1.39773
 -1.70426   0.17389  -1.37273   0.17389  -1.37273  -0.07437  -1.40146  -0.07437  -1.40146
 -1.65414   0.17694  -1.36386   0.17694  -1.36386  -0.07983  -1.40546  -0.07983  -1.40546
 -1.60401   0.17540  -1.35507   0.17540  -1.35507  -0.08566  -1.40975  -0.08566  -1.40975
 -1.55388   0.17054  -1.34652   0.17054  -1.34652  -0.09003  -1.41427  -0.09003  -1.41427
 -1.50376   0.16416  -1.33829   0.16416  -1.33829  -0.09126  -1.41884  -0.09126  -1.41884
 -1.45363   0.15779  -1.33038   0.15779  -1.33038  -0.08831  -1.42327  -0.08831  -1.42327
 -1.40351   0.15224  -1.32275   0.15224  -1.32275  -0.08115  -1.42733  -0.08115  -1.42733
 -1.35338   0.14775  -1.31535   0.14775  -1.31535  -0.07086  -1.43089  -0.07086  -1.43089
 -1.30326   0.14443  -1.30811   0.14443  -1.30811  -0.05921  -1.43385  -0.05921  -1.43385
 -1.25313   0.14262  -1.30096   0.14262  -1.30096  -0.04810  -1.43627  -0.04810  -1.43627
 -1.20301   0.14283  -1.29380   0.14283  -1.29380  -0.03892  -1.43822  -0.03892  -1.43822
 -1.15288   0.14542  -1.28651   0.14542  -1.28651  -0.03219  -1.43983  -0.03219  -1.43983
 -1.10276   0.15028  -1.27898   0.15028  -1.27898  -0.02764  -1.44122  -0.02764  -1.44122
 -1.05263   0.15672  -1.27112   0.15672  -1.27112  -0.02452  -1.44244  -0.02452  -1.44244
 -1.00251   0.16354  -1.26292   0.16354  -1.26292  -0.02205  -1.44355  -0.02205  -1.44355
 -0.95238   0.16937  -1.25443   0.16937  -1.25443  -0.01965  -1.44453  -0.01965  -1.44453
 -0.90226   0.17294  -1.24577   0.17294  -1.24577  -0.01704  -1.44539  -0.01704  -1.44539
 -0.85213   0.17331  -1.23708   0.17331  -1.23708  -0.01412  -1.44610  -0.01412  -1.44610
 -0.80201   0.17006  -1.22855   0.17006  -1.22855  -0.01086  -1.44664  -0.01086  -1.44664
 -0.75188   0.16323  -1.22037   0.16323  -1.22037  -0.00732  -1.44701  -0.00732  -1.44701
 -0.70175   0.15331  -1.21269   0.15331  -1.21269  -0.00374  -1.44719  -0.00374  -1.44719
 -0.65163   0.14125  -1.20561   0.14125  -1.20561  -0.00053  -1.44722  -0.00053  -1.44722
 -0.60150   0.12828  -1.19918   0.12828  -1.19918   0.00183  -1.44713   0.00183  -1.44713
 -0.55138   0.11575  -1.19338   0.11575  -1.19338   0.00305  -1.44698   0.00305  -1.44698
 -0.50125   0.10469  -1.18813   0.10469  -1.18813   0.00319  -1.44682   0.00319  -1.44682
 -0.45113   0.09557  -1.18334   0.09557  -1.18334   0.00262  -1.44669   0.00262  -1.44669
 -0.40100   0.08830  -1.17891   0.08830  -1.17891   0.00180  -1.44660   0.00180  -1.44660
 -0.35088   0.08247  -1.17478   0.08247  -1.17478   0.00107  -1.44654   0.00107  -1.44654
 -0.30075   0.07760  -1.17089   0.07760  -1.17089   0.00058  -1.44651   0.00058  -1.44651
 -0.25063   0.07326  -1.16722   0.07326  -1.16722   0.00030  -1.44650   0.00030  -1.44650
 -0.20050   0.06895  -1.16376   0.06895  -1.16376   0.00016  -1.44649   0.00016  -1.44649
 -0.15038   0.06411  -1.16055   0.06411  -1.16055   0.00009  -1.44649   0.00009  -1.44649
 -0.10025   0.05817  -1.15763   0.05817  -1.15763   0.00005  -1.44648   0.00005  -1.44648
 -0.05013   0.05084  -1.15508   0.05084  -1.15508   0.00003  -1.44648   0.00003  -1.44648
  0.00000   0.04224  -1.15296   0.04224  -1.15296   0.00001  -1.44648   0.00001  -1.44648
  0.05013   0.03299  -1.15131   0.03299  -1.15131   0.00000  -1.44648   0.00000  -1.44648
  0.10025   0.02399  -1.15011   0.02399  -1.15011   0.00000  -1.44648   0.00000  -1.44648
  0.15038   0.01613  -1.14930   0.01613  -1.14930   0.00000  -1.44648   0.00000  -1.44648
  0.20050   0.00997  -1.14880   0.00997  -1.14880   0.00000  -1.44648   0.00000  -1.44648
  0.25063   0.00565  -1.14852   0.00565  -1.14852   0.00000  -1.44648   0.00000  -1.44648
  0.30075   0.00293  -1.14837   0.00293  -1.14837   0.00000  -1.44648   0.00000  -1.44648
  0.35088   0.00143  -1.14830   0.00143  -1.14830   0.00000  -1.44648   0.00000  -1.44648
  0.40100   0.00071  -1.14826   0.00071  -1.14826   0.00000  -1.44648   0.00000  -1.44648
  0.45113   0.00047  -1.14824   0.00047  -1.14824  -0.00000  -1.44648  -0.00000  -1.44648
  0.50125   0.00051  -1.14821   0.00051  -1.14821  -0.00000  -1.44648  -0.00000  -1.44648
  0.55138   0.00070  -1.14818   0.00070  -1.14818  -0.00000  -1.44648  -0.00000  -1.44648
  0.60150   0.00095  -1.14813   0.00095  -1.14813  -0.00000  -1.44648  -0.00000  -1.44648
  0.65163   0.00117  -1.14807   0.00117  -1.14807  -0.00000  -1.44648  -0.00000  -1.44648
  0.70175   0.00130  -1.14801   0.00130  -1.14801  -0.00000  -1.44648  -0.00000  -1.44648
  0.75188   0.00131  -1.14794   0.00131  -1.14794  -0.00000  -1.44648  -0.00000  -1.44648
  0.80201   0.00123  -1.14788   0.00123  -1.14788  -0.00001  -1.44648  -0.00001  -1.44648
  0.85213   0.00115  -1.14782   0.00115  -1.14782  -0.00002  -1.44648  -0.00002  -1.44648
  0.90226   0.00115  -1.14776   0.00115  -1.14776  -0.00006  -1.44649  -0.00006  -1.44649
  0.95238   0.00132  -1.14770   0.00132  -1.14770  -0.00012  -1.44649  -0.00012  -1.44649
  1.00251   0.00171  -1.14761   0.00171  -1.14761  -0.00022  -1.44650  -0.00022  -1.44650
  1.05263   0.00236  -1.14749   0.00236  -1.14749  -0.00037  -1.44652  -0.00037  -1.44652
  1.10276   0.00328  -1.14733   0.00328  -1.14733  -0.00053  -1.44655  -0.00053  -1.44655
  1.15288   0.00452  -1.14710   0.00452  -1.14710  -0.00065  -1.44658  -0.00065  -1.44658
  1.20301   0.00612  -1.14680   0.00612  -1.14680  -0.00067  -1.44661  -0.00067  -1.44661
  1.25313   0.00813  -1.14639   0.00813  -1.14639  -0.00049  -1.44664  -0.00049  -1.44664
  1.30326   0.01061  -1.14586   0.01061  -1.14586  -0.00009  -1.44664  -0.00009  -1.44664
  1.35338   0.01367  -1.14517   0.01367  -1.14517   0.00053  -1.44662   0.00053  -1.44662
  1.40351   0.01754  -1.14429   0.01754  -1.14429   0.00130  -1.44655   0.00130  -1.44655
  1.45363   0.02280  -1.14315   0.02280  -1.14315   0.00216  -1.44644   0.00216  -1.44644
  1.50376   0.03057  -1.14162   0.03057  -1.14162   0.00313  -1.44629   0.00313  -1.44629
  1.55388   0.04271  -1.13948   0.04271  -1.13948   0.00439  -1.44607   0.00439  -1.44607
  1.60401   0.06164  -1.13639   0.06164  -1.13639   0.00617  -1.44576   0.00617  -1.44576
  1.65414   0.09003  -1.13187   0.09003  -1.13187   0.00864  -1.44532   0.00864  -1.44532
  1.70426   0.13025  -1.12534   0.13025  -1.12534   0.01158  -1.44474   0.01158  -1.44474
  1.75439   0.18407  -1.11612   0.18407  -1.11612   0.01436  -1.44402   0.01436  -1.44402
  1.80451   0.25261  -1.10346   0.25261  -1.10346   0.01610  -1.44322   0.01610  -1.44322
  1.85464   0.33662  -1.08658   0.33662  -1.08658   0.01612  -1.44241   0.01612  -1.44241
  1.90476   0.43631  -1.06471   0.43631  -1.06471   0.01431  -1.44169   0.01431  -1.44169
  1.95489   0.55032  -1.03713   0.55032  -1.03713   0.01122  -1.44113   0.01122  -1.44113
  2.00501   0.67359  -1.00336   0.67359  -1.00336   0.00774  -1.44074   0.00774  -1.44074
  2.05514   0.79567  -0.96348   0.79567  -0.96348   0.00466  -1.44051   0.00466  -1.44051
  2.10526   0.90117  -0.91831   0.90117  -0.91831   0.00238  -1.44039   0.00238  -1.44039
  2.15539   0.97374  -0.86950   0.97374  -0.86950   0.00090  -1.44034   0.00090  -1.44034
  2.20551   1.00171  -0.81929   1.00171  -0.81929  -0.00006  -1.44035  -0.00006  -1.44035
  2.25564   0.98214  -0.77006   0.98214  -0.77006  -0.00092  -1.44039  -0.00092  -1.44039
  2.30576   0.92052  -0.72392   0.92052  -0.72392  -0.00219  -1.44050  -0.00219  -1.44050
  2.35589   0.82664  -0.68248   0.82664  -0.68248  -0.00452  -1.44073  -0.00452  -1.44073
  2.40602   0.71053  -0.64687   0.71053  -0.64687  -0.00872  -1.44117  -0.00872  -1.44117
  2.45614   0.58127  -0.61773   0.58127  -0.61773  -0.01548  -1.44194  -0.01548  -1.44194
  2.50627   0.44829  -0.59526   0.44829  -0.59526  -0.02498  -1.44319  -0.02498  -1.44319
  2.55639   0.32233  -0.57910   0.32233  -0.57910  -0.03634  -1.44502  -0.03634  -1.44502
  2.60652   0.21378  -0.56839   0.21378  -0.56839  -0.04750  -1.44740  -0.04750  -1.44740
  2.65664   0.12962  -0.56189   0.12962  -0.56189  -0.05568  -1.45019  -0.05568  -1.45019
  2.70677   0.07137  -0.55831   0.07137  -0.55831  -0.05847  -1.45312  -0.05847  -1.45312
  2.75689   0.03550  -0.55653   0.03550  -0.55653  -0.05496  -1.45587  -0.05496  -1.45587
  2.80702   0.01589  -0.55574   0.01589  -0.55574  -0.04613  -1.45819  -0.04613  -1.45819
  2.85714   0.00639  -0.55542   0.00639  -0.55542  -0.03433  -1.45991  -0.03433  -1.45991
  2.90727   0.00230  -0.55530   0.00230  -0.55530  -0.02202  -1.46101  -0.02202  -1.46101
  2.95739   0.00074  -0.55526   0.00074  -0.55526  -0.01069  -1.46155  -0.01069  -1.46155
  3.00752   0.00021  -0.55525   0.00021  -0.55525  -0.00044  -1.46157  -0.00044  -1.46157
  3.05764   0.00005  -0.55525   0.00005  -0.55525   0.00975  -1.46108   0.00975  -1.46108
  3.10777   0.00001  -0.55525   0.00001  -0.55525   0.02132  -1.46001   0.02132  -1.46001
  3.15789   0.00000  -0.55525   0.00000  -0.55525   0.03568  -1.45822   0.03568  -1.45822
  3.20802   0.00000  -0.55525   0.00000  -0.55525   0.05401  -1.45552   0.05401  -1.45552
  3.25815   0.00000  -0.55525   0.00000  -0.55525   0.07738  -1.45164   0.07738  -1.45164
  3.30827   0.00000  -0.55525   0.00000  -0.55525   0.10674  -1.44629   0.10674  -1.44629
  3.35840   0.00000  -0.55525   0.00000  -0.55525   0.14246  -1.43915   0.14246  -1.43915
  3.40852   0.00000  -0.55525   0.00000  -0.55525   0.18366  -1.42994   0.18366  -1.42994
  3.45865   0.00000  -0.55525   0.00000  -0.55525   0.22791  -1.41852   0.22791  -1.41852
  3.50877   0.00000  -0.55525   0.00000  -0.55525   0.27210  -1.40488   0.27210  -1.40488
  3.55890   0.00000  -0.55525   0.00000  -0.55525   0.31397  -1.38914   0.31397  -1.38914
  3.60902   0.00000  -0.55525   0.00000  -0.55525   0.35310  -1.37144   0.35310  -1.37144
  3.65915   0.00000  -0.55525   0.00000  -0.55525   0.39015  -1.35188   0.39015  -1.35188
  3.70927   0.00000  -0.55525   0.00000  -0.55525   0.42478  -1.33059   0.42478  -1.33059
  3.75940   0.00000  -0.55525   0.00000  -0.55525   0.45381  -1.30784   0.45381  -1.30784
  3.80952   0.00000  -0.55525   0.00000  -0.55525   0.47161  -1.28421   0.47161  -1.28421
  3.85965   0.00000  -0.55525   0.00000  -0.55525   0.47293  -1.26050   0.47293  -1.26050
  3.90977   0.00000  -0.55525   0.00000  -0.55525   0.45684  -1.23760   0.45684  -1.23760
  3.95990   0.00000  -0.55525   0.00000  -0.55525   0.42921  -1.21609   0.42921  -1.21609
  4.01003   0.00000  -0.55525   0.00000  -0.55525   0.40212  -1.19593   0.40212  -1.19593
  4.06015   0.00000  -0.55525   0.00000  -0.55525   0.39054  -1.17635   0.39054  -1.17635
  4.11028   0.00000  -0.55525   0.00000  -0.55525   0.40848  -1.15588   0.40848  -1.15588
  4.16040   0.00000  -0.55525   0.00000  -0.55525   0.46654  -1.13249   0.46654  -1.13249
  4.21053   0.00000  -0.55525   0.00000  -0.55525   0.57059  -1.10389   0.57059  -1.10389
  4.26065   0.00000  -0.55525   0.00000  -0.55525   0.71952  -1.06783   0.71952  -1.06783
  4.31078   0.00000  -0.55525   0.00000  -0.55525   0.90137  -1.02264   0.90137  -1.02264
  4.36090   0.00000  -0.55525   0.00000  -0.55525   1.09048  -0.96798   1.09048  -0.96798
  4.41103   0.00000  -0.55525   0.00000  -0.55525   1.24995  -0.90533   1.24995  -0.90533
  4.46115   0.00000  -0.55525   0.00000  -0.55525   1.34107  -0.83811   1.34107  -0.83811
  4.51128   0.00000  -0.55525   0.00000  -0.55525   1.33671  -0.77110   1.33671  -0.77110
  4.56140   0.00000  -0.55525   0.00000  -0.55525   1.23195  -0.70935   1.23195  -0.70935
  4.61153   0.00000  -0.55525   0.00000  -0.55525   1.04640  -0.65690   1.04640  -0.65690
  4.66165   0.00000  -0.55525   0.00000  -0.55525   0.81707  -0.61595   0.81707  -0.61595
  4.71178   0.00000  -0.55525   0.00000  -0.55525   0.58521  -0.58661   0.58521  -0.58661
  4.76190   0.00000  -0.55525   0.00000  -0.55525   0.38367  -0.56738   0.38367  -0.56738
  4.81203   0.00000  -0.55525   0.00000  -0.55525   0.22977  -0.55586   0.22977  -0.55586
  4.86216   0.00000  -0.55525   0.00000  -0.55525   0.12544  -0.54957   0.12544  -0.54957
  4.91228   0.00000  -0.55525   0.00000  -0.55525   0.06228  -0.54645   0.06228  -0.54645
  4.96241   0.00000  -0.55525   0.00000  -0.55525   0.02806  -0.54505   0.02806  -0.54505
  5.01253   0.00000  -0.55525   0.00000  -0.55525   0.01144  -0.54447   0.01144  -0.54447
  5.06266   0.00000  -0.55525   0.00000  -0.55525   0.00421  -0.54426   0.00421  -0.54426
  5.11278   0.00000  -0.55525   0.00000  -0.55525   0.00140  -0.54419   0.00140  -0.54419
  5.16291   0.00000  -0.55525   0.00000  -0.55525   0.00042  -0.54417   0.00042  -0.54417
  5.21303  -0.00000  -0.55525  -0.00000  -0.55525   0.00011  -0.54417   0.00011  -0.54417
  5.26316  -0.00000  -0.55525  -0.00000  -0.55525   0.00003  -0.54416   0.00003  -0.54416
  5.31328   0.00000  -0.55525   0.00000  -0.55525   0.00001  -0.54416   0.00001  -0.54416
  5.36341   0.00000  -0.55525   0.00000  -0.55525   0.00000  -0.54416   0.00000  -0.54416
  5.41353   0.00000  -0.55525   0.00000  -0.55525   0.00000  -0.54416   0.00000  -0.54416
  5.46366   0.00000  -0.55525   0.00000  -0.55525   0.00000  -0.54416   0.00000  -0.54416
  5.51378   0.00000  -0.55525   0.00000  -0.55525   0.00000  -0.54416   0.00000  -0.54416
  5.56391   0.00000  -0.55525   0.00000  -0.55525   0.00000  -0.54416   0.00000  -0.54416
  5.61404   0.00000  -0.55525   0.00000  -0.55525   0.00000  -0.54416   0.00000  -0.54416
  5.66416   0.00000  -0.55525   0.00000  -0.55525   0.00000  -0.54416   0.00000  -0.54416
  5.71429   0.00000  -0.55525   0.00000  -0.55525   0.00000  -0.54416   0.00000  -0.54416
  5.76441   0.00000  -0.55525   0.00000  -0.55525   0.00000  -0.54416   0.00000  -0.54416
  5.81454   0.00000  -0.55525   0.00000  -0.55525   0.00000  -0.54416   0.00000  -0.54416
  5.86466   0.00000  -0.55525   0.00000  -0.55525   0.00000  -0.54416   0.00000  -0.54416
  5.91479   0.00001  -0.55525   0.00001  -0.55525   0.00000  -0.54416   0.00000  -0.54416
  5.96491   0.00002  -0.55525   0.00002  -0.55525   0.00000  -0.54416   0.00000  -0.54416
  6.01504   0.00006  -0.55524   0.00006  -0.55524   0.00000  -0.54416   0.00000  -0.54416
  6.06516   0.00015  -0.55524   0.00015  -0.55524   0.00000  -0.54416   0.00000  -0.54416
  6.11529   0.00032  -0.55522   0.00032  -0.55522   0.00001  -0.54416   0.00001  -0.54416
  6.16541   0.00063  -0.55519   0.00063  -0.55519   0.00003  -0.54416   0.00003  -0.54416
  6.21554   0.00113  -0.55513   0.00113  -0.55513   0.00007  -0.54416   0.00007  -0.54416
  6.26566   0.00188  -0.55504   0.00188  -0.55504   0.00017  -0.54415   0.00017  -0.54415
  6.31579   0.00290  -0.55489   0.00290  -0.55489   0.00034  -0.54413   0.00034  -0.54413
  6.36591   0.00417  -0.55468   0.00417  -0.55468   0.00064  -0.54410   0.00064  -0.54410
  6.41604   0.00558  -0.55440   0.00558  -0.55440   0.00110  -0.54405   0.00110  -0.54405
  6.46617   0.00695  -0.55405   0.00695  -0.55405   0.00177  -0.54396   0.00177  -0.54396
  6.51629   0.00806  -0.55365   0.00806  -0.55365   0.00264  -0.54382   0.00264  -0.54382
  6.56642   0.00875  -0.55321   0.00875  -0.55321   0.00368  -0.54364   0.00368  -0.54364
  6.61654   0.00896  -0.55276   0.00896  -0.55276   0.00476  -0.54340   0.00476  -0.54340
  6.66667   0.00887  -0.55232   0.00887  -0.55232   0.00573  -0.54311   0.00573  -0.54311
  6.71679   0.00879  -0.55188   0.00879  -0.55188   0.00643  -0.54279   0.00643  -0.54279
  6.76692   0.00916  -0.55142   0.00916  -0.55142   0.00677  -0.54245   0.00677  -0.54245
  6.81704   0.01035  -0.55090   0.01035  -0.55090   0.00679  -0.54211   0.00679  -0.54211
  6.86717   0.01255  -0.55027   0.01255  -0.55027   0.00666  -0.54178   0.00666  -0.54178
  6.91729   0.01570  -0.54948   0.01570  -0.54948   0.00668  -0.54144   0.00668  -0.54144
  6.96742   0.01955  -0.54850   0.01955  -0.54850   0.00715  -0.54109   0.00715  -0.54109
  7.01754   0.02374  -0.54731   0.02374  -0.54731   0.00829  -0.54067   0.00829  -0.54067
  7.06767   0.02793  -0.54591   0.02793  -0.54591   0.01013  -0.54016   0.01013  -0.54016
  7.11779   0.03177  -0.54432   0.03177  -0.54432   0.01256  -0.53953   0.01256  -0.53953
  7.16792   0.03498  -0.54257   0.03498  -0.54257   0.01538  -0.53876   0.01538  -0.53876
  7.21805   0.03740  -0.54069   0.03740  -0.54069   0.01844  -0.53784   0.01844  -0.53784
  7.26817   0.03909  -0.53873   0.03909  -0.53873   0.02160  -0.53675   0.02160  -0.53675
  7.31830   0.04040  -0.53671   0.04040  -0.53671   0.02472  -0.53552   0.02472  -0.53552
  7.36842   0.04189  -0.53461   0.04189  -0.53461   0.02765  -0.53413   0.02765  -0.53413
  7.41855   0.04410  -0.53240   0.04410  -0.53240   0.03022  -0.53261   0.03022  -0.53261
  7.46867   0.04725  -0.53003   0.04725  -0.53003   0.03234  -0.53099   0.03234  -0.53099
  7.51880   0.05098  -0.52748   0.05098  -0.52748   0.03410  -0.52928   0.03410  -0.52928
  7.56892   0.05443  -0.52475   0.05443  -0.52475   0.03578  -0.52749   0.03578  -0.52749
  7.61905   0.05668  -0.52191   0.05668  -0.52191   0.03777  -0.52560   0.03777  -0.52560
  7.66917   0.05740  -0.51903   0.05740  -0.51903   0.04031  -0.52358   0.04031  -0.52358
  7.71930   0.05721  -0.51616   0.05721  -0.51616   0.04324  -0.52141   0.04324  -0.52141
  7.76942   0.05751  -0.51328   0.05751  -0.51328   0.04602  -0.51910   0.04602  -0.51910
  7.81955   0.05971  -0.51029   0.05971  -0.51029   0.04796  -0.51670   0.04796  -0.51670
  7.86967   0.06420  -0.50707   0.06420  -0.50707   0.04877  -0.51425   0.04877  -0.51425
  7.91980   0.06988  -0.50356   0.06988  -0.50356   0.04885  -0.51180   0.04885  -0.51180
  7.96992   0.07461  -0.49982   0.07461  -0.49982   0.04925  -0.50934   0.04925  -0.50934
  8.02005   0.07636  -0.49600   0.07636  -0.49600   0.05102  -0.50678   0.05102  -0.50678
  8.07018   0.07436  -0.49227   0.07436  -0.49227   0.05450  -0.50405   0.05450  -0.50405
  8.12030   0.06944  -0.48879   0.06944  -0.48879   0.05898  -0.50109   0.05898  -0.50109
  8.17043   0.06346  -0.48561   0.06346  -0.48561   0.06297  -0.49793   0.06297  -0.49793
  8.22055   0.05832  -0.48269   0.05832  -0.48269   0.06507  -0.49467   0.06507  -0.49467
  8.27068   0.05526  -0.47992   0.05526  -0.47992   0.06472  -0.49143   0.06472  -0.49143
  8.32080   0.05461  -0.47718   0.05461  -0.47718   0.06247  -0.48830   0.06247  -0.48830
  8.37093   0.05607  -0.47437   0.05607  -0.47437   0.05964  -0.48531   0.05964  -0.48531
  8.42105   0.05911  -0.47140   0.05911  -0.47140   0.05767  -0.48242   0.05767  -0.48242
  8.47118   0.06324  -0.46823   0.06324  -0.46823   0.05759  -0.47953   0.05759  -0.47953
  8.52130   0.06798  -0.46483   0.06798  -0.46483   0.05971  -0.47654   0.05971  -0.47654
  8.57143   0.07284  -0.46118   0.07284  -0.46118   0.06376  -0.47334   0.06376  -0.47334
  8.62155   0.07725  -0.45730   0.07725  -0.45730   0.06900  -0.46988   0.06900  -0.46988
  8.67168   0.08087  -0.45325   0.08087  -0.45325   0.07452  -0.46615   0.07452  -0.46615
  8.72180   0.08376  -0.44905   0.08376  -0.44905   0.07944  -0.46216   0.07944  -0.46216
  8.77193   0.08642  -0.44472   0.08642  -0.44472   0.08320  -0.45799   0.08320  -0.45799
  8.82206   0.08953  -0.44023   0.08953  -0.44023   0.08590  -0.45369   0.08590  -0.45369
  8.87218   0.09347  -0.43555   0.09347  -0.43555   0.08822  -0.44927   0.08822  -0.44927
  8.92231   0.09811  -0.43063   0.09811  -0.43063   0.09119  -0.44470   0.09119  -0.44470
  8.97243   0.10286  -0.42547   0.10286  -0.42547   0.09554  -0.43991   0.09554  -0.43991
  9.02256   0.10697  -0.42011   0.10697  -0.42011   0.10131  -0.43483   0.10131  -0.43483
  9.07268   0.10996  -0.41460   0.10996  -0.41460   0.10777  -0.42943   0.10777  -0.42943
  9.12281   0.11173  -0.40900   0.11173  -0.40900   0.11376  -0.42372   0.11376  -0.42372
  9.17293   0.11258  -0.40336   0.11258  -0.40336   0.11819  -0.41780   0.11819  -0.41780
  9.22306   0.11294  -0.39769   0.11294  -0.39769   0.12056  -0.41176   0.12056  -0.41176
  9.27318   0.11315  -0.39202   0.11315  -0.39202   0.12097  -0.40569   0.12097  -0.40569
  9.32331   0.11329  -0.38634   0.11329  -0.38634   0.12003  -0.39968   0.12003  -0.39968
  9.37343   0.11313  -0.38067   0.11313  -0.38067   0.11841  -0.39374   0.11841  -0.39374
  9.42356   0.11225  -0.37505   0.11225  -0.37505   0.11656  -0.38790   0.11656  -0.38790
  9.47368   0.11031  -0.36952   0.11031  -0.36952   0.11457  -0.38216   0.11457  -0.38216
  9.52381   0.10724  -0.36414   0.10724  -0.36414   0.11232  -0.37653   0.11232  -0.37653
  9.57393   0.10333  -0.35896   0.10333  -0.35896   0.10966  -0.37103   0.10966  -0.37103
  9.62406   0.09920  -0.35399   0.09920  -0.35399   0.10656  -0.36569   0.10656  -0.36569
  9.67419   0.09557  -0.34920   0.09557  -0.34920   0.10315  -0.36052   0.10315  -0.36052
  9.72431   0.09317  -0.34453   0.09317  -0.34453   0.09961  -0.35552   0.09961  -0.35552
  9.77444   0.09257  -0.33989   0.09257  -0.33989   0.09614  -0.35070   0.09614  -0.35070
  9.82456   0.09404  -0.33518   0.09404  -0.33518   0.09300  -0.34604   0.09300  -0.34604
  9.87469   0.09751  -0.33029   0.09751  -0.33029   0.09059  -0.34150   0.09059  -0.34150
  9.92481   0.10264  -0.32514   0.10264  -0.32514   0.08949  -0.33702   0.08949  -0.33702
  9.97494   0.10893  -0.31968   0.10893  -0.31968   0.09026  -0.33249   0.09026  -0.33249
 10.02506   0.11588  -0.31388   0.11588  -0.31388   0.09330  -0.32782   0.09330  -0.32782