ESCALE ; pCOHP file generated by LOBSTER. Energy is shifted such that the Fermi level lies at 0 eV.
         2          2        401  -6.04511e+00   1.40050e+01   3.97995e+00 
Average
No.1:Mn44->O102(1.9239027745467903)
-10.02506   0.00000  -0.73487   0.00000  -0.73487   0.00000  -0.74125   0.00000  -0.74125
 -9.97494   0.00000  -0.73487   0.00000  -0.73487   0.00000  -0.74125   0.00000  -0.74125
 -9.92481   0.00000  -0.73487   0.00000  -0.73487   0.00000  -0.74125   0.00000  -0.74125
 -9.87469   0.00000  -0.73487   0.00000  -0.73487   0.00000  -0.74125   0.00000  -0.74125
 -9.82456   0.00000  -0.73487   0.00000  -0.73487   0.00000  -0.74125   0.00000  -0.74125
 -9.77444   0.00000  -0.73487   0.00000  -0.73487   0.00000  -0.74125   0.00000  -0.74125
 -9.72431   0.00000  -0.73487   0.00000  -0.73487   0.00000  -0.74125   0.00000  -0.74125
 -9.67419   0.00000  -0.73487   0.00000  -0.73487   0.00000  -0.74125   0.00000  -0.74125
 -9.62406   0.00000  -0.73487   0.00000  -0.73487   0.00000  -0.74125   0.00000  -0.74125
 -9.57393   0.00000  -0.73487   0.00000  -0.73487   0.00000  -0.74125   0.00000  -0.74125
 -9.52381   0.00000  -0.73487   0.00000  -0.73487   0.00000  -0.74125   0.00000  -0.74125
 -9.47368   0.00000  -0.73487   0.00000  -0.73487   0.00000  -0.74125   0.00000  -0.74125
 -9.42356   0.00000  -0.73487   0.00000  -0.73487   0.00000  -0.74125   0.00000  -0.74125
 -9.37343   0.00000  -0.73487   0.00000  -0.73487   0.00000  -0.74125   0.00000  -0.74125
 -9.32331   0.00000  -0.73487   0.00000  -0.73487   0.00000  -0.74125   0.00000  -0.74125
 -9.27318   0.00000  -0.73487   0.00000  -0.73487   0.00000  -0.74125   0.00000  -0.74125
 -9.22306   0.00000  -0.73487   0.00000  -0.73487   0.00000  -0.74125   0.00000  -0.74125
 -9.17293   0.00000  -0.73487   0.00000  -0.73487   0.00000  -0.74125   0.00000  -0.74125
 -9.12281   0.00000  -0.73487   0.00000  -0.73487   0.00000  -0.74125   0.00000  -0.74125
 -9.07268   0.00000  -0.73487   0.00000  -0.73487   0.00000  -0.74125   0.00000  -0.74125
 -9.02256   0.00000  -0.73487   0.00000  -0.73487   0.00000  -0.74125   0.00000  -0.74125
 -8.97243   0.00000  -0.73487   0.00000  -0.73487   0.00000  -0.74125   0.00000  -0.74125
 -8.92231   0.00000  -0.73487   0.00000  -0.73487   0.00000  -0.74125   0.00000  -0.74125
 -8.87218  -0.00000  -0.73487  -0.00000  -0.73487   0.00000  -0.74125   0.00000  -0.74125
 -8.82206  -0.00000  -0.73487  -0.00000  -0.73487   0.00000  -0.74125   0.00000  -0.74125
 -8.77193  -0.00000  -0.73487  -0.00000  -0.73487   0.00000  -0.74125   0.00000  -0.74125
 -8.72180  -0.00000  -0.73487  -0.00000  -0.73487   0.00000  -0.74125   0.00000  -0.74125
 -8.67168  -0.00000  -0.73487  -0.00000  -0.73487   0.00000  -0.74125   0.00000  -0.74125
 -8.62155  -0.00000  -0.73487  -0.00000  -0.73487   0.00000  -0.74125   0.00000  -0.74125
 -8.57143  -0.00000  -0.73487  -0.00000  -0.73487   0.00000  -0.74125   0.00000  -0.74125
 -8.52130  -0.00000  -0.73487  -0.00000  -0.73487   0.00000  -0.74125   0.00000  -0.74125
 -8.47118  -0.00000  -0.73487  -0.00000  -0.73487   0.00000  -0.74125   0.00000  -0.74125
 -8.42105  -0.00000  -0.73487  -0.00000  -0.73487   0.00000  -0.74125   0.00000  -0.74125
 -8.37093  -0.00000  -0.73487  -0.00000  -0.73487   0.00000  -0.74125   0.00000  -0.74125
 -8.32080  -0.00000  -0.73487  -0.00000  -0.73487   0.00000  -0.74125   0.00000  -0.74125
 -8.27068  -0.00000  -0.73487  -0.00000  -0.73487   0.00000  -0.74125   0.00000  -0.74125
 -8.22055  -0.00000  -0.73487  -0.00000  -0.73487   0.00000  -0.74125   0.00000  -0.74125
 -8.17043  -0.00001  -0.73487  -0.00001  -0.73487   0.00000  -0.74125   0.00000  -0.74125
 -8.12030  -0.00004  -0.73487  -0.00004  -0.73487   0.00000  -0.74125   0.00000  -0.74125
 -8.07018  -0.00011  -0.73488  -0.00011  -0.73488   0.00000  -0.74125   0.00000  -0.74125
 -8.02005  -0.00027  -0.73489  -0.00027  -0.73489   0.00000  -0.74125   0.00000  -0.74125
 -7.96992  -0.00064  -0.73492  -0.00064  -0.73492   0.00000  -0.74125   0.00000  -0.74125
 -7.91980  -0.00135  -0.73499  -0.00135  -0.73499   0.00000  -0.74125   0.00000  -0.74125
 -7.86967  -0.00257  -0.73512  -0.00257  -0.73512   0.00000  -0.74125   0.00000  -0.74125
 -7.81955  -0.00441  -0.73534  -0.00441  -0.73534   0.00000  -0.74125   0.00000  -0.74125
 -7.76942  -0.00680  -0.73568  -0.00680  -0.73568   0.00000  -0.74125   0.00000  -0.74125
 -7.71930  -0.00942  -0.73615  -0.00942  -0.73615   0.00000  -0.74125   0.00000  -0.74125
 -7.66917  -0.01172  -0.73674  -0.01172  -0.73674  -0.00000  -0.74125  -0.00000  -0.74125
 -7.61905  -0.01304  -0.73739  -0.01304  -0.73739  -0.00000  -0.74125  -0.00000  -0.74125
 -7.56892  -0.01300  -0.73805  -0.01300  -0.73805  -0.00000  -0.74125  -0.00000  -0.74125
 -7.51880  -0.01162  -0.73863  -0.01162  -0.73863  -0.00000  -0.74125  -0.00000  -0.74125
 -7.46867  -0.00949  -0.73910  -0.00949  -0.73910  -0.00000  -0.74125  -0.00000  -0.74125
 -7.41855  -0.00753  -0.73948  -0.00753  -0.73948  -0.00000  -0.74125  -0.00000  -0.74125
 -7.36842  -0.00681  -0.73982  -0.00681  -0.73982  -0.00000  -0.74125  -0.00000  -0.74125
 -7.31830  -0.00831  -0.74024  -0.00831  -0.74024  -0.00000  -0.74125  -0.00000  -0.74125
 -7.26817  -0.01267  -0.74087  -0.01267  -0.74087  -0.00000  -0.74125  -0.00000  -0.74125
 -7.21805  -0.01993  -0.74187  -0.01993  -0.74187  -0.00000  -0.74125  -0.00000  -0.74125
 -7.16792  -0.02914  -0.74333  -0.02914  -0.74333  -0.00000  -0.74125  -0.00000  -0.74125
 -7.11779  -0.03843  -0.74526  -0.03843  -0.74526  -0.00000  -0.74125  -0.00000  -0.74125
 -7.06767  -0.04560  -0.74755  -0.04560  -0.74755  -0.00000  -0.74125  -0.00000  -0.74125
 -7.01754  -0.04929  -0.75002  -0.04929  -0.75002  -0.00000  -0.74125  -0.00000  -0.74125
 -6.96742  -0.04990  -0.75252  -0.04990  -0.75252  -0.00001  -0.74125  -0.00001  -0.74125
 -6.91729  -0.04955  -0.75500  -0.04955  -0.75500  -0.00004  -0.74125  -0.00004  -0.74125
 -6.86717  -0.05099  -0.75756  -0.05099  -0.75756  -0.00014  -0.74126  -0.00014  -0.74126
 -6.81704  -0.05611  -0.76037  -0.05611  -0.76037  -0.00036  -0.74127  -0.00036  -0.74127
 -6.76692  -0.06510  -0.76363  -0.06510  -0.76363  -0.00087  -0.74132  -0.00087  -0.74132
 -6.71679  -0.07669  -0.76748  -0.07669  -0.76748  -0.00186  -0.74141  -0.00186  -0.74141
 -6.66667  -0.08919  -0.77195  -0.08919  -0.77195  -0.00354  -0.74159  -0.00354  -0.74159
 -6.61654  -0.10151  -0.77704  -0.10151  -0.77704  -0.00603  -0.74189  -0.00603  -0.74189
 -6.56642  -0.11370  -0.78274  -0.11370  -0.78274  -0.00919  -0.74235  -0.00919  -0.74235
 -6.51629  -0.12673  -0.78909  -0.12673  -0.78909  -0.01261  -0.74298  -0.01261  -0.74298
 -6.46617  -0.14189  -0.79620  -0.14189  -0.79620  -0.01564  -0.74377  -0.01564  -0.74377
 -6.41604  -0.16029  -0.80423  -0.16029  -0.80423  -0.01769  -0.74465  -0.01769  -0.74465
 -6.36591  -0.18262  -0.81339  -0.18262  -0.81339  -0.01845  -0.74558  -0.01845  -0.74558
 -6.31579  -0.20906  -0.82387  -0.20906  -0.82387  -0.01808  -0.74649  -0.01808  -0.74649
 -6.26566  -0.23886  -0.83584  -0.23886  -0.83584  -0.01712  -0.74734  -0.01712  -0.74734
 -6.21554  -0.26969  -0.84936  -0.26969  -0.84936  -0.01619  -0.74816  -0.01619  -0.74816
 -6.16541  -0.29737  -0.86427  -0.29737  -0.86427  -0.01577  -0.74895  -0.01577  -0.74895
 -6.11529  -0.31673  -0.88014  -0.31673  -0.88014  -0.01594  -0.74975  -0.01594  -0.74975
 -6.06516  -0.32353  -0.89636  -0.32353  -0.89636  -0.01644  -0.75057  -0.01644  -0.75057
 -6.01504  -0.31646  -0.91222  -0.31646  -0.91222  -0.01685  -0.75141  -0.01685  -0.75141
 -5.96491  -0.29795  -0.92716  -0.29795  -0.92716  -0.01694  -0.75226  -0.01694  -0.75226
 -5.91479  -0.27330  -0.94085  -0.27330  -0.94085  -0.01678  -0.75310  -0.01678  -0.75310
 -5.86466  -0.24866  -0.95332  -0.24866  -0.95332  -0.01680  -0.75395  -0.01680  -0.75395
 -5.81454  -0.22905  -0.96480  -0.22905  -0.96480  -0.01758  -0.75483  -0.01758  -0.75483
 -5.76441  -0.21708  -0.97568  -0.21708  -0.97568  -0.01965  -0.75581  -0.01965  -0.75581
 -5.71429  -0.21291  -0.98635  -0.21291  -0.98635  -0.02330  -0.75698  -0.02330  -0.75698
 -5.66416  -0.21509  -0.99713  -0.21509  -0.99713  -0.02862  -0.75842  -0.02862  -0.75842
 -5.61404  -0.22181  -1.00825  -0.22181  -1.00825  -0.03550  -0.76020  -0.03550  -0.76020
 -5.56391  -0.23204  -1.01988  -0.23204  -1.01988  -0.04384  -0.76239  -0.04384  -0.76239
 -5.51378  -0.24564  -1.03220  -0.24564  -1.03220  -0.05353  -0.76508  -0.05353  -0.76508
 -5.46366  -0.26255  -1.04536  -0.26255  -1.04536  -0.06440  -0.76830  -0.06440  -0.76830
 -5.41353  -0.28167  -1.05948  -0.28167  -1.05948  -0.07607  -0.77212  -0.07607  -0.77212
 -5.36341  -0.30036  -1.07453  -0.30036  -1.07453  -0.08765  -0.77651  -0.08765  -0.77651
 -5.31328  -0.31492  -1.09032  -0.31492  -1.09032  -0.09777  -0.78141  -0.09777  -0.78141
 -5.26316  -0.32182  -1.10645  -0.32182  -1.10645  -0.10496  -0.78667  -0.10496  -0.78667
 -5.21303  -0.31903  -1.12244  -0.31903  -1.12244  -0.10822  -0.79210  -0.10822  -0.79210
 -5.16291  -0.30690  -1.13782  -0.30690  -1.13782  -0.10752  -0.79749  -0.10752  -0.79749
 -5.11278  -0.28822  -1.15227  -0.28822  -1.15227  -0.10389  -0.80269  -0.10389  -0.80269
 -5.06266  -0.26747  -1.16568  -0.26747  -1.16568  -0.09900  -0.80766  -0.09900  -0.80766
 -5.01253  -0.24956  -1.17819  -0.24956  -1.17819  -0.09459  -0.81240  -0.09459  -0.81240
 -4.96241  -0.23857  -1.19015  -0.23857  -1.19015  -0.09206  -0.81701  -0.09206  -0.81701
 -4.91228  -0.23716  -1.20203  -0.23716  -1.20203  -0.09222  -0.82164  -0.09222  -0.82164
 -4.86216  -0.24645  -1.21439  -0.24645  -1.21439  -0.09524  -0.82641  -0.09524  -0.82641
 -4.81203  -0.26617  -1.22773  -0.26617  -1.22773  -0.10069  -0.83146  -0.10069  -0.83146
 -4.76190  -0.29447  -1.24249  -0.29447  -1.24249  -0.10776  -0.83686  -0.10776  -0.83686
 -4.71178  -0.32752  -1.25891  -0.32752  -1.25891  -0.11565  -0.84265  -0.11565  -0.84265
 -4.66165  -0.35945  -1.27692  -0.35945  -1.27692  -0.12406  -0.84887  -0.12406  -0.84887
 -4.61153  -0.38337  -1.29614  -0.38337  -1.29614  -0.13348  -0.85556  -0.13348  -0.85556
 -4.56140  -0.39324  -1.31585  -0.39324  -1.31585  -0.14486  -0.86282  -0.14486  -0.86282
 -4.51128  -0.38589  -1.33519  -0.38589  -1.33519  -0.15897  -0.87079  -0.15897  -0.87079
 -4.46115  -0.36199  -1.35334  -0.36199  -1.35334  -0.17555  -0.87959  -0.17555  -0.87959
 -4.41103  -0.32569  -1.36966  -0.32569  -1.36966  -0.19300  -0.88927  -0.19300  -0.88927
 -4.36090  -0.28319  -1.38386  -0.28319  -1.38386  -0.20878  -0.89973  -0.20878  -0.89973
 -4.31078  -0.24105  -1.39594  -0.24105  -1.39594  -0.22047  -0.91078  -0.22047  -0.91078
 -4.26065  -0.20486  -1.40621  -0.20486  -1.40621  -0.22663  -0.92214  -0.22663  -0.92214
 -4.21053  -0.17854  -1.41516  -0.17854  -1.41516  -0.22730  -0.93354  -0.22730  -0.93354
 -4.16040  -0.16425  -1.42339  -0.16425  -1.42339  -0.22378  -0.94475  -0.22378  -0.94475
 -4.11028  -0.16253  -1.43154  -0.16253  -1.43154  -0.21801  -0.95568  -0.21801  -0.95568
 -4.06015  -0.17217  -1.44017  -0.17217  -1.44017  -0.21199  -0.96631  -0.21199  -0.96631
 -4.01003  -0.18983  -1.44968  -0.18983  -1.44968  -0.20731  -0.97670  -0.20731  -0.97670
 -3.95990  -0.20999  -1.46021  -0.20999  -1.46021  -0.20506  -0.98698  -0.20506  -0.98698
 -3.90977  -0.22595  -1.47154  -0.22595  -1.47154  -0.20596  -0.99730  -0.20596  -0.99730
 -3.85965  -0.23192  -1.48316  -0.23192  -1.48316  -0.21042  -1.00785  -0.21042  -1.00785
 -3.80952  -0.22518  -1.49445  -0.22518  -1.49445  -0.21860  -1.01881  -0.21860  -1.01881
 -3.75940  -0.20710  -1.50483  -0.20710  -1.50483  -0.23020  -1.03035  -0.23020  -1.03035
 -3.70927  -0.18221  -1.51396  -0.18221  -1.51396  -0.24412  -1.04258  -0.24412  -1.04258
 -3.65915  -0.15603  -1.52178  -0.15603  -1.52178  -0.25843  -1.05554  -0.25843  -1.05554
 -3.60902  -0.13283  -1.52844  -0.13283  -1.52844  -0.27076  -1.06911  -0.27076  -1.06911
 -3.55890  -0.11444  -1.53418  -0.11444  -1.53418  -0.27908  -1.08310  -0.27908  -1.08310
 -3.50877  -0.10044  -1.53921  -0.10044  -1.53921  -0.28257  -1.09726  -0.28257  -1.09726
 -3.45865  -0.08927  -1.54369  -0.08927  -1.54369  -0.28201  -1.11140  -0.28201  -1.11140
 -3.40852  -0.07949  -1.54767  -0.07949  -1.54767  -0.27943  -1.12540  -0.27943  -1.12540
 -3.35840  -0.07036  -1.55120  -0.07036  -1.55120  -0.27715  -1.13930  -0.27715  -1.13930
 -3.30827  -0.06179  -1.55430  -0.06179  -1.55430  -0.27657  -1.15316  -0.27657  -1.15316
 -3.25815  -0.05374  -1.55699  -0.05374  -1.55699  -0.27751  -1.16707  -0.27751  -1.16707
 -3.20802  -0.04585  -1.55929  -0.04585  -1.55929  -0.27860  -1.18103  -0.27860  -1.18103
 -3.15789  -0.03755  -1.56117  -0.03755  -1.56117  -0.27826  -1.19498  -0.27826  -1.19498
 -3.10777  -0.02851  -1.56260  -0.02851  -1.56260  -0.27583  -1.20881  -0.27583  -1.20881
 -3.05764  -0.01901  -1.56355  -0.01901  -1.56355  -0.27179  -1.22243  -0.27179  -1.22243
 -3.00752  -0.00987  -1.56405  -0.00987  -1.56405  -0.26719  -1.23583  -0.26719  -1.23583
 -2.95739  -0.00179  -1.56414  -0.00179  -1.56414  -0.26291  -1.24900  -0.26291  -1.24900
 -2.90727   0.00534  -1.56387   0.00534  -1.56387  -0.25932  -1.26200  -0.25932  -1.26200
 -2.85714   0.01259  -1.56324   0.01259  -1.56324  -0.25656  -1.27486  -0.25656  -1.27486
 -2.80702   0.02140  -1.56217   0.02140  -1.56217  -0.25496  -1.28764  -0.25496  -1.28764
 -2.75689   0.03251  -1.56054   0.03251  -1.56054  -0.25493  -1.30042  -0.25493  -1.30042
 -2.70677   0.04525  -1.55827   0.04525  -1.55827  -0.25642  -1.31327  -0.25642  -1.31327
 -2.65664   0.05779  -1.55537   0.05779  -1.55537  -0.25842  -1.32623  -0.25842  -1.32623
 -2.60652   0.06798  -1.55196   0.06798  -1.55196  -0.25885  -1.33920  -0.25885  -1.33920
 -2.55639   0.07454  -1.54823   0.07454  -1.54823  -0.25522  -1.35199  -0.25522  -1.35199
 -2.50627   0.07761  -1.54434   0.07761  -1.54434  -0.24560  -1.36431  -0.24560  -1.36431
 -2.45614   0.07871  -1.54039   0.07871  -1.54039  -0.22956  -1.37581  -0.22956  -1.37581
 -2.40602   0.08011  -1.53638   0.08011  -1.53638  -0.20854  -1.38627  -0.20854  -1.38627
 -2.35589   0.08396  -1.53217   0.08396  -1.53217  -0.18543  -1.39556  -0.18543  -1.39556
 -2.30576   0.09149  -1.52758   0.09149  -1.52758  -0.16350  -1.40376  -0.16350  -1.40376
 -2.25564   0.10266  -1.52244   0.10266  -1.52244  -0.14509  -1.41103  -0.14509  -1.41103
 -2.20551   0.11622  -1.51661   0.11622  -1.51661  -0.13093  -1.41759  -0.13093  -1.41759
 -2.15539   0.13033  -1.51008   0.13033  -1.51008  -0.12028  -1.42362  -0.12028  -1.42362
 -2.10526   0.14331  -1.50289   0.14331  -1.50289  -0.11173  -1.42922  -0.11173  -1.42922
 -2.05514   0.15424  -1.49516   0.15424  -1.49516  -0.10414  -1.43444  -0.10414  -1.43444
 -2.00501   0.16298  -1.48699   0.16298  -1.48699  -0.09709  -1.43931  -0.09709  -1.43931
 -1.95489   0.16983  -1.47848   0.16983  -1.47848  -0.09080  -1.44386  -0.09080  -1.44386
 -1.90476   0.17508  -1.46970   0.17508  -1.46970  -0.08579  -1.44816  -0.08579  -1.44816
 -1.85464   0.17870  -1.46075   0.17870  -1.46075  -0.08250  -1.45230  -0.08250  -1.45230
 -1.80451   0.18049  -1.45170   0.18049  -1.45170  -0.08110  -1.45636  -0.08110  -1.45636
 -1.75439   0.18032  -1.44266   0.18032  -1.44266  -0.08148  -1.46044  -0.08148  -1.46044
 -1.70426   0.17833  -1.43372   0.17833  -1.43372  -0.08323  -1.46462  -0.08323  -1.46462
 -1.65414   0.17504  -1.42495   0.17504  -1.42495  -0.08573  -1.46891  -0.08573  -1.46891
 -1.60401   0.17116  -1.41637   0.17116  -1.41637  -0.08816  -1.47333  -0.08816  -1.47333
 -1.55388   0.16731  -1.40798   0.16731  -1.40798  -0.08960  -1.47782  -0.08960  -1.47782
 -1.50376   0.16387  -1.39977   0.16387  -1.39977  -0.08924  -1.48230  -0.08924  -1.48230
 -1.45363   0.16092  -1.39170   0.16092  -1.39170  -0.08662  -1.48664  -0.08662  -1.48664
 -1.40351   0.15838  -1.38376   0.15838  -1.38376  -0.08175  -1.49074  -0.08175  -1.49074
 -1.35338   0.15630  -1.37593   0.15630  -1.37593  -0.07506  -1.49450  -0.07506  -1.49450
 -1.30326   0.15497  -1.36816   0.15497  -1.36816  -0.06727  -1.49787  -0.06727  -1.49787
 -1.25313   0.15484  -1.36040   0.15484  -1.36040  -0.05911  -1.50083  -0.05911  -1.50083
 -1.20301   0.15617  -1.35257   0.15617  -1.35257  -0.05124  -1.50340  -0.05124  -1.50340
 -1.15288   0.15884  -1.34461   0.15884  -1.34461  -0.04409  -1.50561  -0.04409  -1.50561
 -1.10276   0.16232  -1.33647   0.16232  -1.33647  -0.03797  -1.50752  -0.03797  -1.50752
 -1.05263   0.16583  -1.32816   0.16583  -1.32816  -0.03297  -1.50917  -0.03297  -1.50917
 -1.00251   0.16862  -1.31971   0.16862  -1.31971  -0.02910  -1.51063  -0.02910  -1.51063
 -0.95238   0.16998  -1.31119   0.16998  -1.31119  -0.02620  -1.51194  -0.02620  -1.51194
 -0.90226   0.16922  -1.30271   0.16922  -1.30271  -0.02395  -1.51314  -0.02395  -1.51314
 -0.85213   0.16574  -1.29440   0.16574  -1.29440  -0.02189  -1.51424  -0.02189  -1.51424
 -0.80201   0.15916  -1.28642   0.15916  -1.28642  -0.01953  -1.51522  -0.01953  -1.51522
 -0.75188   0.14964  -1.27892   0.14964  -1.27892  -0.01654  -1.51605  -0.01654  -1.51605
 -0.70175   0.13808  -1.27200   0.13808  -1.27200  -0.01294  -1.51669  -0.01294  -1.51669
 -0.65163   0.12613  -1.26568   0.12613  -1.26568  -0.00914  -1.51715  -0.00914  -1.51715
 -0.60150   0.11585  -1.25987   0.11585  -1.25987  -0.00568  -1.51744  -0.00568  -1.51744
 -0.55138   0.10916  -1.25440   0.10916  -1.25440  -0.00301  -1.51759  -0.00301  -1.51759
 -0.50125   0.10730  -1.24902   0.10730  -1.24902  -0.00125  -1.51765  -0.00125  -1.51765
 -0.45113   0.11046  -1.24348   0.11046  -1.24348  -0.00026  -1.51766  -0.00026  -1.51766
 -0.40100   0.11764  -1.23759   0.11764  -1.23759   0.00023  -1.51765   0.00023  -1.51765
 -0.35088   0.12660  -1.23124   0.12660  -1.23124   0.00043  -1.51763   0.00043  -1.51763
 -0.30075   0.13419  -1.22451   0.13419  -1.22451   0.00047  -1.51761   0.00047  -1.51761
 -0.25063   0.13689  -1.21765   0.13689  -1.21765   0.00042  -1.51759   0.00042  -1.51759
 -0.20050   0.13200  -1.21104   0.13200  -1.21104   0.00032  -1.51757   0.00032  -1.51757
 -0.15038   0.11876  -1.20508   0.11876  -1.20508   0.00021  -1.51756   0.00021  -1.51756
 -0.10025   0.09888  -1.20013   0.09888  -1.20013   0.00012  -1.51755   0.00012  -1.51755
 -0.05013   0.07595  -1.19632   0.07595  -1.19632   0.00006  -1.51755   0.00006  -1.51755
  0.00000   0.05393  -1.19362   0.05393  -1.19362   0.00003  -1.51755   0.00003  -1.51755
  0.05013   0.03566  -1.19183   0.03566  -1.19183   0.00001  -1.51755   0.00001  -1.51755
  0.10025   0.02223  -1.19072   0.02223  -1.19072   0.00000  -1.51755   0.00000  -1.51755
  0.15038   0.01326  -1.19005   0.01326  -1.19005   0.00000  -1.51755   0.00000  -1.51755
  0.20050   0.00764  -1.18967   0.00764  -1.18967   0.00000  -1.51755   0.00000  -1.51755
  0.25063   0.00425  -1.18945   0.00425  -1.18945   0.00000  -1.51755   0.00000  -1.51755
  0.30075   0.00228  -1.18934   0.00228  -1.18934   0.00000  -1.51755   0.00000  -1.51755
  0.35088   0.00118  -1.18928   0.00118  -1.18928   0.00000  -1.51755   0.00000  -1.51755
  0.40100   0.00065  -1.18925   0.00065  -1.18925   0.00000  -1.51755   0.00000  -1.51755
  0.45113   0.00048  -1.18923   0.00048  -1.18923   0.00000  -1.51755   0.00000  -1.51755
  0.50125   0.00054  -1.18920   0.00054  -1.18920   0.00000  -1.51755   0.00000  -1.51755
  0.55138   0.00075  -1.18916   0.00075  -1.18916   0.00000  -1.51755   0.00000  -1.51755
  0.60150   0.00101  -1.18911   0.00101  -1.18911   0.00000  -1.51755   0.00000  -1.51755
  0.65163   0.00125  -1.18905   0.00125  -1.18905   0.00000  -1.51755   0.00000  -1.51755
  0.70175   0.00142  -1.18898   0.00142  -1.18898  -0.00000  -1.51755  -0.00000  -1.51755
  0.75188   0.00150  -1.18890   0.00150  -1.18890  -0.00000  -1.51755  -0.00000  -1.51755
  0.80201   0.00155  -1.18882   0.00155  -1.18882  -0.00000  -1.51755  -0.00000  -1.51755
  0.85213   0.00165  -1.18874   0.00165  -1.18874  -0.00000  -1.51755  -0.00000  -1.51755
  0.90226   0.00185  -1.18865   0.00185  -1.18865   0.00000  -1.51755   0.00000  -1.51755
  0.95238   0.00218  -1.18854   0.00218  -1.18854   0.00000  -1.51755   0.00000  -1.51755
  1.00251   0.00257  -1.18841   0.00257  -1.18841   0.00001  -1.51755   0.00001  -1.51755
  1.05263   0.00298  -1.18826   0.00298  -1.18826   0.00004  -1.51754   0.00004  -1.51754
  1.10276   0.00339  -1.18809   0.00339  -1.18809   0.00013  -1.51754   0.00013  -1.51754
  1.15288   0.00387  -1.18790   0.00387  -1.18790   0.00031  -1.51752   0.00031  -1.51752
  1.20301   0.00455  -1.18767   0.00455  -1.18767   0.00066  -1.51749   0.00066  -1.51749
  1.25313   0.00555  -1.18739   0.00555  -1.18739   0.00120  -1.51743   0.00120  -1.51743
  1.30326   0.00697  -1.18704   0.00697  -1.18704   0.00194  -1.51733   0.00194  -1.51733
  1.35338   0.00886  -1.18660   0.00886  -1.18660   0.00278  -1.51719   0.00278  -1.51719
  1.40351   0.01128  -1.18603   0.01128  -1.18603   0.00356  -1.51701   0.00356  -1.51701
  1.45363   0.01449  -1.18530   0.01449  -1.18530   0.00417  -1.51681   0.00417  -1.51681
  1.50376   0.01913  -1.18435   0.01913  -1.18435   0.00461  -1.51657   0.00461  -1.51657
  1.55388   0.02651  -1.18302   0.02651  -1.18302   0.00512  -1.51632   0.00512  -1.51632
  1.60401   0.03856  -1.18108   0.03856  -1.18108   0.00600  -1.51602   0.00600  -1.51602
  1.65414   0.05762  -1.17820   0.05762  -1.17820   0.00751  -1.51564   0.00751  -1.51564
  1.70426   0.08602  -1.17388   0.08602  -1.17388   0.00954  -1.51516   0.00954  -1.51516
  1.75439   0.12546  -1.16759   0.12546  -1.16759   0.01160  -1.51458   0.01160  -1.51458
  1.80451   0.17680  -1.15873   0.17680  -1.15873   0.01296  -1.51393   0.01296  -1.51393
  1.85464   0.24032  -1.14669   0.24032  -1.14669   0.01303  -1.51328   0.01303  -1.51328
  1.90476   0.31642  -1.13083   0.31642  -1.13083   0.01168  -1.51269   0.01168  -1.51269
  1.95489   0.40604  -1.11047   0.40604  -1.11047   0.00930  -1.51223   0.00930  -1.51223
  2.00501   0.50984  -1.08492   0.50984  -1.08492   0.00658  -1.51190   0.00658  -1.51190
  2.05514   0.62627  -1.05353   0.62627  -1.05353   0.00416  -1.51169   0.00416  -1.51169
  2.10526   0.74948  -1.01596   0.74948  -1.01596   0.00237  -1.51157   0.00237  -1.51157
  2.15539   0.86885  -0.97241   0.86885  -0.97241   0.00121  -1.51151   0.00121  -1.51151
  2.20551   0.97098  -0.92374   0.97098  -0.92374   0.00045  -1.51149   0.00045  -1.51149
  2.25564   1.04277  -0.87147   1.04277  -0.87147  -0.00033  -1.51150  -0.00033  -1.51150
  2.30576   1.07362  -0.81765   1.07362  -0.81765  -0.00171  -1.51159  -0.00171  -1.51159
  2.35589   1.05591  -0.76472   1.05591  -0.76472  -0.00443  -1.51181  -0.00443  -1.51181
  2.40602   0.98576  -0.71531   0.98576  -0.71531  -0.00935  -1.51228  -0.00935  -1.51228
  2.45614   0.86569  -0.67192   0.86569  -0.67192  -0.01722  -1.51314  -0.01722  -1.51314
  2.50627   0.70770  -0.63644   0.70770  -0.63644  -0.02814  -1.51455  -0.02814  -1.51455
  2.55639   0.53311  -0.60972   0.53311  -0.60972  -0.04103  -1.51661  -0.04103  -1.51661
  2.60652   0.36680  -0.59134   0.36680  -0.59134  -0.05353  -1.51929  -0.05353  -1.51929
  2.65664   0.22891  -0.57986   0.22891  -0.57986  -0.06255  -1.52243  -0.06255  -1.52243
  2.70677   0.12890  -0.57340   0.12890  -0.57340  -0.06550  -1.52571  -0.06550  -1.52571
  2.75689   0.06524  -0.57013   0.06524  -0.57013  -0.06145  -1.52879  -0.06145  -1.52879
  2.80702   0.02960  -0.56865   0.02960  -0.56865  -0.05160  -1.53138  -0.05160  -1.53138
  2.85714   0.01201  -0.56805   0.01201  -0.56805  -0.03858  -1.53331  -0.03858  -1.53331
  2.90727   0.00436  -0.56783   0.00436  -0.56783  -0.02510  -1.53457  -0.02510  -1.53457
  2.95739   0.00141  -0.56776   0.00141  -0.56776  -0.01281  -1.53521  -0.01281  -1.53521
  3.00752   0.00041  -0.56774   0.00041  -0.56774  -0.00180  -1.53530  -0.00180  -1.53530
  3.05764   0.00010  -0.56773   0.00010  -0.56773   0.00901  -1.53485   0.00901  -1.53485
  3.10777   0.00002  -0.56773   0.00002  -0.56773   0.02116  -1.53379   0.02116  -1.53379
  3.15789   0.00000  -0.56773   0.00000  -0.56773   0.03608  -1.53198   0.03608  -1.53198
  3.20802   0.00000  -0.56773   0.00000  -0.56773   0.05491  -1.52923   0.05491  -1.52923
  3.25815   0.00000  -0.56773   0.00000  -0.56773   0.07867  -1.52529   0.07867  -1.52529
  3.30827   0.00000  -0.56773   0.00000  -0.56773   0.10823  -1.51986   0.10823  -1.51986
  3.35840   0.00000  -0.56773   0.00000  -0.56773   0.14393  -1.51265   0.14393  -1.51265
  3.40852   0.00000  -0.56773   0.00000  -0.56773   0.18486  -1.50338   0.18486  -1.50338
  3.45865   0.00000  -0.56773   0.00000  -0.56773   0.22864  -1.49192   0.22864  -1.49192
  3.50877   0.00000  -0.56773   0.00000  -0.56773   0.27222  -1.47827   0.27222  -1.47827
  3.55890   0.00000  -0.56773   0.00000  -0.56773   0.31352  -1.46256   0.31352  -1.46256
  3.60902   0.00000  -0.56773   0.00000  -0.56773   0.35235  -1.44490   0.35235  -1.44490
  3.65915   0.00000  -0.56773   0.00000  -0.56773   0.38975  -1.42536   0.38975  -1.42536
  3.70927   0.00000  -0.56773   0.00000  -0.56773   0.42592  -1.40401   0.42592  -1.40401
  3.75940   0.00000  -0.56773   0.00000  -0.56773   0.45835  -1.38104   0.45835  -1.38104
  3.80952   0.00000  -0.56773   0.00000  -0.56773   0.48194  -1.35688   0.48194  -1.35688
  3.85965   0.00000  -0.56773   0.00000  -0.56773   0.49122  -1.33226   0.49122  -1.33226
  3.90977   0.00000  -0.56773   0.00000  -0.56773   0.48367  -1.30801   0.48367  -1.30801
  3.95990   0.00000  -0.56773   0.00000  -0.56773   0.46215  -1.28485   0.46215  -1.28485
  4.01003   0.00000  -0.56773   0.00000  -0.56773   0.43490  -1.26305   0.43490  -1.26305
  4.06015   0.00000  -0.56773   0.00000  -0.56773   0.41343  -1.24232   0.41343  -1.24232
  4.11028   0.00000  -0.56773   0.00000  -0.56773   0.40993  -1.22178   0.40993  -1.22178
  4.16040   0.00000  -0.56773   0.00000  -0.56773   0.43579  -1.19993   0.43579  -1.19993
  4.21053   0.00000  -0.56773   0.00000  -0.56773   0.50076  -1.17483   0.50076  -1.17483
  4.26065   0.00000  -0.56773   0.00000  -0.56773   0.61095  -1.14421   0.61095  -1.14421
  4.31078   0.00000  -0.56773   0.00000  -0.56773   0.76449  -1.10589   0.76449  -1.10589
  4.36090   0.00000  -0.56773   0.00000  -0.56773   0.94736  -1.05840   0.94736  -1.05840
  4.41103   0.00000  -0.56773   0.00000  -0.56773   1.13268  -1.00162   1.13268  -1.00162
  4.46115   0.00000  -0.56773   0.00000  -0.56773   1.28556  -0.93719   1.28556  -0.93719
  4.51128   0.00000  -0.56773   0.00000  -0.56773   1.37203  -0.86841   1.37203  -0.86841
  4.56140   0.00000  -0.56773   0.00000  -0.56773   1.36864  -0.79981   1.36864  -0.79981
  4.61153   0.00000  -0.56773   0.00000  -0.56773   1.26981  -0.73616   1.26981  -0.73616
  4.66165   0.00000  -0.56773   0.00000  -0.56773   1.09036  -0.68150   1.09036  -0.68150
  4.71178   0.00000  -0.56773   0.00000  -0.56773   0.86204  -0.63829   0.86204  -0.63829
  4.76190   0.00000  -0.56773   0.00000  -0.56773   0.62418  -0.60701   0.62418  -0.60701
  4.81203   0.00000  -0.56773   0.00000  -0.56773   0.41179  -0.58637   0.41179  -0.58637
  4.86216   0.00000  -0.56773   0.00000  -0.56773   0.24635  -0.57402   0.24635  -0.57402
  4.91228   0.00000  -0.56773   0.00000  -0.56773   0.13309  -0.56735   0.13309  -0.56735
  4.96241   0.00000  -0.56773   0.00000  -0.56773   0.06469  -0.56410   0.06469  -0.56410
  5.01253   0.00000  -0.56773   0.00000  -0.56773   0.02820  -0.56269   0.02820  -0.56269
  5.06266   0.00000  -0.56773   0.00000  -0.56773   0.01100  -0.56214   0.01100  -0.56214
  5.11278   0.00000  -0.56773   0.00000  -0.56773   0.00383  -0.56195   0.00383  -0.56195
  5.16291   0.00000  -0.56773   0.00000  -0.56773   0.00119  -0.56189   0.00119  -0.56189
  5.21303   0.00000  -0.56773   0.00000  -0.56773   0.00033  -0.56187   0.00033  -0.56187
  5.26316   0.00000  -0.56773   0.00000  -0.56773   0.00008  -0.56187   0.00008  -0.56187
  5.31328   0.00000  -0.56773   0.00000  -0.56773   0.00002  -0.56187   0.00002  -0.56187
  5.36341   0.00000  -0.56773   0.00000  -0.56773   0.00000  -0.56187   0.00000  -0.56187
  5.41353   0.00000  -0.56773   0.00000  -0.56773   0.00000  -0.56187   0.00000  -0.56187
  5.46366   0.00000  -0.56773   0.00000  -0.56773   0.00000  -0.56187   0.00000  -0.56187
  5.51378   0.00000  -0.56773   0.00000  -0.56773   0.00000  -0.56187   0.00000  -0.56187
  5.56391   0.00000  -0.56773   0.00000  -0.56773   0.00000  -0.56187   0.00000  -0.56187
  5.61404   0.00000  -0.56773   0.00000  -0.56773   0.00000  -0.56187   0.00000  -0.56187
  5.66416   0.00000  -0.56773   0.00000  -0.56773   0.00000  -0.56187   0.00000  -0.56187
  5.71429   0.00000  -0.56773   0.00000  -0.56773   0.00000  -0.56187   0.00000  -0.56187
  5.76441   0.00000  -0.56773   0.00000  -0.56773   0.00000  -0.56187   0.00000  -0.56187
  5.81454   0.00000  -0.56773   0.00000  -0.56773   0.00000  -0.56187   0.00000  -0.56187
  5.86466   0.00000  -0.56773   0.00000  -0.56773   0.00000  -0.56187   0.00000  -0.56187
  5.91479   0.00001  -0.56773   0.00001  -0.56773   0.00000  -0.56187   0.00000  -0.56187
  5.96491   0.00003  -0.56773   0.00003  -0.56773   0.00000  -0.56187   0.00000  -0.56187
  6.01504   0.00007  -0.56772   0.00007  -0.56772   0.00000  -0.56187   0.00000  -0.56187
  6.06516   0.00017  -0.56772   0.00017  -0.56772   0.00001  -0.56187   0.00001  -0.56187
  6.11529   0.00036  -0.56770   0.00036  -0.56770   0.00002  -0.56186   0.00002  -0.56186
  6.16541   0.00071  -0.56766   0.00071  -0.56766   0.00005  -0.56186   0.00005  -0.56186
  6.21554   0.00129  -0.56760   0.00129  -0.56760   0.00011  -0.56186   0.00011  -0.56186
  6.26566   0.00214  -0.56749   0.00214  -0.56749   0.00025  -0.56184   0.00025  -0.56184
  6.31579   0.00332  -0.56732   0.00332  -0.56732   0.00050  -0.56182   0.00050  -0.56182
  6.36591   0.00477  -0.56708   0.00477  -0.56708   0.00093  -0.56177   0.00093  -0.56177
  6.41604   0.00639  -0.56676   0.00639  -0.56676   0.00158  -0.56169   0.00158  -0.56169
  6.46617   0.00797  -0.56636   0.00797  -0.56636   0.00250  -0.56157   0.00250  -0.56157
  6.51629   0.00925  -0.56590   0.00925  -0.56590   0.00368  -0.56138   0.00368  -0.56138
  6.56642   0.01007  -0.56540   0.01007  -0.56540   0.00504  -0.56113   0.00504  -0.56113
  6.61654   0.01037  -0.56488   0.01037  -0.56488   0.00643  -0.56081   0.00643  -0.56081
  6.66667   0.01032  -0.56436   0.01032  -0.56436   0.00765  -0.56043   0.00765  -0.56043
  6.71679   0.01025  -0.56384   0.01025  -0.56384   0.00850  -0.56000   0.00850  -0.56000
  6.76692   0.01058  -0.56331   0.01058  -0.56331   0.00888  -0.55955   0.00888  -0.55955
  6.81704   0.01163  -0.56273   0.01163  -0.56273   0.00885  -0.55911   0.00885  -0.55911
  6.86717   0.01355  -0.56205   0.01355  -0.56205   0.00862  -0.55868   0.00862  -0.55868
  6.91729   0.01626  -0.56124   0.01626  -0.56124   0.00852  -0.55825   0.00852  -0.55825
  6.96742   0.01953  -0.56026   0.01953  -0.56026   0.00889  -0.55781   0.00889  -0.55781
  7.01754   0.02309  -0.55910   0.02309  -0.55910   0.00992  -0.55731   0.00992  -0.55731
  7.06767   0.02672  -0.55776   0.02672  -0.55776   0.01162  -0.55673   0.01162  -0.55673
  7.11779   0.03027  -0.55624   0.03027  -0.55624   0.01387  -0.55603   0.01387  -0.55603
  7.16792   0.03368  -0.55456   0.03368  -0.55456   0.01646  -0.55521   0.01646  -0.55521
  7.21805   0.03691  -0.55271   0.03691  -0.55271   0.01929  -0.55424   0.01929  -0.55424
  7.26817   0.04005  -0.55070   0.04005  -0.55070   0.02230  -0.55312   0.02230  -0.55312
  7.31830   0.04322  -0.54853   0.04322  -0.54853   0.02550  -0.55184   0.02550  -0.55184
  7.36842   0.04655  -0.54620   0.04655  -0.54620   0.02888  -0.55040   0.02888  -0.55040
  7.41855   0.05006  -0.54369   0.05006  -0.54369   0.03234  -0.54877   0.03234  -0.54877
  7.46867   0.05353  -0.54101   0.05353  -0.54101   0.03576  -0.54698   0.03576  -0.54698
  7.51880   0.05654  -0.53817   0.05654  -0.53817   0.03905  -0.54502   0.03905  -0.54502
  7.56892   0.05861  -0.53523   0.05861  -0.53523   0.04217  -0.54291   0.04217  -0.54291
  7.61905   0.05950  -0.53225   0.05950  -0.53225   0.04513  -0.54065   0.04513  -0.54065
  7.66917   0.05940  -0.52927   0.05940  -0.52927   0.04793  -0.53825   0.04793  -0.53825
  7.71930   0.05901  -0.52632   0.05901  -0.52632   0.05045  -0.53572   0.05045  -0.53572
  7.76942   0.05928  -0.52334   0.05928  -0.52334   0.05247  -0.53309   0.05247  -0.53309
  7.81955   0.06093  -0.52029   0.06093  -0.52029   0.05373  -0.53039   0.05373  -0.53039
  7.86967   0.06402  -0.51708   0.06402  -0.51708   0.05421  -0.52768   0.05421  -0.52768
  7.91980   0.06776  -0.51368   0.06776  -0.51368   0.05425  -0.52496   0.05425  -0.52496
  7.96992   0.07090  -0.51013   0.07090  -0.51013   0.05450  -0.52222   0.05450  -0.52222
  8.02005   0.07232  -0.50651   0.07232  -0.50651   0.05566  -0.51943   0.05566  -0.51943
  8.07018   0.07156  -0.50292   0.07156  -0.50292   0.05799  -0.51653   0.05799  -0.51653
  8.12030   0.06898  -0.49946   0.06898  -0.49946   0.06114  -0.51346   0.06114  -0.51346
  8.17043   0.06542  -0.49618   0.06542  -0.49618   0.06426  -0.51024   0.06426  -0.51024
  8.22055   0.06187  -0.49308   0.06187  -0.49308   0.06641  -0.50691   0.06641  -0.50691
  8.27068   0.05911  -0.49012   0.05911  -0.49012   0.06707  -0.50355   0.06707  -0.50355
  8.32080   0.05759  -0.48723   0.05759  -0.48723   0.06633  -0.50023   0.06633  -0.50023
  8.37093   0.05750  -0.48435   0.05750  -0.48435   0.06487  -0.49697   0.06487  -0.49697
  8.42105   0.05892  -0.48140   0.05892  -0.48140   0.06360  -0.49379   0.06360  -0.49379
  8.47118   0.06191  -0.47829   0.06191  -0.47829   0.06323  -0.49062   0.06323  -0.49062
  8.52130   0.06650  -0.47496   0.06650  -0.47496   0.06407  -0.48741   0.06407  -0.48741
  8.57143   0.07256  -0.47132   0.07256  -0.47132   0.06604  -0.48410   0.06604  -0.48410
  8.62155   0.07956  -0.46733   0.07956  -0.46733   0.06888  -0.48064   0.06888  -0.48064
  8.67168   0.08677  -0.46299   0.08677  -0.46299   0.07241  -0.47701   0.07241  -0.47701
  8.72180   0.09351  -0.45830   0.09351  -0.45830   0.07647  -0.47318   0.07647  -0.47318
  8.77193   0.09956  -0.45331   0.09956  -0.45331   0.08098  -0.46912   0.08098  -0.46912
  8.82206   0.10520  -0.44803   0.10520  -0.44803   0.08591  -0.46481   0.08591  -0.46481
  8.87218   0.11086  -0.44248   0.11086  -0.44248   0.09139  -0.46023   0.09139  -0.46023
  8.92231   0.11663  -0.43663   0.11663  -0.43663   0.09774  -0.45533   0.09774  -0.45533
  8.97243   0.12204  -0.43051   0.12204  -0.43051   0.10516  -0.45006   0.10516  -0.45006
  9.02256   0.12627  -0.42419   0.12627  -0.42419   0.11344  -0.44438   0.11344  -0.44438
  9.07268   0.12872  -0.41773   0.12872  -0.41773   0.12172  -0.43828   0.12172  -0.43828
  9.12281   0.12938  -0.41125   0.12938  -0.41125   0.12874  -0.43182   0.12874  -0.43182
  9.17293   0.12886  -0.40479   0.12886  -0.40479   0.13344  -0.42513   0.13344  -0.42513
  9.22306   0.12795  -0.39838   0.12795  -0.39838   0.13550  -0.41834   0.13550  -0.41834
  9.27318   0.12719  -0.39200   0.12719  -0.39200   0.13549  -0.41155   0.13549  -0.41155
  9.32331   0.12659  -0.38565   0.12659  -0.38565   0.13449  -0.40481   0.13449  -0.40481
  9.37343   0.12580  -0.37935   0.12580  -0.37935   0.13349  -0.39812   0.13349  -0.39812
  9.42356   0.12437  -0.37312   0.12437  -0.37312   0.13282  -0.39146   0.13282  -0.39146
  9.47368   0.12196  -0.36700   0.12196  -0.36700   0.13223  -0.38483   0.13223  -0.38483
  9.52381   0.11839  -0.36107   0.11839  -0.36107   0.13120  -0.37826   0.13120  -0.37826
  9.57393   0.11364  -0.35537   0.11364  -0.35537   0.12933  -0.37177   0.12933  -0.37177
  9.62406   0.10795  -0.34996   0.10795  -0.34996   0.12647  -0.36543   0.12647  -0.36543
  9.67419   0.10189  -0.34485   0.10189  -0.34485   0.12258  -0.35929   0.12258  -0.35929
  9.72431   0.09644  -0.34002   0.09644  -0.34002   0.11766  -0.35339   0.11766  -0.35339
  9.77444   0.09265  -0.33537   0.09265  -0.33537   0.11182  -0.34779   0.11182  -0.34779
  9.82456   0.09124  -0.33080   0.09124  -0.33080   0.10556  -0.34249   0.10556  -0.34249
  9.87469   0.09232  -0.32617   0.09232  -0.32617   0.09981  -0.33749   0.09981  -0.33749
  9.92481   0.09539  -0.32139   0.09539  -0.32139   0.09573  -0.33269   0.09573  -0.33269
  9.97494   0.09962  -0.31640   0.09962  -0.31640   0.09422  -0.32797   0.09422  -0.32797
 10.02506   0.10427  -0.31117   0.10427  -0.31117   0.09557  -0.32318   0.09557  -0.32318