ESCALE ; pCOHP file generated by LOBSTER. Energy is shifted such that the Fermi level lies at 0 eV.
         2          2        401  -6.04511e+00   1.40050e+01   3.97995e+00 
Average
No.1:Mn45->O76(1.9489152242242194)
-10.02506   0.00000  -0.66026   0.00000  -0.66026   0.00000  -0.65662   0.00000  -0.65662
 -9.97494   0.00000  -0.66026   0.00000  -0.66026   0.00000  -0.65662   0.00000  -0.65662
 -9.92481   0.00000  -0.66026   0.00000  -0.66026   0.00000  -0.65662   0.00000  -0.65662
 -9.87469   0.00000  -0.66026   0.00000  -0.66026   0.00000  -0.65662   0.00000  -0.65662
 -9.82456   0.00000  -0.66026   0.00000  -0.66026   0.00000  -0.65662   0.00000  -0.65662
 -9.77444   0.00000  -0.66026   0.00000  -0.66026   0.00000  -0.65662   0.00000  -0.65662
 -9.72431   0.00000  -0.66026   0.00000  -0.66026   0.00000  -0.65662   0.00000  -0.65662
 -9.67419   0.00000  -0.66026   0.00000  -0.66026   0.00000  -0.65662   0.00000  -0.65662
 -9.62406   0.00000  -0.66026   0.00000  -0.66026   0.00000  -0.65662   0.00000  -0.65662
 -9.57393   0.00000  -0.66026   0.00000  -0.66026   0.00000  -0.65662   0.00000  -0.65662
 -9.52381   0.00000  -0.66026   0.00000  -0.66026   0.00000  -0.65662   0.00000  -0.65662
 -9.47368   0.00000  -0.66026   0.00000  -0.66026   0.00000  -0.65662   0.00000  -0.65662
 -9.42356   0.00000  -0.66026   0.00000  -0.66026   0.00000  -0.65662   0.00000  -0.65662
 -9.37343   0.00000  -0.66026   0.00000  -0.66026   0.00000  -0.65662   0.00000  -0.65662
 -9.32331   0.00000  -0.66026   0.00000  -0.66026   0.00000  -0.65662   0.00000  -0.65662
 -9.27318   0.00000  -0.66026   0.00000  -0.66026   0.00000  -0.65662   0.00000  -0.65662
 -9.22306   0.00000  -0.66026   0.00000  -0.66026   0.00000  -0.65662   0.00000  -0.65662
 -9.17293   0.00000  -0.66026   0.00000  -0.66026   0.00000  -0.65662   0.00000  -0.65662
 -9.12281   0.00000  -0.66026   0.00000  -0.66026   0.00000  -0.65662   0.00000  -0.65662
 -9.07268   0.00000  -0.66026   0.00000  -0.66026   0.00000  -0.65662   0.00000  -0.65662
 -9.02256   0.00000  -0.66026   0.00000  -0.66026   0.00000  -0.65662   0.00000  -0.65662
 -8.97243   0.00000  -0.66026   0.00000  -0.66026   0.00000  -0.65662   0.00000  -0.65662
 -8.92231   0.00000  -0.66026   0.00000  -0.66026   0.00000  -0.65662   0.00000  -0.65662
 -8.87218   0.00000  -0.66026   0.00000  -0.66026   0.00000  -0.65662   0.00000  -0.65662
 -8.82206   0.00000  -0.66026   0.00000  -0.66026   0.00000  -0.65662   0.00000  -0.65662
 -8.77193   0.00000  -0.66026   0.00000  -0.66026   0.00000  -0.65662   0.00000  -0.65662
 -8.72180   0.00000  -0.66026   0.00000  -0.66026   0.00000  -0.65662   0.00000  -0.65662
 -8.67168   0.00000  -0.66026   0.00000  -0.66026   0.00000  -0.65662   0.00000  -0.65662
 -8.62155   0.00000  -0.66026   0.00000  -0.66026   0.00000  -0.65662   0.00000  -0.65662
 -8.57143   0.00000  -0.66026   0.00000  -0.66026   0.00000  -0.65662   0.00000  -0.65662
 -8.52130   0.00000  -0.66026   0.00000  -0.66026   0.00000  -0.65662   0.00000  -0.65662
 -8.47118   0.00000  -0.66026   0.00000  -0.66026   0.00000  -0.65662   0.00000  -0.65662
 -8.42105   0.00000  -0.66026   0.00000  -0.66026   0.00000  -0.65662   0.00000  -0.65662
 -8.37093   0.00000  -0.66026   0.00000  -0.66026   0.00000  -0.65662   0.00000  -0.65662
 -8.32080   0.00000  -0.66026   0.00000  -0.66026   0.00000  -0.65662   0.00000  -0.65662
 -8.27068   0.00000  -0.66026   0.00000  -0.66026   0.00000  -0.65662   0.00000  -0.65662
 -8.22055   0.00000  -0.66026   0.00000  -0.66026   0.00000  -0.65662   0.00000  -0.65662
 -8.17043   0.00000  -0.66026   0.00000  -0.66026   0.00000  -0.65662   0.00000  -0.65662
 -8.12030   0.00000  -0.66026   0.00000  -0.66026   0.00000  -0.65662   0.00000  -0.65662
 -8.07018   0.00000  -0.66026   0.00000  -0.66026   0.00000  -0.65662   0.00000  -0.65662
 -8.02005   0.00000  -0.66026   0.00000  -0.66026   0.00000  -0.65662   0.00000  -0.65662
 -7.96992   0.00000  -0.66026   0.00000  -0.66026   0.00000  -0.65662   0.00000  -0.65662
 -7.91980   0.00000  -0.66026   0.00000  -0.66026   0.00000  -0.65662   0.00000  -0.65662
 -7.86967   0.00001  -0.66026   0.00001  -0.66026   0.00000  -0.65662   0.00000  -0.65662
 -7.81955   0.00001  -0.66026   0.00001  -0.66026   0.00000  -0.65662   0.00000  -0.65662
 -7.76942   0.00002  -0.66026   0.00002  -0.66026   0.00000  -0.65662   0.00000  -0.65662
 -7.71930   0.00002  -0.66025   0.00002  -0.66025   0.00000  -0.65662   0.00000  -0.65662
 -7.66917   0.00002  -0.66025   0.00002  -0.66025   0.00000  -0.65662   0.00000  -0.65662
 -7.61905   0.00002  -0.66025   0.00002  -0.66025   0.00000  -0.65662   0.00000  -0.65662
 -7.56892   0.00002  -0.66025   0.00002  -0.66025  -0.00000  -0.65662  -0.00000  -0.65662
 -7.51880   0.00001  -0.66025   0.00001  -0.66025  -0.00000  -0.65662  -0.00000  -0.65662
 -7.46867   0.00001  -0.66025   0.00001  -0.66025  -0.00000  -0.65662  -0.00000  -0.65662
 -7.41855   0.00001  -0.66025   0.00001  -0.66025  -0.00000  -0.65662  -0.00000  -0.65662
 -7.36842   0.00000  -0.66025   0.00000  -0.66025  -0.00000  -0.65662  -0.00000  -0.65662
 -7.31830   0.00000  -0.66025   0.00000  -0.66025  -0.00000  -0.65662  -0.00000  -0.65662
 -7.26817   0.00000  -0.66025   0.00000  -0.66025  -0.00000  -0.65662  -0.00000  -0.65662
 -7.21805  -0.00000  -0.66025  -0.00000  -0.66025  -0.00000  -0.65662  -0.00000  -0.65662
 -7.16792  -0.00001  -0.66025  -0.00001  -0.66025  -0.00000  -0.65662  -0.00000  -0.65662
 -7.11779  -0.00006  -0.66025  -0.00006  -0.66025  -0.00000  -0.65662  -0.00000  -0.65662
 -7.06767  -0.00017  -0.66026  -0.00017  -0.66026  -0.00000  -0.65662  -0.00000  -0.65662
 -7.01754  -0.00042  -0.66028  -0.00042  -0.66028  -0.00000  -0.65662  -0.00000  -0.65662
 -6.96742  -0.00095  -0.66033  -0.00095  -0.66033  -0.00000  -0.65662  -0.00000  -0.65662
 -6.91729  -0.00198  -0.66043  -0.00198  -0.66043  -0.00000  -0.65662  -0.00000  -0.65662
 -6.86717  -0.00384  -0.66062  -0.00384  -0.66062  -0.00000  -0.65662  -0.00000  -0.65662
 -6.81704  -0.00700  -0.66097  -0.00700  -0.66097  -0.00000  -0.65662  -0.00000  -0.65662
 -6.76692  -0.01208  -0.66158  -0.01208  -0.66158  -0.00001  -0.65662  -0.00001  -0.65662
 -6.71679  -0.01995  -0.66258  -0.01995  -0.66258  -0.00001  -0.65662  -0.00001  -0.65662
 -6.66667  -0.03171  -0.66417  -0.03171  -0.66417  -0.00003  -0.65662  -0.00003  -0.65662
 -6.61654  -0.04866  -0.66661  -0.04866  -0.66661  -0.00005  -0.65662  -0.00005  -0.65662
 -6.56642  -0.07205  -0.67022  -0.07205  -0.67022  -0.00009  -0.65663  -0.00009  -0.65663
 -6.51629  -0.10251  -0.67536  -0.10251  -0.67536  -0.00013  -0.65664  -0.00013  -0.65664
 -6.46617  -0.13945  -0.68235  -0.13945  -0.68235  -0.00019  -0.65664  -0.00019  -0.65664
 -6.41604  -0.18083  -0.69141  -0.18083  -0.69141  -0.00025  -0.65666  -0.00025  -0.65666
 -6.36591  -0.22352  -0.70262  -0.22352  -0.70262  -0.00031  -0.65667  -0.00031  -0.65667
 -6.31579  -0.26419  -0.71586  -0.26419  -0.71586  -0.00038  -0.65669  -0.00038  -0.65669
 -6.26566  -0.30001  -0.73090  -0.30001  -0.73090  -0.00045  -0.65671  -0.00045  -0.65671
 -6.21554  -0.32880  -0.74738  -0.32880  -0.74738  -0.00054  -0.65674  -0.00054  -0.65674
 -6.16541  -0.34874  -0.76486  -0.34874  -0.76486  -0.00064  -0.65677  -0.00064  -0.65677
 -6.11529  -0.35838  -0.78282  -0.35838  -0.78282  -0.00074  -0.65681  -0.00074  -0.65681
 -6.06516  -0.35718  -0.80073  -0.35718  -0.80073  -0.00083  -0.65685  -0.00083  -0.65685
 -6.01504  -0.34611  -0.81807  -0.34611  -0.81807  -0.00090  -0.65690  -0.00090  -0.65690
 -5.96491  -0.32776  -0.83450  -0.32776  -0.83450  -0.00094  -0.65694  -0.00094  -0.65694
 -5.91479  -0.30587  -0.84984  -0.30587  -0.84984  -0.00096  -0.65699  -0.00096  -0.65699
 -5.86466  -0.28468  -0.86411  -0.28468  -0.86411  -0.00099  -0.65704  -0.00099  -0.65704
 -5.81454  -0.26851  -0.87756  -0.26851  -0.87756  -0.00105  -0.65709  -0.00105  -0.65709
 -5.76441  -0.26117  -0.89066  -0.26117  -0.89066  -0.00115  -0.65715  -0.00115  -0.65715
 -5.71429  -0.26499  -0.90394  -0.26499  -0.90394  -0.00129  -0.65722  -0.00129  -0.65722
 -5.66416  -0.27965  -0.91796  -0.27965  -0.91796  -0.00144  -0.65729  -0.00144  -0.65729
 -5.61404  -0.30181  -0.93308  -0.30181  -0.93308  -0.00158  -0.65737  -0.00158  -0.65737
 -5.56391  -0.32590  -0.94942  -0.32590  -0.94942  -0.00168  -0.65745  -0.00168  -0.65745
 -5.51378  -0.34608  -0.96677  -0.34608  -0.96677  -0.00176  -0.65754  -0.00176  -0.65754
 -5.46366  -0.35809  -0.98472  -0.35809  -0.98472  -0.00185  -0.65763  -0.00185  -0.65763
 -5.41353  -0.36013  -1.00277  -0.36013  -1.00277  -0.00203  -0.65773  -0.00203  -0.65773
 -5.36341  -0.35264  -1.02044  -0.35264  -1.02044  -0.00250  -0.65786  -0.00250  -0.65786
 -5.31328  -0.33760  -1.03737  -0.33760  -1.03737  -0.00366  -0.65804  -0.00366  -0.65804
 -5.26316  -0.31797  -1.05330  -0.31797  -1.05330  -0.00624  -0.65836  -0.00624  -0.65836
 -5.21303  -0.29762  -1.06822  -0.29762  -1.06822  -0.01150  -0.65893  -0.01150  -0.65893
 -5.16291  -0.28122  -1.08232  -0.28122  -1.08232  -0.02130  -0.66000  -0.02130  -0.66000
 -5.11278  -0.27347  -1.09603  -0.27347  -1.09603  -0.03787  -0.66190  -0.03787  -0.66190
 -5.06266  -0.27770  -1.10995  -0.27770  -1.10995  -0.06329  -0.66507  -0.06329  -0.66507
 -5.01253  -0.29414  -1.12469  -0.29414  -1.12469  -0.09851  -0.67001  -0.09851  -0.67001
 -4.96241  -0.31916  -1.14069  -0.31916  -1.14069  -0.14249  -0.67715  -0.14249  -0.67715
 -4.91228  -0.34627  -1.15805  -0.34627  -1.15805  -0.19168  -0.68676  -0.19168  -0.68676
 -4.86216  -0.36875  -1.17653  -0.36875  -1.17653  -0.24041  -0.69881  -0.24041  -0.69881
 -4.81203  -0.38244  -1.19570  -0.38244  -1.19570  -0.28212  -0.71295  -0.28212  -0.71295
 -4.76190  -0.38695  -1.21510  -0.38695  -1.21510  -0.31131  -0.72856  -0.31131  -0.72856
 -4.71178  -0.38452  -1.23437  -0.38452  -1.23437  -0.32535  -0.74486  -0.32535  -0.74486
 -4.66165  -0.37735  -1.25328  -0.37735  -1.25328  -0.32555  -0.76118  -0.32555  -0.76118
 -4.61153  -0.36569  -1.27162  -0.36569  -1.27162  -0.31671  -0.77706  -0.31671  -0.77706
 -4.56140  -0.34774  -1.28905  -0.34774  -1.28905  -0.30520  -0.79236  -0.30520  -0.79236
 -4.51128  -0.32161  -1.30517  -0.32161  -1.30517  -0.29645  -0.80722  -0.29645  -0.80722
 -4.46115  -0.28761  -1.31958  -0.28761  -1.31958  -0.29305  -0.82190  -0.29305  -0.82190
 -4.41103  -0.24900  -1.33206  -0.24900  -1.33206  -0.29434  -0.83666  -0.29434  -0.83666
 -4.36090  -0.21092  -1.34264  -0.21092  -1.34264  -0.29759  -0.85158  -0.29759  -0.85158
 -4.31078  -0.17817  -1.35157  -0.17817  -1.35157  -0.29969  -0.86660  -0.29969  -0.86660
 -4.26065  -0.15345  -1.35926  -0.15345  -1.35926  -0.29863  -0.88157  -0.29863  -0.88157
 -4.21053  -0.13697  -1.36612  -0.13697  -1.36612  -0.29408  -0.89631  -0.29408  -0.89631
 -4.16040  -0.12725  -1.37250  -0.12725  -1.37250  -0.28730  -0.91071  -0.28730  -0.91071
 -4.11028  -0.12239  -1.37864  -0.12239  -1.37864  -0.28070  -0.92478  -0.28070  -0.92478
 -4.06015  -0.12091  -1.38470  -0.12091  -1.38470  -0.27725  -0.93868  -0.27725  -0.93868
 -4.01003  -0.12177  -1.39080  -0.12177  -1.39080  -0.27967  -0.95269  -0.27967  -0.95269
 -3.95990  -0.12391  -1.39701  -0.12391  -1.39701  -0.28972  -0.96722  -0.28972  -0.96722
 -3.90977  -0.12587  -1.40332  -0.12587  -1.40332  -0.30753  -0.98263  -0.30753  -0.98263
 -3.85965  -0.12602  -1.40964  -0.12602  -1.40964  -0.33153  -0.99925  -0.33153  -0.99925
 -3.80952  -0.12320  -1.41581  -0.12320  -1.41581  -0.35899  -1.01724  -0.35899  -1.01724
 -3.75940  -0.11725  -1.42169  -0.11725  -1.42169  -0.38690  -1.03664  -0.38690  -1.03664
 -3.70927  -0.10902  -1.42715  -0.10902  -1.42715  -0.41258  -1.05732  -0.41258  -1.05732
 -3.65915  -0.09978  -1.43216  -0.09978  -1.43216  -0.43352  -1.07905  -0.43352  -1.07905
 -3.60902  -0.09052  -1.43669  -0.09052  -1.43669  -0.44691  -1.10145  -0.44691  -1.10145
 -3.55890  -0.08149  -1.44078  -0.08149  -1.44078  -0.44958  -1.12399  -0.44958  -1.12399
 -3.50877  -0.07228  -1.44440  -0.07228  -1.44440  -0.43891  -1.14599  -0.43891  -1.14599
 -3.45865  -0.06222  -1.44752  -0.06222  -1.44752  -0.41430  -1.16675  -0.41430  -1.16675
 -3.40852  -0.05082  -1.45007  -0.05082  -1.45007  -0.37791  -1.18570  -0.37791  -1.18570
 -3.35840  -0.03818  -1.45198  -0.03818  -1.45198  -0.33414  -1.20245  -0.33414  -1.20245
 -3.30827  -0.02498  -1.45323  -0.02498  -1.45323  -0.28821  -1.21689  -0.28821  -1.21689
 -3.25815  -0.01229  -1.45385  -0.01229  -1.45385  -0.24485  -1.22917  -0.24485  -1.22917
 -3.20802  -0.00112  -1.45391  -0.00112  -1.45391  -0.20755  -1.23957  -0.20755  -1.23957
 -3.15789   0.00796  -1.45351   0.00796  -1.45351  -0.17847  -1.24851  -0.17847  -1.24851
 -3.10777   0.01494  -1.45276   0.01494  -1.45276  -0.15841  -1.25646  -0.15841  -1.25646
 -3.05764   0.02021  -1.45175   0.02021  -1.45175  -0.14669  -1.26381  -0.14669  -1.26381
 -3.00752   0.02420  -1.45053   0.02420  -1.45053  -0.14129  -1.27089  -0.14129  -1.27089
 -2.95739   0.02719  -1.44917   0.02719  -1.44917  -0.13938  -1.27788  -0.13938  -1.27788
 -2.90727   0.02931  -1.44770   0.02931  -1.44770  -0.13820  -1.28480  -0.13820  -1.28480
 -2.85714   0.03078  -1.44616   0.03078  -1.44616  -0.13588  -1.29162  -0.13588  -1.29162
 -2.80702   0.03213  -1.44455   0.03213  -1.44455  -0.13183  -1.29822  -0.13183  -1.29822
 -2.75689   0.03418  -1.44283   0.03418  -1.44283  -0.12646  -1.30456  -0.12646  -1.30456
 -2.70677   0.03780  -1.44094   0.03780  -1.44094  -0.12065  -1.31061  -0.12065  -1.31061
 -2.65664   0.04355  -1.43876   0.04355  -1.43876  -0.11517  -1.31638  -0.11517  -1.31638
 -2.60652   0.05144  -1.43618   0.05144  -1.43618  -0.11046  -1.32192  -0.11046  -1.32192
 -2.55639   0.06085  -1.43313   0.06085  -1.43313  -0.10657  -1.32726  -0.10657  -1.32726
 -2.50627   0.07081  -1.42958   0.07081  -1.42958  -0.10327  -1.33244  -0.10327  -1.33244
 -2.45614   0.08029  -1.42555   0.08029  -1.42555  -0.10012  -1.33746  -0.10012  -1.33746
 -2.40602   0.08853  -1.42112   0.08853  -1.42112  -0.09670  -1.34230  -0.09670  -1.34230
 -2.35589   0.09520  -1.41634   0.09520  -1.41634  -0.09272  -1.34695  -0.09272  -1.34695
 -2.30576   0.10032  -1.41131   0.10032  -1.41131  -0.08819  -1.35137  -0.08819  -1.35137
 -2.25564   0.10423  -1.40609   0.10423  -1.40609  -0.08337  -1.35555  -0.08337  -1.35555
 -2.20551   0.10735  -1.40071   0.10735  -1.40071  -0.07857  -1.35949  -0.07857  -1.35949
 -2.15539   0.11011  -1.39519   0.11011  -1.39519  -0.07397  -1.36320  -0.07397  -1.36320
 -2.10526   0.11292  -1.38953   0.11292  -1.38953  -0.06957  -1.36668  -0.06957  -1.36668
 -2.05514   0.11620  -1.38371   0.11620  -1.38371  -0.06528  -1.36996  -0.06528  -1.36996
 -2.00501   0.12050  -1.37767   0.12050  -1.37767  -0.06102  -1.37301  -0.06102  -1.37301
 -1.95489   0.12654  -1.37132   0.12654  -1.37132  -0.05675  -1.37586  -0.05675  -1.37586
 -1.90476   0.13501  -1.36456   0.13501  -1.36456  -0.05242  -1.37849  -0.05242  -1.37849
 -1.85464   0.14627  -1.35722   0.14627  -1.35722  -0.04792  -1.38089  -0.04792  -1.38089
 -1.80451   0.16006  -1.34920   0.16006  -1.34920  -0.04324  -1.38306  -0.04324  -1.38306
 -1.75439   0.17544  -1.34041   0.17544  -1.34041  -0.03855  -1.38499  -0.03855  -1.38499
 -1.70426   0.19088  -1.33084   0.19088  -1.33084  -0.03423  -1.38670  -0.03423  -1.38670
 -1.65414   0.20445  -1.32059   0.20445  -1.32059  -0.03084  -1.38825  -0.03084  -1.38825
 -1.60401   0.21414  -1.30986   0.21414  -1.30986  -0.02887  -1.38970  -0.02887  -1.38970
 -1.55388   0.21823  -1.29892   0.21823  -1.29892  -0.02851  -1.39113  -0.02851  -1.39113
 -1.50376   0.21584  -1.28810   0.21584  -1.28810  -0.02959  -1.39261  -0.02959  -1.39261
 -1.45363   0.20727  -1.27771   0.20727  -1.27771  -0.03152  -1.39419  -0.03152  -1.39419
 -1.40351   0.19411  -1.26798   0.19411  -1.26798  -0.03353  -1.39587  -0.03353  -1.39587
 -1.35338   0.17894  -1.25901   0.17894  -1.25901  -0.03482  -1.39762  -0.03482  -1.39762
 -1.30326   0.16472  -1.25075   0.16472  -1.25075  -0.03482  -1.39936  -0.03482  -1.39936
 -1.25313   0.15411  -1.24303   0.15411  -1.24303  -0.03319  -1.40102  -0.03319  -1.40102
 -1.20301   0.14885  -1.23557   0.14885  -1.23557  -0.02980  -1.40252  -0.02980  -1.40252
 -1.15288   0.14931  -1.22808   0.14931  -1.22808  -0.02468  -1.40376  -0.02468  -1.40376
 -1.10276   0.15445  -1.22034   0.15445  -1.22034  -0.01802  -1.40466  -0.01802  -1.40466
 -1.05263   0.16230  -1.21220   0.16230  -1.21220  -0.01032  -1.40518  -0.01032  -1.40518
 -1.00251   0.17070  -1.20365   0.17070  -1.20365  -0.00240  -1.40530  -0.00240  -1.40530
 -0.95238   0.17793  -1.19473   0.17793  -1.19473   0.00471  -1.40506   0.00471  -1.40506
 -0.90226   0.18289  -1.18556   0.18289  -1.18556   0.01007  -1.40455   0.01007  -1.40455
 -0.85213   0.18472  -1.17630   0.18472  -1.17630   0.01311  -1.40390   0.01311  -1.40390
 -0.80201   0.18241  -1.16716   0.18241  -1.16716   0.01380  -1.40321   0.01380  -1.40321
 -0.75188   0.17486  -1.15840   0.17486  -1.15840   0.01262  -1.40257   0.01262  -1.40257
 -0.70175   0.16124  -1.15031   0.16124  -1.15031   0.01031  -1.40206   0.01031  -1.40206
 -0.65163   0.14174  -1.14321   0.14174  -1.14321   0.00761  -1.40167   0.00761  -1.40167
 -0.60150   0.11785  -1.13730   0.11785  -1.13730   0.00511  -1.40142   0.00511  -1.40142
 -0.55138   0.09218  -1.13268   0.09218  -1.13268   0.00313  -1.40126   0.00313  -1.40126
 -0.50125   0.06768  -1.12929   0.06768  -1.12929   0.00174  -1.40117   0.00174  -1.40117
 -0.45113   0.04676  -1.12694   0.04676  -1.12694   0.00088  -1.40113   0.00088  -1.40113
 -0.40100   0.03067  -1.12541   0.03067  -1.12541   0.00041  -1.40111   0.00041  -1.40111
 -0.35088   0.01947  -1.12443   0.01947  -1.12443   0.00017  -1.40110   0.00017  -1.40110
 -0.30075   0.01233  -1.12381   0.01233  -1.12381   0.00006  -1.40110   0.00006  -1.40110
 -0.25063   0.00809  -1.12341   0.00809  -1.12341   0.00002  -1.40110   0.00002  -1.40110
 -0.20050   0.00565  -1.12312   0.00565  -1.12312   0.00001  -1.40110   0.00001  -1.40110
 -0.15038   0.00416  -1.12291   0.00416  -1.12291   0.00000  -1.40110   0.00000  -1.40110
 -0.10025   0.00313  -1.12276   0.00313  -1.12276   0.00000  -1.40110   0.00000  -1.40110
 -0.05013   0.00232  -1.12264   0.00232  -1.12264   0.00000  -1.40110   0.00000  -1.40110
  0.00000   0.00164  -1.12256   0.00164  -1.12256   0.00000  -1.40110   0.00000  -1.40110
  0.05013   0.00110  -1.12250   0.00110  -1.12250   0.00000  -1.40110   0.00000  -1.40110
  0.10025   0.00070  -1.12247   0.00070  -1.12247   0.00000  -1.40110   0.00000  -1.40110
  0.15038   0.00042  -1.12245   0.00042  -1.12245   0.00000  -1.40110   0.00000  -1.40110
  0.20050   0.00024  -1.12244   0.00024  -1.12244   0.00000  -1.40110   0.00000  -1.40110
  0.25063   0.00013  -1.12243   0.00013  -1.12243   0.00000  -1.40110   0.00000  -1.40110
  0.30075   0.00007  -1.12243   0.00007  -1.12243   0.00000  -1.40110   0.00000  -1.40110
  0.35088   0.00006  -1.12242   0.00006  -1.12242   0.00000  -1.40110   0.00000  -1.40110
  0.40100   0.00007  -1.12242   0.00007  -1.12242  -0.00000  -1.40110  -0.00000  -1.40110
  0.45113   0.00012  -1.12241   0.00012  -1.12241  -0.00000  -1.40110  -0.00000  -1.40110
  0.50125   0.00021  -1.12240   0.00021  -1.12240  -0.00000  -1.40110  -0.00000  -1.40110
  0.55138   0.00035  -1.12239   0.00035  -1.12239  -0.00000  -1.40110  -0.00000  -1.40110
  0.60150   0.00054  -1.12236   0.00054  -1.12236  -0.00000  -1.40110  -0.00000  -1.40110
  0.65163   0.00080  -1.12232   0.00080  -1.12232  -0.00000  -1.40110  -0.00000  -1.40110
  0.70175   0.00117  -1.12226   0.00117  -1.12226  -0.00000  -1.40110  -0.00000  -1.40110
  0.75188   0.00178  -1.12217   0.00178  -1.12217  -0.00000  -1.40110  -0.00000  -1.40110
  0.80201   0.00282  -1.12203   0.00282  -1.12203  -0.00000  -1.40110  -0.00000  -1.40110
  0.85213   0.00448  -1.12180   0.00448  -1.12180  -0.00000  -1.40110  -0.00000  -1.40110
  0.90226   0.00686  -1.12146   0.00686  -1.12146  -0.00001  -1.40110  -0.00001  -1.40110
  0.95238   0.00983  -1.12097   0.00983  -1.12097  -0.00003  -1.40110  -0.00003  -1.40110
  1.00251   0.01303  -1.12031   0.01303  -1.12031  -0.00006  -1.40110  -0.00006  -1.40110
  1.05263   0.01602  -1.11951   0.01602  -1.11951  -0.00012  -1.40111  -0.00012  -1.40111
  1.10276   0.01861  -1.11858   0.01861  -1.11858  -0.00021  -1.40112  -0.00021  -1.40112
  1.15288   0.02133  -1.11751   0.02133  -1.11751  -0.00032  -1.40113  -0.00032  -1.40113
  1.20301   0.02585  -1.11621   0.02585  -1.11621  -0.00044  -1.40116  -0.00044  -1.40116
  1.25313   0.03533  -1.11444   0.03533  -1.11444  -0.00054  -1.40118  -0.00054  -1.40118
  1.30326   0.05450  -1.11171   0.05450  -1.11171  -0.00059  -1.40121  -0.00059  -1.40121
  1.35338   0.08905  -1.10725   0.08905  -1.10725  -0.00056  -1.40124  -0.00056  -1.40124
  1.40351   0.14394  -1.10003   0.14394  -1.10003  -0.00046  -1.40126  -0.00046  -1.40126
  1.45363   0.22081  -1.08896   0.22081  -1.08896  -0.00033  -1.40128  -0.00033  -1.40128
  1.50376   0.31561  -1.07314   0.31561  -1.07314  -0.00019  -1.40129  -0.00019  -1.40129
  1.55388   0.41833  -1.05217   0.41833  -1.05217  -0.00008  -1.40129  -0.00008  -1.40129
  1.60401   0.51569  -1.02632   0.51569  -1.02632   0.00000  -1.40129   0.00000  -1.40129
  1.65414   0.59579  -0.99646   0.59579  -0.99646   0.00005  -1.40129   0.00005  -1.40129
  1.70426   0.65197  -0.96378   0.65197  -0.96378   0.00009  -1.40129   0.00009  -1.40129
  1.75439   0.68394  -0.92950   0.68394  -0.92950   0.00011  -1.40128   0.00011  -1.40128
  1.80451   0.69597  -0.89461   0.69597  -0.89461   0.00012  -1.40128   0.00012  -1.40128
  1.85464   0.69401  -0.85982   0.69401  -0.85982   0.00013  -1.40127   0.00013  -1.40127
  1.90476   0.68337  -0.82557   0.68337  -0.82557   0.00013  -1.40126   0.00013  -1.40126
  1.95489   0.66763  -0.79211   0.66763  -0.79211   0.00014  -1.40125   0.00014  -1.40125
  2.00501   0.64869  -0.75959   0.64869  -0.75959   0.00017  -1.40125   0.00017  -1.40125
  2.05514   0.62722  -0.72815   0.62722  -0.72815   0.00025  -1.40123   0.00025  -1.40123
  2.10526   0.60304  -0.69792   0.60304  -0.69792   0.00039  -1.40121   0.00039  -1.40121
  2.15539   0.57510  -0.66910   0.57510  -0.66910   0.00060  -1.40118   0.00060  -1.40118
  2.20551   0.54115  -0.64197   0.54115  -0.64197   0.00087  -1.40114   0.00087  -1.40114
  2.25564   0.49806  -0.61700   0.49806  -0.61700   0.00118  -1.40108   0.00118  -1.40108
  2.30576   0.44327  -0.59479   0.44327  -0.59479   0.00150  -1.40100   0.00150  -1.40100
  2.35589   0.37679  -0.57590   0.37679  -0.57590   0.00182  -1.40091   0.00182  -1.40091
  2.40602   0.30247  -0.56074   0.30247  -0.56074   0.00210  -1.40081   0.00210  -1.40081
  2.45614   0.22723  -0.54935   0.22723  -0.54935   0.00233  -1.40069   0.00233  -1.40069
  2.50627   0.15867  -0.54139   0.15867  -0.54139   0.00243  -1.40057   0.00243  -1.40057
  2.55639   0.10250  -0.53626   0.10250  -0.53626   0.00238  -1.40045   0.00238  -1.40045
  2.60652   0.06103  -0.53320   0.06103  -0.53320   0.00223  -1.40034   0.00223  -1.40034
  2.65664   0.03340  -0.53152   0.03340  -0.53152   0.00222  -1.40023   0.00222  -1.40023
  2.70677   0.01675  -0.53068   0.01675  -0.53068   0.00290  -1.40008   0.00290  -1.40008
  2.75689   0.00768  -0.53030   0.00768  -0.53030   0.00533  -1.39982   0.00533  -1.39982
  2.80702   0.00321  -0.53014   0.00321  -0.53014   0.01126  -1.39925   0.01126  -1.39925
  2.85714   0.00122  -0.53008   0.00122  -0.53008   0.02322  -1.39809   0.02322  -1.39809
  2.90727   0.00042  -0.53006   0.00042  -0.53006   0.04402  -1.39588   0.04402  -1.39588
  2.95739   0.00013  -0.53005   0.00013  -0.53005   0.07568  -1.39209   0.07568  -1.39209
  3.00752   0.00004  -0.53005   0.00004  -0.53005   0.11791  -1.38618   0.11791  -1.38618
  3.05764   0.00001  -0.53005   0.00001  -0.53005   0.16714  -1.37780   0.16714  -1.37780
  3.10777   0.00000  -0.53005   0.00000  -0.53005   0.21723  -1.36691   0.21723  -1.36691
  3.15789   0.00000  -0.53005   0.00000  -0.53005   0.26175  -1.35379   0.26175  -1.35379
  3.20802   0.00000  -0.53005   0.00000  -0.53005   0.29680  -1.33891   0.29680  -1.33891
  3.25815   0.00000  -0.53005   0.00000  -0.53005   0.32246  -1.32275   0.32246  -1.32275
  3.30827   0.00000  -0.53005   0.00000  -0.53005   0.34169  -1.30562   0.34169  -1.30562
  3.35840   0.00000  -0.53005   0.00000  -0.53005   0.35755  -1.28770   0.35755  -1.28770
  3.40852   0.00000  -0.53005   0.00000  -0.53005   0.37089  -1.26911   0.37089  -1.26911
  3.45865   0.00000  -0.53005   0.00000  -0.53005   0.38008  -1.25006   0.38008  -1.25006
  3.50877   0.00000  -0.53005   0.00000  -0.53005   0.38277  -1.23087   0.38277  -1.23087
  3.55890   0.00000  -0.53005   0.00000  -0.53005   0.37803  -1.21192   0.37803  -1.21192
  3.60902   0.00000  -0.53005   0.00000  -0.53005   0.36699  -1.19353   0.36699  -1.19353
  3.65915   0.00000  -0.53005   0.00000  -0.53005   0.35163  -1.17590   0.35163  -1.17590
  3.70927   0.00000  -0.53005   0.00000  -0.53005   0.33328  -1.15919   0.33328  -1.15919
  3.75940   0.00000  -0.53005   0.00000  -0.53005   0.31280  -1.14351   0.31280  -1.14351
  3.80952   0.00000  -0.53005   0.00000  -0.53005   0.29292  -1.12883   0.29292  -1.12883
  3.85965   0.00000  -0.53005   0.00000  -0.53005   0.28071  -1.11476   0.28071  -1.11476
  3.90977   0.00000  -0.53005   0.00000  -0.53005   0.28767  -1.10034   0.28767  -1.10034
  3.95990   0.00000  -0.53005   0.00000  -0.53005   0.32632  -1.08398   0.32632  -1.08398
  4.01003   0.00000  -0.53005   0.00000  -0.53005   0.40482  -1.06369   0.40482  -1.06369
  4.06015   0.00000  -0.53005   0.00000  -0.53005   0.52239  -1.03751   0.52239  -1.03751
  4.11028   0.00000  -0.53005   0.00000  -0.53005   0.66778  -1.00404   0.66778  -1.00404
  4.16040   0.00000  -0.53005   0.00000  -0.53005   0.82159  -0.96285   0.82159  -0.96285
  4.21053   0.00000  -0.53005   0.00000  -0.53005   0.96127  -0.91467   0.96127  -0.91467
  4.26065   0.00000  -0.53005   0.00000  -0.53005   1.06653  -0.86121   1.06653  -0.86121
  4.31078   0.00000  -0.53005   0.00000  -0.53005   1.12280  -0.80493   1.12280  -0.80493
  4.36090   0.00000  -0.53005   0.00000  -0.53005   1.12219  -0.74868   1.12219  -0.74868
  4.41103   0.00000  -0.53005   0.00000  -0.53005   1.06323  -0.69538   1.06323  -0.69538
  4.46115   0.00000  -0.53005   0.00000  -0.53005   0.95123  -0.64770   0.95123  -0.64770
  4.51128   0.00000  -0.53005   0.00000  -0.53005   0.79911  -0.60765   0.79911  -0.60765
  4.56140   0.00000  -0.53005   0.00000  -0.53005   0.62658  -0.57624   0.62658  -0.57624
  4.61153   0.00000  -0.53005   0.00000  -0.53005   0.45612  -0.55338   0.45612  -0.55338
  4.66165   0.00000  -0.53005   0.00000  -0.53005   0.30703  -0.53799   0.30703  -0.53799
  4.71178   0.00000  -0.53005   0.00000  -0.53005   0.19062  -0.52843   0.19062  -0.52843
  4.76190   0.00000  -0.53005   0.00000  -0.53005   0.10901  -0.52297   0.10901  -0.52297
  4.81203   0.00000  -0.53005   0.00000  -0.53005   0.05738  -0.52009   0.05738  -0.52009
  4.86216   0.00000  -0.53005   0.00000  -0.53005   0.02778  -0.51870   0.02778  -0.51870
  4.91228   0.00000  -0.53005   0.00000  -0.53005   0.01237  -0.51808   0.01237  -0.51808
  4.96241   0.00000  -0.53005   0.00000  -0.53005   0.00506  -0.51783   0.00506  -0.51783
  5.01253   0.00000  -0.53005   0.00000  -0.53005   0.00189  -0.51773   0.00189  -0.51773
  5.06266   0.00000  -0.53005   0.00000  -0.53005   0.00065  -0.51770   0.00065  -0.51770
  5.11278   0.00000  -0.53005   0.00000  -0.53005   0.00020  -0.51769   0.00020  -0.51769
  5.16291   0.00000  -0.53005   0.00000  -0.53005   0.00006  -0.51769   0.00006  -0.51769
  5.21303   0.00000  -0.53005   0.00000  -0.53005   0.00001  -0.51768   0.00001  -0.51768
  5.26316   0.00000  -0.53005   0.00000  -0.53005   0.00000  -0.51768   0.00000  -0.51768
  5.31328   0.00000  -0.53005   0.00000  -0.53005   0.00000  -0.51768   0.00000  -0.51768
  5.36341   0.00000  -0.53005   0.00000  -0.53005   0.00000  -0.51768   0.00000  -0.51768
  5.41353   0.00000  -0.53005   0.00000  -0.53005   0.00000  -0.51768   0.00000  -0.51768
  5.46366   0.00000  -0.53005   0.00000  -0.53005   0.00000  -0.51768   0.00000  -0.51768
  5.51378   0.00000  -0.53005   0.00000  -0.53005   0.00000  -0.51768   0.00000  -0.51768
  5.56391   0.00000  -0.53005   0.00000  -0.53005   0.00000  -0.51768   0.00000  -0.51768
  5.61404   0.00000  -0.53005   0.00000  -0.53005   0.00000  -0.51768   0.00000  -0.51768
  5.66416   0.00000  -0.53005   0.00000  -0.53005   0.00000  -0.51768   0.00000  -0.51768
  5.71429   0.00000  -0.53005   0.00000  -0.53005   0.00000  -0.51768   0.00000  -0.51768
  5.76441   0.00000  -0.53005   0.00000  -0.53005   0.00000  -0.51768   0.00000  -0.51768
  5.81454   0.00000  -0.53005   0.00000  -0.53005   0.00000  -0.51768   0.00000  -0.51768
  5.86466   0.00000  -0.53005   0.00000  -0.53005   0.00000  -0.51768   0.00000  -0.51768
  5.91479   0.00000  -0.53005   0.00000  -0.53005   0.00000  -0.51768   0.00000  -0.51768
  5.96491   0.00000  -0.53005   0.00000  -0.53005   0.00000  -0.51768   0.00000  -0.51768
  6.01504   0.00001  -0.53005   0.00001  -0.53005   0.00000  -0.51768   0.00000  -0.51768
  6.06516   0.00002  -0.53004   0.00002  -0.53004   0.00000  -0.51768   0.00000  -0.51768
  6.11529   0.00004  -0.53004   0.00004  -0.53004   0.00000  -0.51768   0.00000  -0.51768
  6.16541   0.00009  -0.53004   0.00009  -0.53004   0.00001  -0.51768   0.00001  -0.51768
  6.21554   0.00016  -0.53003   0.00016  -0.53003   0.00001  -0.51768   0.00001  -0.51768
  6.26566   0.00028  -0.53002   0.00028  -0.53002   0.00003  -0.51768   0.00003  -0.51768
  6.31579   0.00044  -0.52999   0.00044  -0.52999   0.00007  -0.51768   0.00007  -0.51768
  6.36591   0.00066  -0.52996   0.00066  -0.52996   0.00013  -0.51767   0.00013  -0.51767
  6.41604   0.00091  -0.52991   0.00091  -0.52991   0.00023  -0.51766   0.00023  -0.51766
  6.46617   0.00118  -0.52986   0.00118  -0.52986   0.00038  -0.51764   0.00038  -0.51764
  6.51629   0.00142  -0.52978   0.00142  -0.52978   0.00058  -0.51761   0.00058  -0.51761
  6.56642   0.00160  -0.52970   0.00160  -0.52970   0.00082  -0.51757   0.00082  -0.51757
  6.61654   0.00170  -0.52962   0.00170  -0.52962   0.00109  -0.51752   0.00109  -0.51752
  6.66667   0.00173  -0.52953   0.00173  -0.52953   0.00135  -0.51745   0.00135  -0.51745
  6.71679   0.00176  -0.52944   0.00176  -0.52944   0.00155  -0.51737   0.00155  -0.51737
  6.76692   0.00186  -0.52935   0.00186  -0.52935   0.00167  -0.51729   0.00167  -0.51729
  6.81704   0.00212  -0.52924   0.00212  -0.52924   0.00170  -0.51720   0.00170  -0.51720
  6.86717   0.00262  -0.52911   0.00262  -0.52911   0.00168  -0.51712   0.00168  -0.51712
  6.91729   0.00338  -0.52894   0.00338  -0.52894   0.00167  -0.51703   0.00167  -0.51703
  6.96742   0.00440  -0.52872   0.00440  -0.52872   0.00177  -0.51695   0.00177  -0.51695
  7.01754   0.00563  -0.52844   0.00563  -0.52844   0.00205  -0.51684   0.00205  -0.51684
  7.06767   0.00701  -0.52809   0.00701  -0.52809   0.00256  -0.51671   0.00256  -0.51671
  7.11779   0.00844  -0.52767   0.00844  -0.52767   0.00328  -0.51655   0.00328  -0.51655
  7.16792   0.00982  -0.52717   0.00982  -0.52717   0.00421  -0.51634   0.00421  -0.51634
  7.21805   0.01112  -0.52662   0.01112  -0.52662   0.00531  -0.51607   0.00531  -0.51607
  7.26817   0.01241  -0.52600   0.01241  -0.52600   0.00655  -0.51574   0.00655  -0.51574
  7.31830   0.01393  -0.52530   0.01393  -0.52530   0.00789  -0.51535   0.00789  -0.51535
  7.36842   0.01605  -0.52449   0.01605  -0.52449   0.00926  -0.51488   0.00926  -0.51488
  7.41855   0.01903  -0.52354   0.01903  -0.52354   0.01064  -0.51435   0.01064  -0.51435
  7.46867   0.02289  -0.52239   0.02289  -0.52239   0.01209  -0.51375   0.01209  -0.51375
  7.51880   0.02723  -0.52103   0.02723  -0.52103   0.01376  -0.51306   0.01376  -0.51306
  7.56892   0.03135  -0.51946   0.03135  -0.51946   0.01591  -0.51226   0.01591  -0.51226
  7.61905   0.03454  -0.51772   0.03454  -0.51772   0.01875  -0.51132   0.01875  -0.51132
  7.66917   0.03654  -0.51589   0.03654  -0.51589   0.02227  -0.51020   0.02227  -0.51020
  7.71930   0.03770  -0.51400   0.03770  -0.51400   0.02617  -0.50889   0.02617  -0.50889
  7.76942   0.03886  -0.51205   0.03886  -0.51205   0.02986  -0.50739   0.02986  -0.50739
  7.81955   0.04093  -0.51000   0.04093  -0.51000   0.03275  -0.50575   0.03275  -0.50575
  7.86967   0.04439  -0.50778   0.04439  -0.50778   0.03464  -0.50402   0.03464  -0.50402
  7.91980   0.04906  -0.50532   0.04906  -0.50532   0.03585  -0.50222   0.03585  -0.50222
  7.96992   0.05422  -0.50260   0.05422  -0.50260   0.03717  -0.50036   0.03717  -0.50036
  8.02005   0.05894  -0.49965   0.05894  -0.49965   0.03939  -0.49838   0.03939  -0.49838
  8.07018   0.06260  -0.49651   0.06260  -0.49651   0.04292  -0.49623   0.04292  -0.49623
  8.12030   0.06527  -0.49324   0.06527  -0.49324   0.04755  -0.49385   0.04755  -0.49385
  8.17043   0.06776  -0.48984   0.06776  -0.48984   0.05254  -0.49121   0.05254  -0.49121
  8.22055   0.07130  -0.48627   0.07130  -0.48627   0.05703  -0.48835   0.05703  -0.48835
  8.27068   0.07704  -0.48241   0.07704  -0.48241   0.06053  -0.48532   0.06053  -0.48532
  8.32080   0.08542  -0.47812   0.08542  -0.47812   0.06329  -0.48215   0.06329  -0.48215
  8.37093   0.09599  -0.47331   0.09599  -0.47331   0.06627  -0.47883   0.06627  -0.47883
  8.42105   0.10755  -0.46792   0.10755  -0.46792   0.07079  -0.47528   0.07079  -0.47528
  8.47118   0.11868  -0.46197   0.11868  -0.46197   0.07788  -0.47137   0.07788  -0.47137
  8.52130   0.12823  -0.45554   0.12823  -0.45554   0.08771  -0.46698   0.08771  -0.46698
  8.57143   0.13562  -0.44875   0.13562  -0.44875   0.09945  -0.46199   0.09945  -0.46199
  8.62155   0.14084  -0.44169   0.14084  -0.44169   0.11154  -0.45640   0.11154  -0.45640
  8.67168   0.14427  -0.43446   0.14427  -0.43446   0.12230  -0.45027   0.12230  -0.45027
  8.72180   0.14646  -0.42711   0.14646  -0.42711   0.13054  -0.44373   0.13054  -0.44373
  8.77193   0.14784  -0.41970   0.14784  -0.41970   0.13590  -0.43692   0.13590  -0.43692
  8.82206   0.14859  -0.41226   0.14859  -0.41226   0.13882  -0.42996   0.13882  -0.42996
  8.87218   0.14866  -0.40480   0.14866  -0.40480   0.14010  -0.42293   0.14010  -0.42293
  8.92231   0.14786  -0.39739   0.14786  -0.39739   0.14043  -0.41590   0.14043  -0.41590
  8.97243   0.14598  -0.39007   0.14598  -0.39007   0.14007  -0.40887   0.14007  -0.40887
  9.02256   0.14286  -0.38291   0.14286  -0.38291   0.13899  -0.40191   0.13899  -0.40191
  9.07268   0.13845  -0.37597   0.13845  -0.37597   0.13711  -0.39503   0.13711  -0.39503
  9.12281   0.13296  -0.36931   0.13296  -0.36931   0.13443  -0.38830   0.13443  -0.38830
  9.17293   0.12699  -0.36294   0.12699  -0.36294   0.13105  -0.38173   0.13105  -0.38173
  9.22306   0.12144  -0.35686   0.12144  -0.35686   0.12711  -0.37536   0.12711  -0.37536
  9.27318   0.11717  -0.35098   0.11717  -0.35098   0.12285  -0.36920   0.12285  -0.36920
  9.32331   0.11448  -0.34525   0.11448  -0.34525   0.11872  -0.36325   0.11872  -0.36325
  9.37343   0.11287  -0.33959   0.11287  -0.33959   0.11532  -0.35747   0.11532  -0.35747
  9.42356   0.11125  -0.33401   0.11125  -0.33401   0.11304  -0.35180   0.11304  -0.35180
  9.47368   0.10850  -0.32857   0.10850  -0.32857   0.11170  -0.34620   0.11170  -0.34620
  9.52381   0.10407  -0.32336   0.10407  -0.32336   0.11055  -0.34066   0.11055  -0.34066
  9.57393   0.09824  -0.31843   0.09824  -0.31843   0.10862  -0.33522   0.10862  -0.33522
  9.62406   0.09193  -0.31382   0.09193  -0.31382   0.10527  -0.32994   0.10527  -0.32994
  9.67419   0.08635  -0.30949   0.08635  -0.30949   0.10056  -0.32490   0.10056  -0.32490
  9.72431   0.08267  -0.30535   0.08267  -0.30535   0.09520  -0.32013   0.09520  -0.32013
  9.77444   0.08176  -0.30125   0.08176  -0.30125   0.09023  -0.31560   0.09023  -0.31560
  9.82456   0.08405  -0.29704   0.08405  -0.29704   0.08665  -0.31126   0.08665  -0.31126
  9.87469   0.08939  -0.29256   0.08939  -0.29256   0.08525  -0.30699   0.08525  -0.30699
  9.92481   0.09703  -0.28770   0.09703  -0.28770   0.08655  -0.30265   0.08655  -0.30265
  9.97494   0.10572  -0.28240   0.10572  -0.28240   0.09067  -0.29810   0.09067  -0.29810
 10.02506   0.11392  -0.27669   0.11392  -0.27669   0.09727  -0.29323   0.09727  -0.29323