ESCALE ; pCOHP file generated by LOBSTER. Energy is shifted such that the Fermi level lies at 0 eV.
         2          2        401  -6.04511e+00   1.40050e+01   3.97995e+00 
Average
No.1:Mn46->O115(1.9360398974617528)
-10.02506   0.00000  -0.69002   0.00000  -0.69002   0.00000  -0.68497   0.00000  -0.68497
 -9.97494   0.00000  -0.69002   0.00000  -0.69002   0.00000  -0.68497   0.00000  -0.68497
 -9.92481   0.00000  -0.69002   0.00000  -0.69002   0.00000  -0.68497   0.00000  -0.68497
 -9.87469   0.00000  -0.69002   0.00000  -0.69002   0.00000  -0.68497   0.00000  -0.68497
 -9.82456   0.00000  -0.69002   0.00000  -0.69002   0.00000  -0.68497   0.00000  -0.68497
 -9.77444   0.00000  -0.69002   0.00000  -0.69002   0.00000  -0.68497   0.00000  -0.68497
 -9.72431   0.00000  -0.69002   0.00000  -0.69002   0.00000  -0.68497   0.00000  -0.68497
 -9.67419   0.00000  -0.69002   0.00000  -0.69002   0.00000  -0.68497   0.00000  -0.68497
 -9.62406   0.00000  -0.69002   0.00000  -0.69002   0.00000  -0.68497   0.00000  -0.68497
 -9.57393   0.00000  -0.69002   0.00000  -0.69002   0.00000  -0.68497   0.00000  -0.68497
 -9.52381   0.00000  -0.69002   0.00000  -0.69002   0.00000  -0.68497   0.00000  -0.68497
 -9.47368   0.00000  -0.69002   0.00000  -0.69002   0.00000  -0.68497   0.00000  -0.68497
 -9.42356   0.00000  -0.69002   0.00000  -0.69002   0.00000  -0.68497   0.00000  -0.68497
 -9.37343   0.00000  -0.69002   0.00000  -0.69002   0.00000  -0.68497   0.00000  -0.68497
 -9.32331   0.00000  -0.69002   0.00000  -0.69002   0.00000  -0.68497   0.00000  -0.68497
 -9.27318   0.00000  -0.69002   0.00000  -0.69002   0.00000  -0.68497   0.00000  -0.68497
 -9.22306   0.00000  -0.69002   0.00000  -0.69002   0.00000  -0.68497   0.00000  -0.68497
 -9.17293   0.00000  -0.69002   0.00000  -0.69002   0.00000  -0.68497   0.00000  -0.68497
 -9.12281   0.00000  -0.69002   0.00000  -0.69002   0.00000  -0.68497   0.00000  -0.68497
 -9.07268   0.00000  -0.69002   0.00000  -0.69002   0.00000  -0.68497   0.00000  -0.68497
 -9.02256   0.00000  -0.69002   0.00000  -0.69002   0.00000  -0.68497   0.00000  -0.68497
 -8.97243   0.00000  -0.69002   0.00000  -0.69002   0.00000  -0.68497   0.00000  -0.68497
 -8.92231   0.00000  -0.69002   0.00000  -0.69002   0.00000  -0.68497   0.00000  -0.68497
 -8.87218   0.00000  -0.69002   0.00000  -0.69002   0.00000  -0.68497   0.00000  -0.68497
 -8.82206   0.00000  -0.69002   0.00000  -0.69002   0.00000  -0.68497   0.00000  -0.68497
 -8.77193   0.00000  -0.69002   0.00000  -0.69002   0.00000  -0.68497   0.00000  -0.68497
 -8.72180   0.00000  -0.69002   0.00000  -0.69002   0.00000  -0.68497   0.00000  -0.68497
 -8.67168   0.00000  -0.69002   0.00000  -0.69002   0.00000  -0.68497   0.00000  -0.68497
 -8.62155   0.00000  -0.69002   0.00000  -0.69002   0.00000  -0.68497   0.00000  -0.68497
 -8.57143   0.00000  -0.69002   0.00000  -0.69002   0.00000  -0.68497   0.00000  -0.68497
 -8.52130   0.00000  -0.69002   0.00000  -0.69002   0.00000  -0.68497   0.00000  -0.68497
 -8.47118   0.00000  -0.69002   0.00000  -0.69002   0.00000  -0.68497   0.00000  -0.68497
 -8.42105   0.00000  -0.69002   0.00000  -0.69002   0.00000  -0.68497   0.00000  -0.68497
 -8.37093   0.00000  -0.69002   0.00000  -0.69002   0.00000  -0.68497   0.00000  -0.68497
 -8.32080   0.00000  -0.69002   0.00000  -0.69002   0.00000  -0.68497   0.00000  -0.68497
 -8.27068   0.00000  -0.69002   0.00000  -0.69002   0.00000  -0.68497   0.00000  -0.68497
 -8.22055   0.00000  -0.69002   0.00000  -0.69002   0.00000  -0.68497   0.00000  -0.68497
 -8.17043   0.00000  -0.69002   0.00000  -0.69002   0.00000  -0.68497   0.00000  -0.68497
 -8.12030   0.00000  -0.69002   0.00000  -0.69002   0.00000  -0.68497   0.00000  -0.68497
 -8.07018   0.00000  -0.69002   0.00000  -0.69002   0.00000  -0.68497   0.00000  -0.68497
 -8.02005   0.00000  -0.69002   0.00000  -0.69002   0.00000  -0.68497   0.00000  -0.68497
 -7.96992   0.00000  -0.69002   0.00000  -0.69002   0.00000  -0.68497   0.00000  -0.68497
 -7.91980   0.00000  -0.69002   0.00000  -0.69002   0.00000  -0.68497   0.00000  -0.68497
 -7.86967   0.00001  -0.69002   0.00001  -0.69002   0.00000  -0.68497   0.00000  -0.68497
 -7.81955   0.00001  -0.69002   0.00001  -0.69002   0.00000  -0.68497   0.00000  -0.68497
 -7.76942   0.00001  -0.69002   0.00001  -0.69002   0.00000  -0.68497   0.00000  -0.68497
 -7.71930   0.00001  -0.69002   0.00001  -0.69002   0.00000  -0.68497   0.00000  -0.68497
 -7.66917   0.00001  -0.69002   0.00001  -0.69002   0.00000  -0.68497   0.00000  -0.68497
 -7.61905   0.00001  -0.69002   0.00001  -0.69002   0.00000  -0.68497   0.00000  -0.68497
 -7.56892   0.00001  -0.69002   0.00001  -0.69002  -0.00000  -0.68497  -0.00000  -0.68497
 -7.51880   0.00001  -0.69002   0.00001  -0.69002  -0.00000  -0.68497  -0.00000  -0.68497
 -7.46867   0.00000  -0.69002   0.00000  -0.69002  -0.00000  -0.68497  -0.00000  -0.68497
 -7.41855   0.00000  -0.69002   0.00000  -0.69002  -0.00000  -0.68497  -0.00000  -0.68497
 -7.36842  -0.00001  -0.69002  -0.00001  -0.69002  -0.00000  -0.68497  -0.00000  -0.68497
 -7.31830  -0.00002  -0.69002  -0.00002  -0.69002  -0.00000  -0.68497  -0.00000  -0.68497
 -7.26817  -0.00004  -0.69002  -0.00004  -0.69002  -0.00000  -0.68497  -0.00000  -0.68497
 -7.21805  -0.00007  -0.69003  -0.00007  -0.69003  -0.00000  -0.68497  -0.00000  -0.68497
 -7.16792  -0.00013  -0.69003  -0.00013  -0.69003  -0.00000  -0.68497  -0.00000  -0.68497
 -7.11779  -0.00022  -0.69004  -0.00022  -0.69004  -0.00000  -0.68497  -0.00000  -0.68497
 -7.06767  -0.00042  -0.69006  -0.00042  -0.69006  -0.00000  -0.68497  -0.00000  -0.68497
 -7.01754  -0.00086  -0.69011  -0.00086  -0.69011  -0.00000  -0.68497  -0.00000  -0.68497
 -6.96742  -0.00183  -0.69020  -0.00183  -0.69020  -0.00000  -0.68497  -0.00000  -0.68497
 -6.91729  -0.00379  -0.69039  -0.00379  -0.69039  -0.00000  -0.68497  -0.00000  -0.68497
 -6.86717  -0.00744  -0.69076  -0.00744  -0.69076  -0.00000  -0.68497  -0.00000  -0.68497
 -6.81704  -0.01363  -0.69144  -0.01363  -0.69144  -0.00001  -0.68497  -0.00001  -0.68497
 -6.76692  -0.02333  -0.69261  -0.02333  -0.69261  -0.00004  -0.68497  -0.00004  -0.68497
 -6.71679  -0.03748  -0.69449  -0.03748  -0.69449  -0.00010  -0.68497  -0.00010  -0.68497
 -6.66667  -0.05690  -0.69734  -0.05690  -0.69734  -0.00022  -0.68498  -0.00022  -0.68498
 -6.61654  -0.08218  -0.70146  -0.08218  -0.70146  -0.00042  -0.68501  -0.00042  -0.68501
 -6.56642  -0.11340  -0.70715  -0.11340  -0.70715  -0.00075  -0.68504  -0.00075  -0.68504
 -6.51629  -0.14958  -0.71465  -0.14958  -0.71465  -0.00118  -0.68510  -0.00118  -0.68510
 -6.46617  -0.18839  -0.72409  -0.18839  -0.72409  -0.00166  -0.68519  -0.00166  -0.68519
 -6.41604  -0.22655  -0.73545  -0.22655  -0.73545  -0.00211  -0.68529  -0.00211  -0.68529
 -6.36591  -0.26104  -0.74853  -0.26104  -0.74853  -0.00241  -0.68541  -0.00241  -0.68541
 -6.31579  -0.29023  -0.76308  -0.29023  -0.76308  -0.00251  -0.68554  -0.00251  -0.68554
 -6.26566  -0.31416  -0.77883  -0.31416  -0.77883  -0.00241  -0.68566  -0.00241  -0.68566
 -6.21554  -0.33328  -0.79553  -0.33328  -0.79553  -0.00220  -0.68577  -0.00220  -0.68577
 -6.16541  -0.34703  -0.81293  -0.34703  -0.81293  -0.00199  -0.68587  -0.00199  -0.68587
 -6.11529  -0.35338  -0.83064  -0.35338  -0.83064  -0.00185  -0.68596  -0.00185  -0.68596
 -6.06516  -0.34994  -0.84818  -0.34994  -0.84818  -0.00182  -0.68605  -0.00182  -0.68605
 -6.01504  -0.33583  -0.86501  -0.33583  -0.86501  -0.00188  -0.68615  -0.00188  -0.68615
 -5.96491  -0.31297  -0.88070  -0.31297  -0.88070  -0.00203  -0.68625  -0.00203  -0.68625
 -5.91479  -0.28606  -0.89504  -0.28606  -0.89504  -0.00233  -0.68637  -0.00233  -0.68637
 -5.86466  -0.26142  -0.90814  -0.26142  -0.90814  -0.00287  -0.68651  -0.00287  -0.68651
 -5.81454  -0.24542  -0.92045  -0.24542  -0.92045  -0.00375  -0.68670  -0.00375  -0.68670
 -5.76441  -0.24300  -0.93263  -0.24300  -0.93263  -0.00503  -0.68695  -0.00503  -0.68695
 -5.71429  -0.25646  -0.94548  -0.25646  -0.94548  -0.00669  -0.68729  -0.00669  -0.68729
 -5.66416  -0.28445  -0.95974  -0.28445  -0.95974  -0.00861  -0.68772  -0.00861  -0.68772
 -5.61404  -0.32157  -0.97586  -0.32157  -0.97586  -0.01061  -0.68825  -0.01061  -0.68825
 -5.56391  -0.35909  -0.99386  -0.35909  -0.99386  -0.01255  -0.68888  -0.01255  -0.68888
 -5.51378  -0.38729  -1.01327  -0.38729  -1.01327  -0.01438  -0.68960  -0.01438  -0.68960
 -5.46366  -0.39879  -1.03326  -0.39879  -1.03326  -0.01617  -0.69041  -0.01617  -0.69041
 -5.41353  -0.39156  -1.05289  -0.39156  -1.05289  -0.01809  -0.69132  -0.01809  -0.69132
 -5.36341  -0.36980  -1.07142  -0.36980  -1.07142  -0.02037  -0.69234  -0.02037  -0.69234
 -5.31328  -0.34226  -1.08858  -0.34226  -1.08858  -0.02329  -0.69351  -0.02329  -0.69351
 -5.26316  -0.31892  -1.10457  -0.31892  -1.10457  -0.02732  -0.69488  -0.02732  -0.69488
 -5.21303  -0.30781  -1.11999  -0.30781  -1.11999  -0.03321  -0.69654  -0.03321  -0.69654
 -5.16291  -0.31309  -1.13569  -0.31309  -1.13569  -0.04214  -0.69865  -0.04214  -0.69865
 -5.11278  -0.33446  -1.15245  -0.33446  -1.15245  -0.05560  -0.70144  -0.05560  -0.70144
 -5.06266  -0.36748  -1.17087  -0.36748  -1.17087  -0.07500  -0.70520  -0.07500  -0.70520
 -5.01253  -0.40447  -1.19115  -0.40447  -1.19115  -0.10115  -0.71027  -0.10115  -0.71027
 -4.96241  -0.43613  -1.21301  -0.43613  -1.21301  -0.13365  -0.71697  -0.13365  -0.71697
 -4.91228  -0.45393  -1.23576  -0.45393  -1.23576  -0.17057  -0.72552  -0.17057  -0.72552
 -4.86216  -0.45265  -1.25845  -0.45265  -1.25845  -0.20869  -0.73598  -0.20869  -0.73598
 -4.81203  -0.43207  -1.28011  -0.43207  -1.28011  -0.24419  -0.74822  -0.24419  -0.74822
 -4.76190  -0.39668  -1.29999  -0.39668  -1.29999  -0.27384  -0.76194  -0.27384  -0.76194
 -4.71178  -0.35362  -1.31772  -0.35362  -1.31772  -0.29604  -0.77678  -0.29604  -0.77678
 -4.66165  -0.30996  -1.33326  -0.30996  -1.33326  -0.31141  -0.79239  -0.31141  -0.79239
 -4.61153  -0.27086  -1.34683  -0.27086  -1.34683  -0.32241  -0.80855  -0.32241  -0.80855
 -4.56140  -0.23889  -1.35881  -0.23889  -1.35881  -0.33208  -0.82520  -0.33208  -0.82520
 -4.51128  -0.21446  -1.36956  -0.21446  -1.36956  -0.34244  -0.84236  -0.34244  -0.84236
 -4.46115  -0.19651  -1.37941  -0.19651  -1.37941  -0.35336  -0.86008  -0.35336  -0.86008
 -4.41103  -0.18324  -1.38859  -0.18324  -1.38859  -0.36261  -0.87825  -0.36261  -0.87825
 -4.36090  -0.17281  -1.39725  -0.17281  -1.39725  -0.36707  -0.89665  -0.36707  -0.89665
 -4.31078  -0.16391  -1.40547  -0.16391  -1.40547  -0.36428  -0.91491  -0.36428  -0.91491
 -4.26065  -0.15615  -1.41330  -0.15615  -1.41330  -0.35372  -0.93264  -0.35372  -0.93264
 -4.21053  -0.14988  -1.42081  -0.14988  -1.42081  -0.33689  -0.94953  -0.33689  -0.94953
 -4.16040  -0.14586  -1.42812  -0.14586  -1.42812  -0.31672  -0.96540  -0.31672  -0.96540
 -4.11028  -0.14455  -1.43537  -0.14455  -1.43537  -0.29652  -0.98027  -0.29652  -0.98027
 -4.06015  -0.14573  -1.44267  -0.14573  -1.44267  -0.27923  -0.99426  -0.27923  -0.99426
 -4.01003  -0.14822  -1.45010  -0.14822  -1.45010  -0.26725  -1.00766  -0.26725  -1.00766
 -3.95990  -0.15003  -1.45762  -0.15003  -1.45762  -0.26266  -1.02083  -0.26266  -1.02083
 -3.90977  -0.14892  -1.46509  -0.14892  -1.46509  -0.26740  -1.03423  -0.26740  -1.03423
 -3.85965  -0.14326  -1.47227  -0.14326  -1.47227  -0.28303  -1.04842  -0.28303  -1.04842
 -3.80952  -0.13286  -1.47893  -0.13286  -1.47893  -0.31010  -1.06396  -0.31010  -1.06396
 -3.75940  -0.11915  -1.48490  -0.11915  -1.48490  -0.34720  -1.08136  -0.34720  -1.08136
 -3.70927  -0.10447  -1.49014  -0.10447  -1.49014  -0.39018  -1.10092  -0.39018  -1.10092
 -3.65915  -0.09070  -1.49468  -0.09070  -1.49468  -0.43217  -1.12258  -0.43217  -1.12258
 -3.60902  -0.07809  -1.49860  -0.07809  -1.49860  -0.46460  -1.14587  -0.46460  -1.14587
 -3.55890  -0.06524  -1.50187  -0.06524  -1.50187  -0.47957  -1.16991  -0.47957  -1.16991
 -3.50877  -0.05016  -1.50438  -0.05016  -1.50438  -0.47254  -1.19360  -0.47254  -1.19360
 -3.45865  -0.03180  -1.50597  -0.03180  -1.50597  -0.44406  -1.21586  -0.44406  -1.21586
 -3.40852  -0.01107  -1.50653  -0.01107  -1.50653  -0.39945  -1.23588  -0.39945  -1.23588
 -3.35840   0.00935  -1.50606   0.00935  -1.50606  -0.34666  -1.25326  -0.34666  -1.25326
 -3.30827   0.02629  -1.50474   0.02629  -1.50474  -0.29349  -1.26797  -0.29349  -1.26797
 -3.25815   0.03749  -1.50286   0.03749  -1.50286  -0.24569  -1.28028  -0.24569  -1.28028
 -3.20802   0.04267  -1.50072   0.04267  -1.50072  -0.20632  -1.29062  -0.20632  -1.29062
 -3.15789   0.04347  -1.49855   0.04347  -1.49855  -0.17621  -1.29946  -0.17621  -1.29946
 -3.10777   0.04251  -1.49641   0.04251  -1.49641  -0.15464  -1.30721  -0.15464  -1.30721
 -3.05764   0.04204  -1.49431   0.04204  -1.49431  -0.14020  -1.31424  -0.14020  -1.31424
 -3.00752   0.04296  -1.49215   0.04296  -1.49215  -0.13121  -1.32081  -0.13121  -1.32081
 -2.95739   0.04475  -1.48991   0.04475  -1.48991  -0.12620  -1.32714  -0.12620  -1.32714
 -2.90727   0.04624  -1.48759   0.04624  -1.48759  -0.12397  -1.33335  -0.12397  -1.33335
 -2.85714   0.04671  -1.48525   0.04671  -1.48525  -0.12363  -1.33955  -0.12363  -1.33955
 -2.80702   0.04634  -1.48293   0.04634  -1.48293  -0.12437  -1.34578  -0.12437  -1.34578
 -2.75689   0.04606  -1.48062   0.04606  -1.48062  -0.12531  -1.35206  -0.12531  -1.35206
 -2.70677   0.04682  -1.47827   0.04682  -1.47827  -0.12548  -1.35835  -0.12548  -1.35835
 -2.65664   0.04913  -1.47581   0.04913  -1.47581  -0.12393  -1.36457  -0.12393  -1.36457
 -2.60652   0.05294  -1.47316   0.05294  -1.47316  -0.12008  -1.37059  -0.12008  -1.37059
 -2.55639   0.05797  -1.47025   0.05797  -1.47025  -0.11393  -1.37630  -0.11393  -1.37630
 -2.50627   0.06398  -1.46704   0.06398  -1.46704  -0.10605  -1.38161  -0.10605  -1.38161
 -2.45614   0.07086  -1.46349   0.07086  -1.46349  -0.09732  -1.38649  -0.09732  -1.38649
 -2.40602   0.07860  -1.45955   0.07860  -1.45955  -0.08854  -1.39093  -0.08854  -1.39093
 -2.35589   0.08709  -1.45519   0.08709  -1.45519  -0.08013  -1.39495  -0.08013  -1.39495
 -2.30576   0.09604  -1.45037   0.09604  -1.45037  -0.07209  -1.39856  -0.07209  -1.39856
 -2.25564   0.10496  -1.44511   0.10496  -1.44511  -0.06428  -1.40178  -0.06428  -1.40178
 -2.20551   0.11328  -1.43943   0.11328  -1.43943  -0.05666  -1.40462  -0.05666  -1.40462
 -2.15539   0.12047  -1.43339   0.12047  -1.43339  -0.04943  -1.40710  -0.04943  -1.40710
 -2.10526   0.12624  -1.42707   0.12624  -1.42707  -0.04298  -1.40925  -0.04298  -1.40925
 -2.05514   0.13068  -1.42052   0.13068  -1.42052  -0.03769  -1.41114  -0.03769  -1.41114
 -2.00501   0.13429  -1.41379   0.13429  -1.41379  -0.03370  -1.41283  -0.03370  -1.41283
 -1.95489   0.13791  -1.40687   0.13791  -1.40687  -0.03094  -1.41438  -0.03094  -1.41438
 -1.90476   0.14249  -1.39973   0.14249  -1.39973  -0.02923  -1.41585  -0.02923  -1.41585
 -1.85464   0.14879  -1.39227   0.14879  -1.39227  -0.02844  -1.41727  -0.02844  -1.41727
 -1.80451   0.15709  -1.38440   0.15709  -1.38440  -0.02847  -1.41870  -0.02847  -1.41870
 -1.75439   0.16692  -1.37603   0.16692  -1.37603  -0.02916  -1.42016  -0.02916  -1.42016
 -1.70426   0.17712  -1.36715   0.17712  -1.36715  -0.03017  -1.42167  -0.03017  -1.42167
 -1.65414   0.18628  -1.35782   0.18628  -1.35782  -0.03092  -1.42322  -0.03092  -1.42322
 -1.60401   0.19321  -1.34813   0.19321  -1.34813  -0.03082  -1.42477  -0.03082  -1.42477
 -1.55388   0.19734  -1.33824   0.19734  -1.33824  -0.02939  -1.42624  -0.02939  -1.42624
 -1.50376   0.19872  -1.32828   0.19872  -1.32828  -0.02652  -1.42757  -0.02652  -1.42757
 -1.45363   0.19777  -1.31837   0.19777  -1.31837  -0.02246  -1.42870  -0.02246  -1.42870
 -1.40351   0.19516  -1.30858   0.19516  -1.30858  -0.01775  -1.42959  -0.01775  -1.42959
 -1.35338   0.19181  -1.29897   0.19181  -1.29897  -0.01299  -1.43024  -0.01299  -1.43024
 -1.30326   0.18879  -1.28951   0.18879  -1.28951  -0.00864  -1.43067  -0.00864  -1.43067
 -1.25313   0.18704  -1.28013   0.18704  -1.28013  -0.00499  -1.43092  -0.00499  -1.43092
 -1.20301   0.18680  -1.27077   0.18680  -1.27077  -0.00219  -1.43103  -0.00219  -1.43103
 -1.15288   0.18743  -1.26137   0.18743  -1.26137  -0.00051  -1.43106  -0.00051  -1.43106
 -1.10276   0.18768  -1.25196   0.18768  -1.25196  -0.00028  -1.43107  -0.00028  -1.43107
 -1.05263   0.18644  -1.24262   0.18644  -1.24262  -0.00180  -1.43116  -0.00180  -1.43116
 -1.00251   0.18344  -1.23342   0.18344  -1.23342  -0.00497  -1.43141  -0.00497  -1.43141
 -0.95238   0.17930  -1.22444   0.17930  -1.22444  -0.00903  -1.43186  -0.00903  -1.43186
 -0.90226   0.17495  -1.21567   0.17495  -1.21567  -0.01274  -1.43250  -0.01274  -1.43250
 -0.85213   0.17082  -1.20710   0.17082  -1.20710  -0.01483  -1.43324  -0.01483  -1.43324
 -0.80201   0.16639  -1.19876   0.16639  -1.19876  -0.01465  -1.43398  -0.01465  -1.43398
 -0.75188   0.16034  -1.19073   0.16034  -1.19073  -0.01243  -1.43460  -0.01243  -1.43460
 -0.70175   0.15110  -1.18315   0.15110  -1.18315  -0.00908  -1.43506  -0.00908  -1.43506
 -0.65163   0.13762  -1.17625   0.13762  -1.17625  -0.00568  -1.43534  -0.00568  -1.43534
 -0.60150   0.11984  -1.17025   0.11984  -1.17025  -0.00298  -1.43549  -0.00298  -1.43549
 -0.55138   0.09892  -1.16529   0.09892  -1.16529  -0.00123  -1.43555  -0.00123  -1.43555
 -0.50125   0.07699  -1.16143   0.07699  -1.16143  -0.00032  -1.43557  -0.00032  -1.43557
 -0.45113   0.05645  -1.15860   0.05645  -1.15860   0.00005  -1.43557   0.00005  -1.43557
 -0.40100   0.03917  -1.15664   0.03917  -1.15664   0.00014  -1.43556   0.00014  -1.43556
 -0.35088   0.02599  -1.15533   0.02599  -1.15533   0.00012  -1.43555   0.00012  -1.43555
 -0.30075   0.01675  -1.15449   0.01675  -1.15449   0.00008  -1.43555   0.00008  -1.43555
 -0.25063   0.01067  -1.15396   0.01067  -1.15396   0.00005  -1.43555   0.00005  -1.43555
 -0.20050   0.00684  -1.15362   0.00684  -1.15362   0.00002  -1.43555   0.00002  -1.43555
 -0.15038   0.00446  -1.15339   0.00446  -1.15339   0.00001  -1.43555   0.00001  -1.43555
 -0.10025   0.00298  -1.15324   0.00298  -1.15324   0.00001  -1.43555   0.00001  -1.43555
 -0.05013   0.00203  -1.15314   0.00203  -1.15314   0.00000  -1.43555   0.00000  -1.43555
  0.00000   0.00140  -1.15307   0.00140  -1.15307   0.00000  -1.43554   0.00000  -1.43554
  0.05013   0.00096  -1.15302   0.00096  -1.15302   0.00000  -1.43554   0.00000  -1.43554
  0.10025   0.00064  -1.15299   0.00064  -1.15299   0.00000  -1.43554   0.00000  -1.43554
  0.15038   0.00041  -1.15297   0.00041  -1.15297   0.00000  -1.43554   0.00000  -1.43554
  0.20050   0.00024  -1.15296   0.00024  -1.15296   0.00000  -1.43554   0.00000  -1.43554
  0.25063   0.00014  -1.15295   0.00014  -1.15295   0.00000  -1.43554   0.00000  -1.43554
  0.30075   0.00010  -1.15295   0.00010  -1.15295   0.00000  -1.43554   0.00000  -1.43554
  0.35088   0.00012  -1.15294   0.00012  -1.15294   0.00000  -1.43554   0.00000  -1.43554
  0.40100   0.00022  -1.15293   0.00022  -1.15293  -0.00000  -1.43554  -0.00000  -1.43554
  0.45113   0.00043  -1.15291   0.00043  -1.15291  -0.00000  -1.43554  -0.00000  -1.43554
  0.50125   0.00078  -1.15287   0.00078  -1.15287  -0.00000  -1.43554  -0.00000  -1.43554
  0.55138   0.00124  -1.15281   0.00124  -1.15281  -0.00000  -1.43554  -0.00000  -1.43554
  0.60150   0.00176  -1.15272   0.00176  -1.15272  -0.00000  -1.43554  -0.00000  -1.43554
  0.65163   0.00224  -1.15261   0.00224  -1.15261  -0.00000  -1.43554  -0.00000  -1.43554
  0.70175   0.00259  -1.15248   0.00259  -1.15248  -0.00000  -1.43555  -0.00000  -1.43555
  0.75188   0.00279  -1.15234   0.00279  -1.15234  -0.00001  -1.43555  -0.00001  -1.43555
  0.80201   0.00298  -1.15219   0.00298  -1.15219  -0.00002  -1.43555  -0.00002  -1.43555
  0.85213   0.00341  -1.15202   0.00341  -1.15202  -0.00006  -1.43555  -0.00006  -1.43555
  0.90226   0.00430  -1.15180   0.00430  -1.15180  -0.00016  -1.43556  -0.00016  -1.43556
  0.95238   0.00577  -1.15151   0.00577  -1.15151  -0.00037  -1.43558  -0.00037  -1.43558
  1.00251   0.00770  -1.15113   0.00770  -1.15113  -0.00075  -1.43561  -0.00075  -1.43561
  1.05263   0.00975  -1.15064   0.00975  -1.15064  -0.00136  -1.43568  -0.00136  -1.43568
  1.10276   0.01169  -1.15005   0.01169  -1.15005  -0.00220  -1.43579  -0.00220  -1.43579
  1.15288   0.01372  -1.14936   0.01372  -1.14936  -0.00322  -1.43595  -0.00322  -1.43595
  1.20301   0.01693  -1.14851   0.01693  -1.14851  -0.00423  -1.43617  -0.00423  -1.43617
  1.25313   0.02380  -1.14732   0.02380  -1.14732  -0.00503  -1.43642  -0.00503  -1.43642
  1.30326   0.03839  -1.14540   0.03839  -1.14540  -0.00541  -1.43669  -0.00541  -1.43669
  1.35338   0.06607  -1.14208   0.06607  -1.14208  -0.00528  -1.43695  -0.00528  -1.43695
  1.40351   0.11244  -1.13645   0.11244  -1.13645  -0.00469  -1.43719  -0.00469  -1.43719
  1.45363   0.18098  -1.12738   0.18098  -1.12738  -0.00379  -1.43738  -0.00379  -1.43738
  1.50376   0.27035  -1.11383   0.27035  -1.11383  -0.00279  -1.43752  -0.00279  -1.43752
  1.55388   0.37239  -1.09516   0.37239  -1.09516  -0.00187  -1.43761  -0.00187  -1.43761
  1.60401   0.47305  -1.07145   0.47305  -1.07145  -0.00115  -1.43767  -0.00115  -1.43767
  1.65414   0.55656  -1.04355   0.55656  -1.04355  -0.00064  -1.43770  -0.00064  -1.43770
  1.70426   0.61152  -1.01290   0.61152  -1.01290  -0.00031  -1.43772  -0.00031  -1.43772
  1.75439   0.63562  -0.98104   0.63562  -0.98104  -0.00013  -1.43772  -0.00013  -1.43772
  1.80451   0.63601  -0.94916   0.63601  -0.94916  -0.00003  -1.43773  -0.00003  -1.43773
  1.85464   0.62553  -0.91780   0.62553  -0.91780   0.00001  -1.43773   0.00001  -1.43773
  1.90476   0.61693  -0.88688   0.61693  -0.88688   0.00002  -1.43772   0.00002  -1.43772
  1.95489   0.61847  -0.85588   0.61847  -0.85588   0.00002  -1.43772   0.00002  -1.43772
  2.00501   0.63232  -0.82418   0.63232  -0.82418   0.00001  -1.43772   0.00001  -1.43772
  2.05514   0.65510  -0.79134   0.65510  -0.79134  -0.00001  -1.43772  -0.00001  -1.43772
  2.10526   0.67924  -0.75730   0.67924  -0.75730  -0.00003  -1.43772  -0.00003  -1.43772
  2.15539   0.69448  -0.72249   0.69448  -0.72249  -0.00005  -1.43773  -0.00005  -1.43773
  2.20551   0.69000  -0.68790   0.69000  -0.68790  -0.00007  -1.43773  -0.00007  -1.43773
  2.25564   0.65739  -0.65495   0.65739  -0.65495  -0.00008  -1.43773  -0.00008  -1.43773
  2.30576   0.59392  -0.62518   0.59392  -0.62518  -0.00007  -1.43774  -0.00007  -1.43774
  2.35589   0.50447  -0.59989   0.50447  -0.59989  -0.00006  -1.43774  -0.00006  -1.43774
  2.40602   0.40034  -0.57982   0.40034  -0.57982  -0.00002  -1.43774  -0.00002  -1.43774
  2.45614   0.29561  -0.56501   0.29561  -0.56501   0.00002  -1.43774   0.00002  -1.43774
  2.50627   0.20253  -0.55485   0.20253  -0.55485   0.00006  -1.43774   0.00006  -1.43774
  2.55639   0.12847  -0.54842   0.12847  -0.54842   0.00013  -1.43773   0.00013  -1.43773
  2.60652   0.07528  -0.54464   0.07528  -0.54464   0.00029  -1.43772   0.00029  -1.43772
  2.65664   0.04065  -0.54260   0.04065  -0.54260   0.00075  -1.43768   0.00075  -1.43768
  2.70677   0.02016  -0.54159   0.02016  -0.54159   0.00202  -1.43758   0.00202  -1.43758
  2.75689   0.00915  -0.54114   0.00915  -0.54114   0.00519  -1.43732   0.00519  -1.43732
  2.80702   0.00379  -0.54095   0.00379  -0.54095   0.01214  -1.43671   0.01214  -1.43671
  2.85714   0.00142  -0.54087   0.00142  -0.54087   0.02556  -1.43543   0.02556  -1.43543
  2.90727   0.00048  -0.54085   0.00048  -0.54085   0.04822  -1.43301   0.04822  -1.43301
  2.95739   0.00015  -0.54084   0.00015  -0.54084   0.08158  -1.42892   0.08158  -1.42892
  3.00752   0.00004  -0.54084   0.00004  -0.54084   0.12403  -1.42270   0.12403  -1.42270
  3.05764   0.00001  -0.54084   0.00001  -0.54084   0.17010  -1.41418   0.17010  -1.41418
  3.10777   0.00000  -0.54084   0.00000  -0.54084   0.21155  -1.40357   0.21155  -1.40357
  3.15789   0.00000  -0.54084   0.00000  -0.54084   0.24059  -1.39151   0.24059  -1.39151
  3.20802   0.00000  -0.54084   0.00000  -0.54084   0.25352  -1.37881   0.25352  -1.37881
  3.25815   0.00000  -0.54084   0.00000  -0.54084   0.25270  -1.36614   0.25270  -1.36614
  3.30827   0.00000  -0.54084   0.00000  -0.54084   0.24575  -1.35382   0.24575  -1.35382
  3.35840   0.00000  -0.54084   0.00000  -0.54084   0.24224  -1.34168   0.24224  -1.34168
  3.40852   0.00000  -0.54084   0.00000  -0.54084   0.24971  -1.32916   0.24971  -1.32916
  3.45865   0.00000  -0.54084   0.00000  -0.54084   0.27084  -1.31559   0.27084  -1.31559
  3.50877   0.00000  -0.54084   0.00000  -0.54084   0.30286  -1.30041   0.30286  -1.30041
  3.55890   0.00000  -0.54084   0.00000  -0.54084   0.33905  -1.28341   0.33905  -1.28341
  3.60902   0.00000  -0.54084   0.00000  -0.54084   0.37137  -1.26480   0.37137  -1.26480
  3.65915  -0.00000  -0.54084  -0.00000  -0.54084   0.39309  -1.24509   0.39309  -1.24509
  3.70927   0.00000  -0.54084   0.00000  -0.54084   0.40077  -1.22500   0.40077  -1.22500
  3.75940   0.00000  -0.54084   0.00000  -0.54084   0.39565  -1.20517   0.39565  -1.20517
  3.80952   0.00000  -0.54084   0.00000  -0.54084   0.38408  -1.18592   0.38408  -1.18592
  3.85965   0.00000  -0.54084   0.00000  -0.54084   0.37639  -1.16705   0.37639  -1.16705
  3.90977   0.00000  -0.54084   0.00000  -0.54084   0.38349  -1.14783   0.38349  -1.14783
  3.95990   0.00000  -0.54084   0.00000  -0.54084   0.41278  -1.12714   0.41278  -1.12714
  4.01003   0.00000  -0.54084   0.00000  -0.54084   0.46571  -1.10380   0.46571  -1.10380
  4.06015   0.00000  -0.54084   0.00000  -0.54084   0.53908  -1.07677   0.53908  -1.07677
  4.11028   0.00000  -0.54084   0.00000  -0.54084   0.62861  -1.04526   0.62861  -1.04526
  4.16040   0.00000  -0.54084   0.00000  -0.54084   0.73138  -1.00860   0.73138  -1.00860
  4.21053   0.00000  -0.54084   0.00000  -0.54084   0.84468  -0.96626   0.84468  -0.96626
  4.26065   0.00000  -0.54084   0.00000  -0.54084   0.96169  -0.91806   0.96169  -0.91806
  4.31078   0.00000  -0.54084   0.00000  -0.54084   1.06761  -0.86454   1.06761  -0.86454
  4.36090   0.00000  -0.54084   0.00000  -0.54084   1.13995  -0.80740   1.13995  -0.80740
  4.41103   0.00000  -0.54084   0.00000  -0.54084   1.15480  -0.74952   1.15480  -0.74952
  4.46115   0.00000  -0.54084   0.00000  -0.54084   1.09694  -0.69454   1.09694  -0.69454
  4.51128   0.00000  -0.54084   0.00000  -0.54084   0.96831  -0.64600   0.96831  -0.64600
  4.56140   0.00000  -0.54084   0.00000  -0.54084   0.78934  -0.60643   0.78934  -0.60643
  4.61153   0.00000  -0.54084   0.00000  -0.54084   0.59180  -0.57677   0.59180  -0.57677
  4.66165   0.00000  -0.54084   0.00000  -0.54084   0.40714  -0.55636   0.40714  -0.55636
  4.71178   0.00000  -0.54084   0.00000  -0.54084   0.25675  -0.54349   0.25675  -0.54349
  4.76190   0.00000  -0.54084   0.00000  -0.54084   0.14838  -0.53605   0.14838  -0.53605
  4.81203   0.00000  -0.54084   0.00000  -0.54084   0.07859  -0.53211   0.07859  -0.53211
  4.86216   0.00000  -0.54084   0.00000  -0.54084   0.03816  -0.53020   0.03816  -0.53020
  4.91228   0.00000  -0.54084   0.00000  -0.54084   0.01698  -0.52935   0.01698  -0.52935
  4.96241   0.00000  -0.54084   0.00000  -0.54084   0.00692  -0.52900   0.00692  -0.52900
  5.01253   0.00000  -0.54084   0.00000  -0.54084   0.00258  -0.52887   0.00258  -0.52887
  5.06266   0.00000  -0.54084   0.00000  -0.54084   0.00088  -0.52883   0.00088  -0.52883
  5.11278   0.00000  -0.54084   0.00000  -0.54084   0.00027  -0.52882   0.00027  -0.52882
  5.16291   0.00000  -0.54084   0.00000  -0.54084   0.00008  -0.52881   0.00008  -0.52881
  5.21303   0.00000  -0.54084   0.00000  -0.54084   0.00002  -0.52881   0.00002  -0.52881
  5.26316   0.00000  -0.54084   0.00000  -0.54084   0.00000  -0.52881   0.00000  -0.52881
  5.31328   0.00000  -0.54084   0.00000  -0.54084   0.00000  -0.52881   0.00000  -0.52881
  5.36341   0.00000  -0.54084   0.00000  -0.54084   0.00000  -0.52881   0.00000  -0.52881
  5.41353   0.00000  -0.54084   0.00000  -0.54084   0.00000  -0.52881   0.00000  -0.52881
  5.46366   0.00000  -0.54084   0.00000  -0.54084   0.00000  -0.52881   0.00000  -0.52881
  5.51378   0.00000  -0.54084   0.00000  -0.54084   0.00000  -0.52881   0.00000  -0.52881
  5.56391   0.00000  -0.54084   0.00000  -0.54084   0.00000  -0.52881   0.00000  -0.52881
  5.61404   0.00000  -0.54084   0.00000  -0.54084   0.00000  -0.52881   0.00000  -0.52881
  5.66416   0.00000  -0.54084   0.00000  -0.54084   0.00000  -0.52881   0.00000  -0.52881
  5.71429   0.00000  -0.54084   0.00000  -0.54084   0.00000  -0.52881   0.00000  -0.52881
  5.76441   0.00000  -0.54084   0.00000  -0.54084   0.00000  -0.52881   0.00000  -0.52881
  5.81454   0.00000  -0.54084   0.00000  -0.54084   0.00000  -0.52881   0.00000  -0.52881
  5.86466   0.00000  -0.54084   0.00000  -0.54084   0.00000  -0.52881   0.00000  -0.52881
  5.91479   0.00000  -0.54084   0.00000  -0.54084   0.00000  -0.52881   0.00000  -0.52881
  5.96491   0.00001  -0.54084   0.00001  -0.54084   0.00000  -0.52881   0.00000  -0.52881
  6.01504   0.00001  -0.54084   0.00001  -0.54084   0.00000  -0.52881   0.00000  -0.52881
  6.06516   0.00003  -0.54084   0.00003  -0.54084   0.00000  -0.52881   0.00000  -0.52881
  6.11529   0.00007  -0.54083   0.00007  -0.54083   0.00000  -0.52881   0.00000  -0.52881
  6.16541   0.00013  -0.54083   0.00013  -0.54083   0.00001  -0.52881   0.00001  -0.52881
  6.21554   0.00024  -0.54081   0.00024  -0.54081   0.00002  -0.52881   0.00002  -0.52881
  6.26566   0.00039  -0.54079   0.00039  -0.54079   0.00004  -0.52881   0.00004  -0.52881
  6.31579   0.00060  -0.54076   0.00060  -0.54076   0.00008  -0.52880   0.00008  -0.52880
  6.36591   0.00086  -0.54072   0.00086  -0.54072   0.00014  -0.52880   0.00014  -0.52880
  6.41604   0.00115  -0.54066   0.00115  -0.54066   0.00024  -0.52878   0.00024  -0.52878
  6.46617   0.00144  -0.54059   0.00144  -0.54059   0.00038  -0.52877   0.00038  -0.52877
  6.51629   0.00169  -0.54051   0.00169  -0.54051   0.00057  -0.52874   0.00057  -0.52874
  6.56642   0.00187  -0.54041   0.00187  -0.54041   0.00079  -0.52870   0.00079  -0.52870
  6.61654   0.00197  -0.54031   0.00197  -0.54031   0.00102  -0.52865   0.00102  -0.52865
  6.66667   0.00201  -0.54021   0.00201  -0.54021   0.00124  -0.52858   0.00124  -0.52858
  6.71679   0.00209  -0.54011   0.00209  -0.54011   0.00142  -0.52851   0.00142  -0.52851
  6.76692   0.00229  -0.53999   0.00229  -0.53999   0.00153  -0.52844   0.00153  -0.52844
  6.81704   0.00271  -0.53986   0.00271  -0.53986   0.00160  -0.52836   0.00160  -0.52836
  6.86717   0.00342  -0.53969   0.00342  -0.53969   0.00167  -0.52827   0.00167  -0.52827
  6.91729   0.00441  -0.53946   0.00441  -0.53946   0.00181  -0.52818   0.00181  -0.52818
  6.96742   0.00567  -0.53918   0.00567  -0.53918   0.00209  -0.52808   0.00209  -0.52808
  7.01754   0.00713  -0.53882   0.00713  -0.53882   0.00257  -0.52795   0.00257  -0.52795
  7.06767   0.00874  -0.53839   0.00874  -0.53839   0.00327  -0.52778   0.00327  -0.52778
  7.11779   0.01040  -0.53786   0.01040  -0.53786   0.00417  -0.52758   0.00417  -0.52758
  7.16792   0.01200  -0.53726   0.01200  -0.53726   0.00524  -0.52731   0.00524  -0.52731
  7.21805   0.01346  -0.53659   0.01346  -0.53659   0.00649  -0.52699   0.00649  -0.52699
  7.26817   0.01475  -0.53585   0.01475  -0.53585   0.00791  -0.52659   0.00791  -0.52659
  7.31830   0.01602  -0.53505   0.01602  -0.53505   0.00949  -0.52612   0.00949  -0.52612
  7.36842   0.01760  -0.53416   0.01760  -0.53416   0.01113  -0.52556   0.01113  -0.52556
  7.41855   0.01983  -0.53317   0.01983  -0.53317   0.01272  -0.52492   0.01272  -0.52492
  7.46867   0.02286  -0.53202   0.02286  -0.53202   0.01420  -0.52421   0.01420  -0.52421
  7.51880   0.02644  -0.53070   0.02644  -0.53070   0.01564  -0.52342   0.01564  -0.52342
  7.56892   0.02993  -0.52920   0.02993  -0.52920   0.01731  -0.52256   0.01731  -0.52256
  7.61905   0.03263  -0.52756   0.03263  -0.52756   0.01957  -0.52158   0.01957  -0.52158
  7.66917   0.03423  -0.52585   0.03423  -0.52585   0.02257  -0.52044   0.02257  -0.52044
  7.71930   0.03503  -0.52409   0.03503  -0.52409   0.02614  -0.51913   0.02614  -0.51913
  7.76942   0.03584  -0.52230   0.03584  -0.52230   0.02968  -0.51765   0.02968  -0.51765
  7.81955   0.03752  -0.52041   0.03752  -0.52041   0.03254  -0.51602   0.03254  -0.51602
  7.86967   0.04054  -0.51838   0.04054  -0.51838   0.03437  -0.51429   0.03437  -0.51429
  7.91980   0.04475  -0.51614   0.04475  -0.51614   0.03542  -0.51252   0.03542  -0.51252
  7.96992   0.04946  -0.51366   0.04946  -0.51366   0.03641  -0.51069   0.03641  -0.51069
  8.02005   0.05388  -0.51096   0.05388  -0.51096   0.03816  -0.50878   0.03816  -0.50878
  8.07018   0.05747  -0.50808   0.05747  -0.50808   0.04111  -0.50672   0.04111  -0.50672
  8.12030   0.06026  -0.50506   0.06026  -0.50506   0.04517  -0.50445   0.04517  -0.50445
  8.17043   0.06289  -0.50191   0.06289  -0.50191   0.04973  -0.50196   0.04973  -0.50196
  8.22055   0.06635  -0.49858   0.06635  -0.49858   0.05405  -0.49925   0.05405  -0.49925
  8.27068   0.07150  -0.49500   0.07150  -0.49500   0.05765  -0.49636   0.05765  -0.49636
  8.32080   0.07857  -0.49106   0.07857  -0.49106   0.06064  -0.49332   0.06064  -0.49332
  8.37093   0.08701  -0.48670   0.08701  -0.48670   0.06374  -0.49013   0.06374  -0.49013
  8.42105   0.09574  -0.48190   0.09574  -0.48190   0.06782  -0.48673   0.06782  -0.48673
  8.47118   0.10370  -0.47670   0.10370  -0.47670   0.07352  -0.48304   0.07352  -0.48304
  8.52130   0.11035  -0.47117   0.11035  -0.47117   0.08081  -0.47899   0.08081  -0.47899
  8.57143   0.11586  -0.46536   0.11586  -0.46536   0.08901  -0.47453   0.08901  -0.47453
  8.62155   0.12086  -0.45930   0.12086  -0.45930   0.09718  -0.46966   0.09718  -0.46966
  8.67168   0.12599  -0.45299   0.12599  -0.45299   0.10449  -0.46442   0.10449  -0.46442
  8.72180   0.13142  -0.44640   0.13142  -0.44640   0.11055  -0.45888   0.11055  -0.45888
  8.77193   0.13684  -0.43954   0.13684  -0.43954   0.11543  -0.45310   0.11543  -0.45310
  8.82206   0.14155  -0.43245   0.14155  -0.43245   0.11950  -0.44711   0.11950  -0.44711
  8.87218   0.14489  -0.42518   0.14489  -0.42518   0.12322  -0.44093   0.12322  -0.44093
  8.92231   0.14653  -0.41784   0.14653  -0.41784   0.12689  -0.43457   0.12689  -0.43457
  8.97243   0.14655  -0.41049   0.14655  -0.41049   0.13057  -0.42802   0.13057  -0.42802
  9.02256   0.14529  -0.40321   0.14529  -0.40321   0.13415  -0.42130   0.13415  -0.42130
  9.07268   0.14316  -0.39603   0.14316  -0.39603   0.13734  -0.41442   0.13734  -0.41442
  9.12281   0.14054  -0.38899   0.14054  -0.38899   0.13978  -0.40741   0.13978  -0.40741
  9.17293   0.13790  -0.38208   0.13790  -0.38208   0.14103  -0.40034   0.14103  -0.40034
  9.22306   0.13573  -0.37527   0.13573  -0.37527   0.14085  -0.39328   0.14085  -0.39328
  9.27318   0.13442  -0.36854   0.13442  -0.36854   0.13939  -0.38629   0.13939  -0.38629
  9.32331   0.13385  -0.36183   0.13385  -0.36183   0.13730  -0.37941   0.13730  -0.37941
  9.37343   0.13332  -0.35514   0.13332  -0.35514   0.13541  -0.37262   0.13541  -0.37262
  9.42356   0.13178  -0.34854   0.13178  -0.34854   0.13417  -0.36590   0.13417  -0.36590
  9.47368   0.12843  -0.34210   0.12843  -0.34210   0.13327  -0.35922   0.13327  -0.35922
  9.52381   0.12321  -0.33592   0.12321  -0.33592   0.13178  -0.35261   0.13178  -0.35261
  9.57393   0.11691  -0.33006   0.11691  -0.33006   0.12879  -0.34616   0.12879  -0.34616
  9.62406   0.11088  -0.32451   0.11088  -0.32451   0.12412  -0.33993   0.12412  -0.33993
  9.67419   0.10658  -0.31916   0.10658  -0.31916   0.11846  -0.33400   0.11846  -0.33400
  9.72431   0.10523  -0.31389   0.10523  -0.31389   0.11307  -0.32833   0.11307  -0.32833
  9.77444   0.10745  -0.30850   0.10745  -0.30850   0.10922  -0.32285   0.10922  -0.32285
  9.82456   0.11311  -0.30283   0.11311  -0.30283   0.10782  -0.31745   0.10782  -0.31745
  9.87469   0.12125  -0.29676   0.12125  -0.29676   0.10937  -0.31197   0.10937  -0.31197
  9.92481   0.13026  -0.29023   0.13026  -0.29023   0.11385  -0.30626   0.11385  -0.30626
  9.97494   0.13830  -0.28329   0.13830  -0.28329   0.12072  -0.30021   0.12072  -0.30021
 10.02506   0.14384  -0.27608   0.14384  -0.27608   0.12889  -0.29375   0.12889  -0.29375