ESCALE ; pCOHP file generated by LOBSTER. Energy is shifted such that the Fermi level lies at 0 eV.
         2          2        401  -6.04511e+00   1.40050e+01   3.97995e+00 
Average
No.1:Mn46->O85(1.9305240329547737)
-10.02506   0.00000  -0.69994   0.00000  -0.69994   0.00000  -0.69546   0.00000  -0.69546
 -9.97494   0.00000  -0.69994   0.00000  -0.69994   0.00000  -0.69546   0.00000  -0.69546
 -9.92481   0.00000  -0.69994   0.00000  -0.69994   0.00000  -0.69546   0.00000  -0.69546
 -9.87469   0.00000  -0.69994   0.00000  -0.69994   0.00000  -0.69546   0.00000  -0.69546
 -9.82456   0.00000  -0.69994   0.00000  -0.69994   0.00000  -0.69546   0.00000  -0.69546
 -9.77444   0.00000  -0.69994   0.00000  -0.69994   0.00000  -0.69546   0.00000  -0.69546
 -9.72431   0.00000  -0.69994   0.00000  -0.69994   0.00000  -0.69546   0.00000  -0.69546
 -9.67419   0.00000  -0.69994   0.00000  -0.69994   0.00000  -0.69546   0.00000  -0.69546
 -9.62406   0.00000  -0.69994   0.00000  -0.69994   0.00000  -0.69546   0.00000  -0.69546
 -9.57393   0.00000  -0.69994   0.00000  -0.69994   0.00000  -0.69546   0.00000  -0.69546
 -9.52381   0.00000  -0.69994   0.00000  -0.69994   0.00000  -0.69546   0.00000  -0.69546
 -9.47368   0.00000  -0.69994   0.00000  -0.69994   0.00000  -0.69546   0.00000  -0.69546
 -9.42356   0.00000  -0.69994   0.00000  -0.69994   0.00000  -0.69546   0.00000  -0.69546
 -9.37343   0.00000  -0.69994   0.00000  -0.69994   0.00000  -0.69546   0.00000  -0.69546
 -9.32331   0.00000  -0.69994   0.00000  -0.69994   0.00000  -0.69546   0.00000  -0.69546
 -9.27318   0.00000  -0.69994   0.00000  -0.69994   0.00000  -0.69546   0.00000  -0.69546
 -9.22306   0.00000  -0.69994   0.00000  -0.69994   0.00000  -0.69546   0.00000  -0.69546
 -9.17293   0.00000  -0.69994   0.00000  -0.69994   0.00000  -0.69546   0.00000  -0.69546
 -9.12281   0.00000  -0.69994   0.00000  -0.69994   0.00000  -0.69546   0.00000  -0.69546
 -9.07268   0.00000  -0.69994   0.00000  -0.69994   0.00000  -0.69546   0.00000  -0.69546
 -9.02256   0.00000  -0.69994   0.00000  -0.69994   0.00000  -0.69546   0.00000  -0.69546
 -8.97243   0.00000  -0.69994   0.00000  -0.69994   0.00000  -0.69546   0.00000  -0.69546
 -8.92231   0.00000  -0.69994   0.00000  -0.69994   0.00000  -0.69546   0.00000  -0.69546
 -8.87218   0.00000  -0.69994   0.00000  -0.69994   0.00000  -0.69546   0.00000  -0.69546
 -8.82206   0.00000  -0.69994   0.00000  -0.69994   0.00000  -0.69546   0.00000  -0.69546
 -8.77193   0.00000  -0.69994   0.00000  -0.69994   0.00000  -0.69546   0.00000  -0.69546
 -8.72180   0.00000  -0.69994   0.00000  -0.69994   0.00000  -0.69546   0.00000  -0.69546
 -8.67168   0.00000  -0.69994   0.00000  -0.69994   0.00000  -0.69546   0.00000  -0.69546
 -8.62155   0.00000  -0.69994   0.00000  -0.69994   0.00000  -0.69546   0.00000  -0.69546
 -8.57143   0.00000  -0.69994   0.00000  -0.69994   0.00000  -0.69546   0.00000  -0.69546
 -8.52130   0.00000  -0.69994   0.00000  -0.69994   0.00000  -0.69546   0.00000  -0.69546
 -8.47118   0.00000  -0.69994   0.00000  -0.69994   0.00000  -0.69546   0.00000  -0.69546
 -8.42105   0.00000  -0.69994   0.00000  -0.69994   0.00000  -0.69546   0.00000  -0.69546
 -8.37093   0.00000  -0.69994   0.00000  -0.69994   0.00000  -0.69546   0.00000  -0.69546
 -8.32080   0.00000  -0.69994   0.00000  -0.69994   0.00000  -0.69546   0.00000  -0.69546
 -8.27068   0.00000  -0.69994   0.00000  -0.69994   0.00000  -0.69546   0.00000  -0.69546
 -8.22055   0.00000  -0.69994   0.00000  -0.69994   0.00000  -0.69546   0.00000  -0.69546
 -8.17043   0.00000  -0.69994   0.00000  -0.69994   0.00000  -0.69546   0.00000  -0.69546
 -8.12030   0.00000  -0.69994   0.00000  -0.69994   0.00000  -0.69546   0.00000  -0.69546
 -8.07018   0.00000  -0.69994   0.00000  -0.69994   0.00000  -0.69546   0.00000  -0.69546
 -8.02005   0.00000  -0.69994   0.00000  -0.69994   0.00000  -0.69546   0.00000  -0.69546
 -7.96992   0.00000  -0.69994   0.00000  -0.69994   0.00000  -0.69546   0.00000  -0.69546
 -7.91980   0.00000  -0.69994   0.00000  -0.69994   0.00000  -0.69546   0.00000  -0.69546
 -7.86967   0.00001  -0.69994   0.00001  -0.69994   0.00000  -0.69546   0.00000  -0.69546
 -7.81955   0.00001  -0.69994   0.00001  -0.69994   0.00000  -0.69546   0.00000  -0.69546
 -7.76942   0.00001  -0.69994   0.00001  -0.69994   0.00000  -0.69546   0.00000  -0.69546
 -7.71930   0.00002  -0.69994   0.00002  -0.69994   0.00000  -0.69546   0.00000  -0.69546
 -7.66917   0.00002  -0.69994   0.00002  -0.69994   0.00000  -0.69546   0.00000  -0.69546
 -7.61905   0.00002  -0.69994   0.00002  -0.69994  -0.00000  -0.69546  -0.00000  -0.69546
 -7.56892   0.00001  -0.69994   0.00001  -0.69994  -0.00000  -0.69546  -0.00000  -0.69546
 -7.51880   0.00001  -0.69994   0.00001  -0.69994  -0.00000  -0.69546  -0.00000  -0.69546
 -7.46867   0.00001  -0.69994   0.00001  -0.69994  -0.00000  -0.69546  -0.00000  -0.69546
 -7.41855  -0.00000  -0.69994  -0.00000  -0.69994  -0.00000  -0.69546  -0.00000  -0.69546
 -7.36842  -0.00001  -0.69994  -0.00001  -0.69994  -0.00000  -0.69546  -0.00000  -0.69546
 -7.31830  -0.00003  -0.69994  -0.00003  -0.69994  -0.00000  -0.69546  -0.00000  -0.69546
 -7.26817  -0.00006  -0.69994  -0.00006  -0.69994  -0.00000  -0.69546  -0.00000  -0.69546
 -7.21805  -0.00010  -0.69995  -0.00010  -0.69995  -0.00000  -0.69546  -0.00000  -0.69546
 -7.16792  -0.00017  -0.69996  -0.00017  -0.69996  -0.00000  -0.69546  -0.00000  -0.69546
 -7.11779  -0.00031  -0.69997  -0.00031  -0.69997  -0.00000  -0.69546  -0.00000  -0.69546
 -7.06767  -0.00058  -0.70000  -0.00058  -0.70000  -0.00000  -0.69546  -0.00000  -0.69546
 -7.01754  -0.00121  -0.70006  -0.00121  -0.70006  -0.00000  -0.69546  -0.00000  -0.69546
 -6.96742  -0.00256  -0.70019  -0.00256  -0.70019  -0.00000  -0.69546  -0.00000  -0.69546
 -6.91729  -0.00530  -0.70046  -0.00530  -0.70046  -0.00000  -0.69546  -0.00000  -0.69546
 -6.86717  -0.01024  -0.70097  -0.01024  -0.70097  -0.00001  -0.69546  -0.00001  -0.69546
 -6.81704  -0.01828  -0.70188  -0.01828  -0.70188  -0.00003  -0.69546  -0.00003  -0.69546
 -6.76692  -0.03002  -0.70339  -0.03002  -0.70339  -0.00010  -0.69547  -0.00010  -0.69547
 -6.71679  -0.04566  -0.70568  -0.04566  -0.70568  -0.00024  -0.69548  -0.00024  -0.69548
 -6.66667  -0.06498  -0.70894  -0.06498  -0.70894  -0.00054  -0.69551  -0.00054  -0.69551
 -6.61654  -0.08781  -0.71334  -0.08781  -0.71334  -0.00109  -0.69556  -0.00109  -0.69556
 -6.56642  -0.11429  -0.71907  -0.11429  -0.71907  -0.00197  -0.69566  -0.00197  -0.69566
 -6.51629  -0.14469  -0.72632  -0.14469  -0.72632  -0.00318  -0.69582  -0.00318  -0.69582
 -6.46617  -0.17854  -0.73527  -0.17854  -0.73527  -0.00463  -0.69605  -0.00463  -0.69605
 -6.41604  -0.21398  -0.74599  -0.21398  -0.74599  -0.00606  -0.69636  -0.00606  -0.69636
 -6.36591  -0.24799  -0.75842  -0.24799  -0.75842  -0.00720  -0.69672  -0.00720  -0.69672
 -6.31579  -0.27762  -0.77234  -0.27762  -0.77234  -0.00787  -0.69711  -0.00787  -0.69711
 -6.26566  -0.30129  -0.78744  -0.30129  -0.78744  -0.00808  -0.69752  -0.00808  -0.69752
 -6.21554  -0.31898  -0.80343  -0.31898  -0.80343  -0.00802  -0.69792  -0.00802  -0.69792
 -6.16541  -0.33126  -0.82004  -0.33126  -0.82004  -0.00794  -0.69832  -0.00794  -0.69832
 -6.11529  -0.33805  -0.83698  -0.33805  -0.83698  -0.00795  -0.69872  -0.00795  -0.69872
 -6.06516  -0.33834  -0.85394  -0.33834  -0.85394  -0.00802  -0.69912  -0.00802  -0.69912
 -6.01504  -0.33099  -0.87053  -0.33099  -0.87053  -0.00795  -0.69952  -0.00795  -0.69952
 -5.96491  -0.31605  -0.88637  -0.31605  -0.88637  -0.00763  -0.69990  -0.00763  -0.69990
 -5.91479  -0.29549  -0.90118  -0.29549  -0.90118  -0.00709  -0.70025  -0.00709  -0.70025
 -5.86466  -0.27323  -0.91488  -0.27323  -0.91488  -0.00655  -0.70058  -0.00655  -0.70058
 -5.81454  -0.25429  -0.92763  -0.25429  -0.92763  -0.00629  -0.70090  -0.00629  -0.70090
 -5.76441  -0.24355  -0.93983  -0.24355  -0.93983  -0.00652  -0.70122  -0.00652  -0.70122
 -5.71429  -0.24425  -0.95208  -0.24425  -0.95208  -0.00727  -0.70159  -0.00727  -0.70159
 -5.66416  -0.25669  -0.96494  -0.25669  -0.96494  -0.00839  -0.70201  -0.00839  -0.70201
 -5.61404  -0.27768  -0.97886  -0.27768  -0.97886  -0.00963  -0.70249  -0.00963  -0.70249
 -5.56391  -0.30123  -0.99396  -0.30123  -0.99396  -0.01075  -0.70303  -0.01075  -0.70303
 -5.51378  -0.32054  -1.01003  -0.32054  -1.01003  -0.01162  -0.70361  -0.01162  -0.70361
 -5.46366  -0.33048  -1.02659  -0.33048  -1.02659  -0.01233  -0.70423  -0.01233  -0.70423
 -5.41353  -0.32937  -1.04310  -0.32937  -1.04310  -0.01309  -0.70489  -0.01309  -0.70489
 -5.36341  -0.31923  -1.05911  -0.31923  -1.05911  -0.01427  -0.70560  -0.01427  -0.70560
 -5.31328  -0.30450  -1.07437  -0.30450  -1.07437  -0.01635  -0.70642  -0.01635  -0.70642
 -5.26316  -0.29040  -1.08893  -0.29040  -1.08893  -0.02006  -0.70743  -0.02006  -0.70743
 -5.21303  -0.28184  -1.10305  -0.28184  -1.10305  -0.02642  -0.70875  -0.02642  -0.70875
 -5.16291  -0.28297  -1.11724  -0.28297  -1.11724  -0.03668  -0.71059  -0.03668  -0.71059
 -5.11278  -0.29698  -1.13212  -0.29698  -1.13212  -0.05194  -0.71319  -0.05194  -0.71319
 -5.06266  -0.32523  -1.14842  -0.32523  -1.14842  -0.07269  -0.71684  -0.07269  -0.71684
 -5.01253  -0.36602  -1.16677  -0.36602  -1.16677  -0.09841  -0.72177  -0.09841  -0.72177
 -4.96241  -0.41366  -1.18751  -0.41366  -1.18751  -0.12752  -0.72816  -0.12752  -0.72816
 -4.91228  -0.45906  -1.21052  -0.45906  -1.21052  -0.15771  -0.73607  -0.15771  -0.73607
 -4.86216  -0.49211  -1.23518  -0.49211  -1.23518  -0.18634  -0.74541  -0.18634  -0.74541
 -4.81203  -0.50503  -1.26050  -0.50503  -1.26050  -0.21090  -0.75598  -0.21090  -0.75598
 -4.76190  -0.49486  -1.28530  -0.49486  -1.28530  -0.22935  -0.76748  -0.22935  -0.76748
 -4.71178  -0.46409  -1.30857  -0.46409  -1.30857  -0.24059  -0.77953  -0.24059  -0.77953
 -4.66165  -0.41906  -1.32957  -0.41906  -1.32957  -0.24488  -0.79181  -0.24488  -0.79181
 -4.61153  -0.36746  -1.34799  -0.36746  -1.34799  -0.24414  -0.80405  -0.24414  -0.80405
 -4.56140  -0.31597  -1.36383  -0.31597  -1.36383  -0.24163  -0.81616  -0.24163  -0.81616
 -4.51128  -0.26893  -1.37731  -0.26893  -1.37731  -0.24097  -0.82824  -0.24097  -0.82824
 -4.46115  -0.22819  -1.38875  -0.22819  -1.38875  -0.24487  -0.84051  -0.24487  -0.84051
 -4.41103  -0.19394  -1.39847  -0.19394  -1.39847  -0.25411  -0.85325  -0.25411  -0.85325
 -4.36090  -0.16594  -1.40679  -0.16594  -1.40679  -0.26730  -0.86665  -0.26730  -0.86665
 -4.31078  -0.14439  -1.41402  -0.14439  -1.41402  -0.28166  -0.88077  -0.28166  -0.88077
 -4.26065  -0.13000  -1.42054  -0.13000  -1.42054  -0.29443  -0.89552  -0.29443  -0.89552
 -4.21053  -0.12332  -1.42672  -0.12332  -1.42672  -0.30406  -0.91077  -0.30406  -0.91077
 -4.16040  -0.12383  -1.43293  -0.12383  -1.43293  -0.31073  -0.92634  -0.31073  -0.92634
 -4.11028  -0.12955  -1.43942  -0.12955  -1.43942  -0.31594  -0.94218  -0.31594  -0.94218
 -4.06015  -0.13739  -1.44631  -0.13739  -1.44631  -0.32167  -0.95830  -0.32167  -0.95830
 -4.01003  -0.14396  -1.45352  -0.14396  -1.45352  -0.32967  -0.97483  -0.32967  -0.97483
 -3.95990  -0.14658  -1.46087  -0.14658  -1.46087  -0.34096  -0.99192  -0.34096  -0.99192
 -3.90977  -0.14403  -1.46809  -0.14403  -1.46809  -0.35582  -1.00975  -0.35582  -1.00975
 -3.85965  -0.13690  -1.47495  -0.13690  -1.47495  -0.37393  -1.02850  -0.37393  -1.02850
 -3.80952  -0.12732  -1.48134  -0.12732  -1.48134  -0.39468  -1.04828  -0.39468  -1.04828
 -3.75940  -0.11803  -1.48725  -0.11803  -1.48725  -0.41745  -1.06920  -0.41745  -1.06920
 -3.70927  -0.11122  -1.49283  -0.11122  -1.49283  -0.44132  -1.09133  -0.44132  -1.09133
 -3.65915  -0.10745  -1.49821  -0.10745  -1.49821  -0.46445  -1.11461  -0.46445  -1.11461
 -3.60902  -0.10527  -1.50349  -0.10527  -1.50349  -0.48334  -1.13883  -0.48334  -1.13883
 -3.55890  -0.10164  -1.50858  -0.10164  -1.50858  -0.49314  -1.16355  -0.49314  -1.16355
 -3.50877  -0.09329  -1.51326  -0.09329  -1.51326  -0.48921  -1.18807  -0.48921  -1.18807
 -3.45865  -0.07827  -1.51718  -0.07827  -1.51718  -0.46912  -1.21159  -0.46912  -1.21159
 -3.40852  -0.05696  -1.52004  -0.05696  -1.52004  -0.43396  -1.23334  -0.43396  -1.23334
 -3.35840  -0.03215  -1.52165  -0.03215  -1.52165  -0.38793  -1.25279  -0.38793  -1.25279
 -3.30827  -0.00790  -1.52205  -0.00790  -1.52205  -0.33673  -1.26967  -0.33673  -1.26967
 -3.25815   0.01211  -1.52144   0.01211  -1.52144  -0.28584  -1.28399  -0.28584  -1.28399
 -3.20802   0.02592  -1.52014   0.02592  -1.52014  -0.23932  -1.29599  -0.23932  -1.29599
 -3.15789   0.03378  -1.51845   0.03378  -1.51845  -0.19963  -1.30600  -0.19963  -1.30600
 -3.10777   0.03755  -1.51656   0.03755  -1.51656  -0.16783  -1.31441  -0.16783  -1.31441
 -3.05764   0.03939  -1.51459   0.03939  -1.51459  -0.14399  -1.32163  -0.14399  -1.32163
 -3.00752   0.04058  -1.51256   0.04058  -1.51256  -0.12749  -1.32802  -0.12749  -1.32802
 -2.95739   0.04109  -1.51050   0.04109  -1.51050  -0.11721  -1.33389  -0.11721  -1.33389
 -2.90727   0.04013  -1.50848   0.04013  -1.50848  -0.11165  -1.33949  -0.11165  -1.33949
 -2.85714   0.03726  -1.50662   0.03726  -1.50662  -0.10914  -1.34496  -0.10914  -1.34496
 -2.80702   0.03305  -1.50496   0.03305  -1.50496  -0.10813  -1.35038  -0.10813  -1.35038
 -2.75689   0.02904  -1.50350   0.02904  -1.50350  -0.10750  -1.35577  -0.10750  -1.35577
 -2.70677   0.02695  -1.50215   0.02695  -1.50215  -0.10667  -1.36111  -0.10667  -1.36111
 -2.65664   0.02797  -1.50075   0.02797  -1.50075  -0.10550  -1.36640  -0.10550  -1.36640
 -2.60652   0.03237  -1.49913   0.03237  -1.49913  -0.10396  -1.37161  -0.10396  -1.37161
 -2.55639   0.03968  -1.49714   0.03968  -1.49714  -0.10200  -1.37673  -0.10200  -1.37673
 -2.50627   0.04903  -1.49468   0.04903  -1.49468  -0.09948  -1.38171  -0.09948  -1.38171
 -2.45614   0.05953  -1.49170   0.05953  -1.49170  -0.09639  -1.38654  -0.09639  -1.38654
 -2.40602   0.07047  -1.48817   0.07047  -1.48817  -0.09292  -1.39120  -0.09292  -1.39120
 -2.35589   0.08141  -1.48409   0.08141  -1.48409  -0.08941  -1.39568  -0.08941  -1.39568
 -2.30576   0.09220  -1.47946   0.09220  -1.47946  -0.08603  -1.40000  -0.08603  -1.40000
 -2.25564   0.10283  -1.47431   0.10283  -1.47431  -0.08262  -1.40414  -0.08262  -1.40414
 -2.20551   0.11332  -1.46863   0.11332  -1.46863  -0.07868  -1.40808  -0.07868  -1.40808
 -2.15539   0.12356  -1.46244   0.12356  -1.46244  -0.07370  -1.41178  -0.07370  -1.41178
 -2.10526   0.13325  -1.45576   0.13325  -1.45576  -0.06750  -1.41516  -0.06750  -1.41516
 -2.05514   0.14202  -1.44864   0.14202  -1.44864  -0.06041  -1.41819  -0.06041  -1.41819
 -2.00501   0.14961  -1.44114   0.14961  -1.44114  -0.05320  -1.42085  -0.05320  -1.42085
 -1.95489   0.15617  -1.43331   0.15617  -1.43331  -0.04676  -1.42320  -0.04676  -1.42320
 -1.90476   0.16223  -1.42518   0.16223  -1.42518  -0.04189  -1.42530  -0.04189  -1.42530
 -1.85464   0.16855  -1.41673   0.16855  -1.41673  -0.03911  -1.42726  -0.03911  -1.42726
 -1.80451   0.17568  -1.40792   0.17568  -1.40792  -0.03856  -1.42919  -0.03856  -1.42919
 -1.75439   0.18367  -1.39872   0.18367  -1.39872  -0.03990  -1.43119  -0.03990  -1.43119
 -1.70426   0.19192  -1.38910   0.19192  -1.38910  -0.04232  -1.43331  -0.04232  -1.43331
 -1.65414   0.19931  -1.37911   0.19931  -1.37911  -0.04477  -1.43556  -0.04477  -1.43556
 -1.60401   0.20453  -1.36885   0.20453  -1.36885  -0.04631  -1.43788  -0.04631  -1.43788
 -1.55388   0.20639  -1.35851   0.20639  -1.35851  -0.04640  -1.44020  -0.04640  -1.44020
 -1.50376   0.20422  -1.34827   0.20422  -1.34827  -0.04504  -1.44246  -0.04504  -1.44246
 -1.45363   0.19811  -1.33834   0.19811  -1.33834  -0.04256  -1.44459  -0.04256  -1.44459
 -1.40351   0.18903  -1.32887   0.18903  -1.32887  -0.03946  -1.44657  -0.03946  -1.44657
 -1.35338   0.17874  -1.31991   0.17874  -1.31991  -0.03621  -1.44839  -0.03621  -1.44839
 -1.30326   0.16937  -1.31142   0.16937  -1.31142  -0.03327  -1.45005  -0.03327  -1.45005
 -1.25313   0.16291  -1.30325   0.16291  -1.30325  -0.03103  -1.45161  -0.03103  -1.45161
 -1.20301   0.16071  -1.29520   0.16071  -1.29520  -0.02974  -1.45310  -0.02974  -1.45310
 -1.15288   0.16320  -1.28702   0.16320  -1.28702  -0.02940  -1.45457  -0.02940  -1.45457
 -1.10276   0.16974  -1.27851   0.16974  -1.27851  -0.02978  -1.45607  -0.02978  -1.45607
 -1.05263   0.17882  -1.26954   0.17882  -1.26954  -0.03043  -1.45759  -0.03043  -1.45759
 -1.00251   0.18834  -1.26010   0.18834  -1.26010  -0.03085  -1.45914  -0.03085  -1.45914
 -0.95238   0.19610  -1.25027   0.19610  -1.25027  -0.03055  -1.46067  -0.03055  -1.46067
 -0.90226   0.20036  -1.24023   0.20036  -1.24023  -0.02918  -1.46213  -0.02918  -1.46213
 -0.85213   0.20011  -1.23020   0.20011  -1.23020  -0.02658  -1.46346  -0.02658  -1.46346
 -0.80201   0.19498  -1.22043   0.19498  -1.22043  -0.02288  -1.46461  -0.02288  -1.46461
 -0.75188   0.18493  -1.21116   0.18493  -1.21116  -0.01847  -1.46554  -0.01847  -1.46554
 -0.70175   0.16990  -1.20264   0.16990  -1.20264  -0.01387  -1.46623  -0.01387  -1.46623
 -0.65163   0.15007  -1.19512   0.15007  -1.19512  -0.00963  -1.46672  -0.00963  -1.46672
 -0.60150   0.12627  -1.18879   0.12627  -1.18879  -0.00613  -1.46702  -0.00613  -1.46702
 -0.55138   0.10039  -1.18376   0.10039  -1.18376  -0.00354  -1.46720  -0.00354  -1.46720
 -0.50125   0.07515  -1.17999   0.07515  -1.17999  -0.00181  -1.46729  -0.00181  -1.46729
 -0.45113   0.05326  -1.17732   0.05326  -1.17732  -0.00080  -1.46733  -0.00080  -1.46733
 -0.40100   0.03651  -1.17549   0.03651  -1.17549  -0.00028  -1.46735  -0.00028  -1.46735
 -0.35088   0.02527  -1.17422   0.02527  -1.17422  -0.00006  -1.46735  -0.00006  -1.46735
 -0.30075   0.01862  -1.17329   0.01862  -1.17329   0.00002  -1.46735   0.00002  -1.46735
 -0.25063   0.01502  -1.17254   0.01502  -1.17254   0.00003  -1.46735   0.00003  -1.46735
 -0.20050   0.01290  -1.17189   0.01290  -1.17189   0.00002  -1.46735   0.00002  -1.46735
 -0.15038   0.01118  -1.17133   0.01118  -1.17133   0.00001  -1.46734   0.00001  -1.46734
 -0.10025   0.00935  -1.17086   0.00935  -1.17086   0.00001  -1.46734   0.00001  -1.46734
 -0.05013   0.00737  -1.17049   0.00737  -1.17049   0.00000  -1.46734   0.00000  -1.46734
  0.00000   0.00542  -1.17022   0.00542  -1.17022   0.00000  -1.46734   0.00000  -1.46734
  0.05013   0.00371  -1.17004   0.00371  -1.17004   0.00000  -1.46734   0.00000  -1.46734
  0.10025   0.00237  -1.16992   0.00237  -1.16992   0.00000  -1.46734   0.00000  -1.46734
  0.15038   0.00142  -1.16985   0.00142  -1.16985   0.00000  -1.46734   0.00000  -1.46734
  0.20050   0.00080  -1.16981   0.00080  -1.16981   0.00000  -1.46734   0.00000  -1.46734
  0.25063   0.00043  -1.16978   0.00043  -1.16978   0.00000  -1.46734   0.00000  -1.46734
  0.30075   0.00025  -1.16977   0.00025  -1.16977   0.00000  -1.46734   0.00000  -1.46734
  0.35088   0.00019  -1.16976   0.00019  -1.16976   0.00000  -1.46734   0.00000  -1.46734
  0.40100   0.00025  -1.16975   0.00025  -1.16975  -0.00000  -1.46734  -0.00000  -1.46734
  0.45113   0.00043  -1.16973   0.00043  -1.16973  -0.00000  -1.46734  -0.00000  -1.46734
  0.50125   0.00072  -1.16969   0.00072  -1.16969  -0.00000  -1.46734  -0.00000  -1.46734
  0.55138   0.00110  -1.16964   0.00110  -1.16964  -0.00000  -1.46734  -0.00000  -1.46734
  0.60150   0.00150  -1.16956   0.00150  -1.16956  -0.00000  -1.46734  -0.00000  -1.46734
  0.65163   0.00186  -1.16947   0.00186  -1.16947  -0.00000  -1.46734  -0.00000  -1.46734
  0.70175   0.00210  -1.16936   0.00210  -1.16936  -0.00000  -1.46734  -0.00000  -1.46734
  0.75188   0.00225  -1.16925   0.00225  -1.16925  -0.00000  -1.46734  -0.00000  -1.46734
  0.80201   0.00243  -1.16913   0.00243  -1.16913  -0.00001  -1.46734  -0.00001  -1.46734
  0.85213   0.00280  -1.16899   0.00280  -1.16899  -0.00002  -1.46735  -0.00002  -1.46735
  0.90226   0.00349  -1.16881   0.00349  -1.16881  -0.00005  -1.46735  -0.00005  -1.46735
  0.95238   0.00451  -1.16859   0.00451  -1.16859  -0.00011  -1.46735  -0.00011  -1.46735
  1.00251   0.00574  -1.16830   0.00574  -1.16830  -0.00023  -1.46737  -0.00023  -1.46737
  1.05263   0.00701  -1.16795   0.00701  -1.16795  -0.00042  -1.46739  -0.00042  -1.46739
  1.10276   0.00827  -1.16753   0.00827  -1.16753  -0.00068  -1.46742  -0.00068  -1.46742
  1.15288   0.00982  -1.16704   0.00982  -1.16704  -0.00099  -1.46747  -0.00099  -1.46747
  1.20301   0.01264  -1.16641   0.01264  -1.16641  -0.00129  -1.46753  -0.00129  -1.46753
  1.25313   0.01873  -1.16547   0.01873  -1.16547  -0.00153  -1.46761  -0.00153  -1.46761
  1.30326   0.03148  -1.16389   0.03148  -1.16389  -0.00163  -1.46769  -0.00163  -1.46769
  1.35338   0.05569  -1.16110   0.05569  -1.16110  -0.00158  -1.46777  -0.00158  -1.46777
  1.40351   0.09692  -1.15624   0.09692  -1.15624  -0.00138  -1.46784  -0.00138  -1.46784
  1.45363   0.15973  -1.14824   0.15973  -1.14824  -0.00109  -1.46790  -0.00109  -1.46790
  1.50376   0.24520  -1.13595   0.24520  -1.13595  -0.00077  -1.46793  -0.00077  -1.46793
  1.55388   0.34876  -1.11846   0.34876  -1.11846  -0.00049  -1.46796  -0.00049  -1.46796
  1.60401   0.45999  -1.09541   0.45999  -1.09541  -0.00027  -1.46797  -0.00027  -1.46797
  1.65414   0.56499  -1.06709   0.56499  -1.06709  -0.00012  -1.46798  -0.00012  -1.46798
  1.70426   0.65066  -1.03447   0.65066  -1.03447  -0.00003  -1.46798  -0.00003  -1.46798
  1.75439   0.70869  -0.99895   0.70869  -0.99895   0.00001  -1.46798   0.00001  -1.46798
  1.80451   0.73733  -0.96199   0.73733  -0.96199   0.00003  -1.46798   0.00003  -1.46798
  1.85464   0.74096  -0.92485   0.74096  -0.92485   0.00003  -1.46798   0.00003  -1.46798
  1.90476   0.72812  -0.88835   0.72812  -0.88835   0.00001  -1.46798   0.00001  -1.46798
  1.95489   0.70919  -0.85280   0.70919  -0.85280  -0.00006  -1.46798  -0.00006  -1.46798
  2.00501   0.69363  -0.81803   0.69363  -0.81803  -0.00021  -1.46799  -0.00021  -1.46799
  2.05514   0.68688  -0.78360   0.68688  -0.78360  -0.00048  -1.46801  -0.00048  -1.46801
  2.10526   0.68782  -0.74913   0.68782  -0.74913  -0.00091  -1.46806  -0.00091  -1.46806
  2.15539   0.68836  -0.71462   0.68836  -0.71462  -0.00150  -1.46813  -0.00150  -1.46813
  2.20551   0.67605  -0.68073   0.67605  -0.68073  -0.00225  -1.46825  -0.00225  -1.46825
  2.25564   0.63931  -0.64869   0.63931  -0.64869  -0.00308  -1.46840  -0.00308  -1.46840
  2.30576   0.57284  -0.61998   0.57284  -0.61998  -0.00393  -1.46860  -0.00393  -1.46860
  2.35589   0.48064  -0.59588   0.48064  -0.59588  -0.00476  -1.46884  -0.00476  -1.46884
  2.40602   0.37476  -0.57710   0.37476  -0.57710  -0.00549  -1.46911  -0.00549  -1.46911
  2.45614   0.27040  -0.56354   0.27040  -0.56354  -0.00603  -1.46941  -0.00603  -1.46941
  2.50627   0.18030  -0.55451   0.18030  -0.55451  -0.00621  -1.46972  -0.00621  -1.46972
  2.55639   0.11116  -0.54893   0.11116  -0.54893  -0.00587  -1.47002  -0.00587  -1.47002
  2.60652   0.06347  -0.54575   0.06347  -0.54575  -0.00492  -1.47027  -0.00492  -1.47027
  2.65664   0.03361  -0.54407   0.03361  -0.54407  -0.00328  -1.47043  -0.00328  -1.47043
  2.70677   0.01651  -0.54324   0.01651  -0.54324  -0.00060  -1.47046  -0.00060  -1.47046
  2.75689   0.00751  -0.54286   0.00751  -0.54286   0.00408  -1.47026   0.00408  -1.47026
  2.80702   0.00315  -0.54271   0.00315  -0.54271   0.01274  -1.46962   0.01274  -1.46962
  2.85714   0.00121  -0.54265   0.00121  -0.54265   0.02832  -1.46820   0.02832  -1.46820
  2.90727   0.00043  -0.54262   0.00043  -0.54262   0.05399  -1.46549   0.05399  -1.46549
  2.95739   0.00014  -0.54262   0.00014  -0.54262   0.09159  -1.46090   0.09159  -1.46090
  3.00752   0.00004  -0.54262   0.00004  -0.54262   0.13984  -1.45389   0.13984  -1.45389
  3.05764   0.00001  -0.54261   0.00001  -0.54261   0.19350  -1.44419   0.19350  -1.44419
  3.10777   0.00000  -0.54261   0.00000  -0.54261   0.24445  -1.43194   0.24445  -1.43194
  3.15789   0.00000  -0.54261   0.00000  -0.54261   0.28459  -1.41767   0.28459  -1.41767
  3.20802   0.00000  -0.54261   0.00000  -0.54261   0.30906  -1.40218   0.30906  -1.40218
  3.25815   0.00000  -0.54261   0.00000  -0.54261   0.31788  -1.38625   0.31788  -1.38625
  3.30827   0.00000  -0.54261   0.00000  -0.54261   0.31535  -1.37044   0.31535  -1.37044
  3.35840   0.00000  -0.54261   0.00000  -0.54261   0.30791  -1.35501   0.30791  -1.35501
  3.40852   0.00000  -0.54261   0.00000  -0.54261   0.30202  -1.33987   0.30202  -1.33987
  3.45865   0.00000  -0.54261   0.00000  -0.54261   0.30289  -1.32468   0.30289  -1.32468
  3.50877   0.00000  -0.54261   0.00000  -0.54261   0.31386  -1.30895   0.31386  -1.30895
  3.55890   0.00000  -0.54261   0.00000  -0.54261   0.33568  -1.29213   0.33568  -1.29213
  3.60902   0.00000  -0.54261   0.00000  -0.54261   0.36548  -1.27381   0.36548  -1.27381
  3.65915   0.00000  -0.54261   0.00000  -0.54261   0.39649  -1.25393   0.39649  -1.25393
  3.70927   0.00000  -0.54261   0.00000  -0.54261   0.41961  -1.23290   0.41961  -1.23290
  3.75940   0.00000  -0.54261   0.00000  -0.54261   0.42741  -1.21148   0.42741  -1.21148
  3.80952   0.00000  -0.54261   0.00000  -0.54261   0.41863  -1.19049   0.41863  -1.19049
  3.85965   0.00000  -0.54261   0.00000  -0.54261   0.40029  -1.17043   0.40029  -1.17043
  3.90977   0.00000  -0.54261   0.00000  -0.54261   0.38548  -1.15110   0.38548  -1.15110
  3.95990   0.00000  -0.54261   0.00000  -0.54261   0.38783  -1.13166   0.38783  -1.13166
  4.01003   0.00000  -0.54261   0.00000  -0.54261   0.41649  -1.11079   0.41649  -1.11079
  4.06015   0.00000  -0.54261   0.00000  -0.54261   0.47470  -1.08699   0.47470  -1.08699
  4.11028   0.00000  -0.54261   0.00000  -0.54261   0.56190  -1.05883   0.56190  -1.05883
  4.16040   0.00000  -0.54261   0.00000  -0.54261   0.67583  -1.02495   0.67583  -1.02495
  4.21053   0.00000  -0.54261   0.00000  -0.54261   0.81152  -0.98427   0.81152  -0.98427
  4.26065   0.00000  -0.54261   0.00000  -0.54261   0.95732  -0.93629   0.95732  -0.93629
  4.31078   0.00000  -0.54261   0.00000  -0.54261   1.09185  -0.88156   1.09185  -0.88156
  4.36090   0.00000  -0.54261   0.00000  -0.54261   1.18614  -0.82210   1.18614  -0.82210
  4.41103   0.00000  -0.54261   0.00000  -0.54261   1.21220  -0.76134   1.21220  -0.76134
  4.46115   0.00000  -0.54261   0.00000  -0.54261   1.15435  -0.70348   1.15435  -0.70348
  4.51128   0.00000  -0.54261   0.00000  -0.54261   1.01728  -0.65249   1.01728  -0.65249
  4.56140   0.00000  -0.54261   0.00000  -0.54261   0.82570  -0.61110   0.82570  -0.61110
  4.61153   0.00000  -0.54261   0.00000  -0.54261   0.61536  -0.58025   0.61536  -0.58025
  4.66165   0.00000  -0.54261   0.00000  -0.54261   0.42033  -0.55918   0.42033  -0.55918
  4.71178   0.00000  -0.54261   0.00000  -0.54261   0.26297  -0.54600   0.26297  -0.54600
  4.76190   0.00000  -0.54261   0.00000  -0.54261   0.15072  -0.53845   0.15072  -0.53845
  4.81203   0.00000  -0.54261   0.00000  -0.54261   0.07920  -0.53448   0.07920  -0.53448
  4.86216   0.00000  -0.54261   0.00000  -0.54261   0.03821  -0.53256   0.03821  -0.53256
  4.91228   0.00000  -0.54261   0.00000  -0.54261   0.01694  -0.53171   0.01694  -0.53171
  4.96241   0.00000  -0.54261   0.00000  -0.54261   0.00690  -0.53137   0.00690  -0.53137
  5.01253   0.00000  -0.54261   0.00000  -0.54261   0.00258  -0.53124   0.00258  -0.53124
  5.06266   0.00000  -0.54261   0.00000  -0.54261   0.00089  -0.53119   0.00089  -0.53119
  5.11278   0.00000  -0.54261   0.00000  -0.54261   0.00028  -0.53118   0.00028  -0.53118
  5.16291   0.00000  -0.54261   0.00000  -0.54261   0.00008  -0.53118   0.00008  -0.53118
  5.21303   0.00000  -0.54261   0.00000  -0.54261   0.00002  -0.53118   0.00002  -0.53118
  5.26316   0.00000  -0.54261   0.00000  -0.54261   0.00000  -0.53118   0.00000  -0.53118
  5.31328   0.00000  -0.54261   0.00000  -0.54261   0.00000  -0.53118   0.00000  -0.53118
  5.36341   0.00000  -0.54261   0.00000  -0.54261   0.00000  -0.53118   0.00000  -0.53118
  5.41353   0.00000  -0.54261   0.00000  -0.54261   0.00000  -0.53118   0.00000  -0.53118
  5.46366   0.00000  -0.54261   0.00000  -0.54261   0.00000  -0.53118   0.00000  -0.53118
  5.51378   0.00000  -0.54261   0.00000  -0.54261   0.00000  -0.53118   0.00000  -0.53118
  5.56391   0.00000  -0.54261   0.00000  -0.54261   0.00000  -0.53118   0.00000  -0.53118
  5.61404   0.00000  -0.54261   0.00000  -0.54261   0.00000  -0.53118   0.00000  -0.53118
  5.66416   0.00000  -0.54261   0.00000  -0.54261   0.00000  -0.53118   0.00000  -0.53118
  5.71429   0.00000  -0.54261   0.00000  -0.54261   0.00000  -0.53118   0.00000  -0.53118
  5.76441   0.00000  -0.54261   0.00000  -0.54261   0.00000  -0.53118   0.00000  -0.53118
  5.81454   0.00000  -0.54261   0.00000  -0.54261   0.00000  -0.53118   0.00000  -0.53118
  5.86466   0.00000  -0.54261   0.00000  -0.54261   0.00000  -0.53118   0.00000  -0.53118
  5.91479   0.00000  -0.54261   0.00000  -0.54261   0.00000  -0.53118   0.00000  -0.53118
  5.96491   0.00001  -0.54261   0.00001  -0.54261   0.00000  -0.53118   0.00000  -0.53118
  6.01504   0.00001  -0.54261   0.00001  -0.54261   0.00000  -0.53117   0.00000  -0.53117
  6.06516   0.00003  -0.54261   0.00003  -0.54261   0.00000  -0.53117   0.00000  -0.53117
  6.11529   0.00007  -0.54261   0.00007  -0.54261   0.00000  -0.53117   0.00000  -0.53117
  6.16541   0.00014  -0.54260   0.00014  -0.54260   0.00001  -0.53117   0.00001  -0.53117
  6.21554   0.00024  -0.54259   0.00024  -0.54259   0.00002  -0.53117   0.00002  -0.53117
  6.26566   0.00039  -0.54257   0.00039  -0.54257   0.00003  -0.53117   0.00003  -0.53117
  6.31579   0.00060  -0.54254   0.00060  -0.54254   0.00007  -0.53117   0.00007  -0.53117
  6.36591   0.00086  -0.54250   0.00086  -0.54250   0.00013  -0.53116   0.00013  -0.53116
  6.41604   0.00114  -0.54244   0.00114  -0.54244   0.00022  -0.53115   0.00022  -0.53115
  6.46617   0.00143  -0.54237   0.00143  -0.54237   0.00035  -0.53113   0.00035  -0.53113
  6.51629   0.00167  -0.54228   0.00167  -0.54228   0.00053  -0.53111   0.00053  -0.53111
  6.56642   0.00184  -0.54219   0.00184  -0.54219   0.00074  -0.53107   0.00074  -0.53107
  6.61654   0.00193  -0.54210   0.00193  -0.54210   0.00096  -0.53102   0.00096  -0.53102
  6.66667   0.00197  -0.54200   0.00197  -0.54200   0.00118  -0.53096   0.00118  -0.53096
  6.71679   0.00204  -0.54189   0.00204  -0.54189   0.00135  -0.53090   0.00135  -0.53090
  6.76692   0.00224  -0.54178   0.00224  -0.54178   0.00147  -0.53082   0.00147  -0.53082
  6.81704   0.00265  -0.54165   0.00265  -0.54165   0.00155  -0.53074   0.00155  -0.53074
  6.86717   0.00333  -0.54148   0.00333  -0.54148   0.00162  -0.53066   0.00162  -0.53066
  6.91729   0.00431  -0.54127   0.00431  -0.54127   0.00176  -0.53057   0.00176  -0.53057
  6.96742   0.00554  -0.54099   0.00554  -0.54099   0.00203  -0.53047   0.00203  -0.53047
  7.01754   0.00698  -0.54064   0.00698  -0.54064   0.00250  -0.53035   0.00250  -0.53035
  7.06767   0.00856  -0.54021   0.00856  -0.54021   0.00317  -0.53019   0.00317  -0.53019
  7.11779   0.01018  -0.53970   0.01018  -0.53970   0.00404  -0.52999   0.00404  -0.52999
  7.16792   0.01173  -0.53911   0.01173  -0.53911   0.00510  -0.52973   0.00510  -0.52973
  7.21805   0.01311  -0.53845   0.01311  -0.53845   0.00633  -0.52941   0.00633  -0.52941
  7.26817   0.01430  -0.53774   0.01430  -0.53774   0.00773  -0.52903   0.00773  -0.52903
  7.31830   0.01546  -0.53696   0.01546  -0.53696   0.00926  -0.52856   0.00926  -0.52856
  7.36842   0.01690  -0.53611   0.01690  -0.53611   0.01085  -0.52802   0.01085  -0.52802
  7.41855   0.01896  -0.53516   0.01896  -0.53516   0.01238  -0.52740   0.01238  -0.52740
  7.46867   0.02179  -0.53407   0.02179  -0.53407   0.01378  -0.52671   0.01378  -0.52671
  7.51880   0.02514  -0.53281   0.02514  -0.53281   0.01514  -0.52595   0.01514  -0.52595
  7.56892   0.02840  -0.53139   0.02840  -0.53139   0.01670  -0.52511   0.01670  -0.52511
  7.61905   0.03092  -0.52984   0.03092  -0.52984   0.01879  -0.52417   0.01879  -0.52417
  7.66917   0.03239  -0.52822   0.03239  -0.52822   0.02157  -0.52309   0.02157  -0.52309
  7.71930   0.03309  -0.52656   0.03309  -0.52656   0.02485  -0.52184   0.02485  -0.52184
  7.76942   0.03384  -0.52486   0.03384  -0.52486   0.02810  -0.52043   0.02810  -0.52043
  7.81955   0.03551  -0.52308   0.03551  -0.52308   0.03068  -0.51889   0.03068  -0.51889
  7.86967   0.03860  -0.52115   0.03860  -0.52115   0.03230  -0.51728   0.03230  -0.51728
  7.91980   0.04300  -0.51899   0.04300  -0.51899   0.03319  -0.51561   0.03319  -0.51561
  7.96992   0.04807  -0.51658   0.04807  -0.51658   0.03408  -0.51390   0.03408  -0.51390
  8.02005   0.05298  -0.51392   0.05298  -0.51392   0.03577  -0.51211   0.03577  -0.51211
  8.07018   0.05714  -0.51106   0.05714  -0.51106   0.03876  -0.51017   0.03876  -0.51017
  8.12030   0.06048  -0.50803   0.06048  -0.50803   0.04299  -0.50801   0.04299  -0.50801
  8.17043   0.06357  -0.50484   0.06357  -0.50484   0.04790  -0.50561   0.04790  -0.50561
  8.22055   0.06735  -0.50147   0.06735  -0.50147   0.05272  -0.50297   0.05272  -0.50297
  8.27068   0.07267  -0.49782   0.07267  -0.49782   0.05689  -0.50012   0.05689  -0.50012
  8.32080   0.07979  -0.49382   0.07979  -0.49382   0.06039  -0.49709   0.06039  -0.49709
  8.37093   0.08813  -0.48941   0.08813  -0.48941   0.06380  -0.49389   0.06380  -0.49389
  8.42105   0.09654  -0.48457   0.09654  -0.48457   0.06795  -0.49049   0.06795  -0.49049
  8.47118   0.10381  -0.47936   0.10381  -0.47936   0.07348  -0.48680   0.07348  -0.48680
  8.52130   0.10928  -0.47389   0.10928  -0.47389   0.08036  -0.48278   0.08036  -0.48278
  8.57143   0.11308  -0.46822   0.11308  -0.46822   0.08791  -0.47837   0.08791  -0.47837
  8.62155   0.11597  -0.46240   0.11597  -0.46240   0.09507  -0.47360   0.09507  -0.47360
  8.67168   0.11886  -0.45645   0.11886  -0.45645   0.10094  -0.46854   0.10094  -0.46854
  8.72180   0.12235  -0.45031   0.12235  -0.45031   0.10515  -0.46327   0.10515  -0.46327
  8.77193   0.12658  -0.44397   0.12658  -0.44397   0.10800  -0.45786   0.10800  -0.45786
  8.82206   0.13130  -0.43739   0.13130  -0.43739   0.11027  -0.45233   0.11027  -0.45233
  8.87218   0.13621  -0.43056   0.13621  -0.43056   0.11289  -0.44667   0.11289  -0.44667
  8.92231   0.14115  -0.42348   0.14115  -0.42348   0.11662  -0.44083   0.11662  -0.44083
  8.97243   0.14607  -0.41616   0.14607  -0.41616   0.12191  -0.43472   0.12191  -0.43472
  9.02256   0.15074  -0.40861   0.15074  -0.40861   0.12880  -0.42826   0.12880  -0.42826
  9.07268   0.15464  -0.40086   0.15464  -0.40086   0.13687  -0.42140   0.13687  -0.42140
  9.12281   0.15704  -0.39298   0.15704  -0.39298   0.14522  -0.41412   0.14522  -0.41412
  9.17293   0.15748  -0.38509   0.15748  -0.38509   0.15250  -0.40648   0.15250  -0.40648
  9.22306   0.15608  -0.37727   0.15608  -0.37727   0.15739  -0.39859   0.15739  -0.39859
  9.27318   0.15341  -0.36958   0.15341  -0.36958   0.15918  -0.39061   0.15918  -0.39061
  9.32331   0.15007  -0.36205   0.15007  -0.36205   0.15820  -0.38268   0.15820  -0.38268
  9.37343   0.14623  -0.35473   0.14623  -0.35473   0.15554  -0.37488   0.15554  -0.37488
  9.42356   0.14169  -0.34762   0.14169  -0.34762   0.15239  -0.36724   0.15239  -0.36724
  9.47368   0.13630  -0.34079   0.13630  -0.34079   0.14920  -0.35977   0.14920  -0.35977
  9.52381   0.13029  -0.33426   0.13029  -0.33426   0.14563  -0.35247   0.14563  -0.35247
  9.57393   0.12433  -0.32803   0.12433  -0.32803   0.14108  -0.34539   0.14108  -0.34539
  9.62406   0.11924  -0.32205   0.11924  -0.32205   0.13542  -0.33861   0.13542  -0.33861
  9.67419   0.11571  -0.31625   0.11571  -0.31625   0.12928  -0.33213   0.12928  -0.33213
  9.72431   0.11421  -0.31053   0.11421  -0.31053   0.12376  -0.32592   0.12376  -0.32592
  9.77444   0.11500  -0.30476   0.11500  -0.30476   0.11988  -0.31991   0.11988  -0.31991
  9.82456   0.11815  -0.29884   0.11815  -0.29884   0.11820  -0.31399   0.11820  -0.31399
  9.87469   0.12339  -0.29265   0.12339  -0.29265   0.11890  -0.30803   0.11890  -0.30803
  9.92481   0.13000  -0.28614   0.13000  -0.28614   0.12191  -0.30192   0.12191  -0.30192
  9.97494   0.13679  -0.27928   0.13679  -0.27928   0.12696  -0.29555   0.12696  -0.29555
 10.02506   0.14240  -0.27214   0.14240  -0.27214   0.13347  -0.28886   0.13347  -0.28886