ESCALE ; pCOHP file generated by LOBSTER. Energy is shifted such that the Fermi level lies at 0 eV.
         2          2        401  -6.04511e+00   1.40050e+01   3.97995e+00 
Average
No.1:Ni49->O91(2.0442048058844229)
-10.02506   0.00000  -0.36316   0.00000  -0.36316   0.00000  -0.34971   0.00000  -0.34971
 -9.97494   0.00000  -0.36316   0.00000  -0.36316   0.00000  -0.34971   0.00000  -0.34971
 -9.92481   0.00000  -0.36316   0.00000  -0.36316   0.00000  -0.34971   0.00000  -0.34971
 -9.87469   0.00000  -0.36316   0.00000  -0.36316   0.00000  -0.34971   0.00000  -0.34971
 -9.82456   0.00000  -0.36316   0.00000  -0.36316   0.00000  -0.34971   0.00000  -0.34971
 -9.77444   0.00000  -0.36316   0.00000  -0.36316   0.00000  -0.34971   0.00000  -0.34971
 -9.72431   0.00000  -0.36316   0.00000  -0.36316   0.00000  -0.34971   0.00000  -0.34971
 -9.67419   0.00000  -0.36316   0.00000  -0.36316   0.00000  -0.34971   0.00000  -0.34971
 -9.62406   0.00000  -0.36316   0.00000  -0.36316   0.00000  -0.34971   0.00000  -0.34971
 -9.57393   0.00000  -0.36316   0.00000  -0.36316   0.00000  -0.34971   0.00000  -0.34971
 -9.52381   0.00000  -0.36316   0.00000  -0.36316   0.00000  -0.34971   0.00000  -0.34971
 -9.47368   0.00000  -0.36316   0.00000  -0.36316   0.00000  -0.34971   0.00000  -0.34971
 -9.42356   0.00000  -0.36316   0.00000  -0.36316   0.00000  -0.34971   0.00000  -0.34971
 -9.37343   0.00000  -0.36316   0.00000  -0.36316   0.00000  -0.34971   0.00000  -0.34971
 -9.32331   0.00000  -0.36316   0.00000  -0.36316   0.00000  -0.34971   0.00000  -0.34971
 -9.27318   0.00000  -0.36316   0.00000  -0.36316   0.00000  -0.34971   0.00000  -0.34971
 -9.22306   0.00000  -0.36316   0.00000  -0.36316   0.00000  -0.34971   0.00000  -0.34971
 -9.17293   0.00000  -0.36316   0.00000  -0.36316   0.00000  -0.34971   0.00000  -0.34971
 -9.12281   0.00000  -0.36316   0.00000  -0.36316   0.00000  -0.34971   0.00000  -0.34971
 -9.07268   0.00000  -0.36316   0.00000  -0.36316   0.00000  -0.34971   0.00000  -0.34971
 -9.02256   0.00000  -0.36316   0.00000  -0.36316   0.00000  -0.34971   0.00000  -0.34971
 -8.97243   0.00000  -0.36316   0.00000  -0.36316   0.00000  -0.34971   0.00000  -0.34971
 -8.92231  -0.00000  -0.36316  -0.00000  -0.36316   0.00000  -0.34971   0.00000  -0.34971
 -8.87218  -0.00000  -0.36316  -0.00000  -0.36316   0.00000  -0.34971   0.00000  -0.34971
 -8.82206  -0.00000  -0.36316  -0.00000  -0.36316   0.00000  -0.34971   0.00000  -0.34971
 -8.77193   0.00000  -0.36316   0.00000  -0.36316   0.00000  -0.34971   0.00000  -0.34971
 -8.72180  -0.00000  -0.36316  -0.00000  -0.36316   0.00000  -0.34971   0.00000  -0.34971
 -8.67168  -0.00000  -0.36316  -0.00000  -0.36316   0.00000  -0.34971   0.00000  -0.34971
 -8.62155  -0.00000  -0.36316  -0.00000  -0.36316   0.00000  -0.34971   0.00000  -0.34971
 -8.57143  -0.00000  -0.36316  -0.00000  -0.36316   0.00000  -0.34971   0.00000  -0.34971
 -8.52130  -0.00000  -0.36316  -0.00000  -0.36316   0.00000  -0.34971   0.00000  -0.34971
 -8.47118  -0.00000  -0.36316  -0.00000  -0.36316   0.00000  -0.34971   0.00000  -0.34971
 -8.42105  -0.00000  -0.36316  -0.00000  -0.36316   0.00000  -0.34971   0.00000  -0.34971
 -8.37093  -0.00000  -0.36316  -0.00000  -0.36316   0.00000  -0.34971   0.00000  -0.34971
 -8.32080  -0.00000  -0.36316  -0.00000  -0.36316   0.00000  -0.34971   0.00000  -0.34971
 -8.27068  -0.00000  -0.36316  -0.00000  -0.36316   0.00000  -0.34971   0.00000  -0.34971
 -8.22055  -0.00000  -0.36316  -0.00000  -0.36316   0.00000  -0.34971   0.00000  -0.34971
 -8.17043  -0.00001  -0.36316  -0.00001  -0.36316   0.00000  -0.34971   0.00000  -0.34971
 -8.12030  -0.00002  -0.36316  -0.00002  -0.36316   0.00000  -0.34971   0.00000  -0.34971
 -8.07018  -0.00007  -0.36317  -0.00007  -0.36317   0.00000  -0.34971   0.00000  -0.34971
 -8.02005  -0.00017  -0.36318  -0.00017  -0.36318   0.00000  -0.34971   0.00000  -0.34971
 -7.96992  -0.00039  -0.36319  -0.00039  -0.36319   0.00000  -0.34971   0.00000  -0.34971
 -7.91980  -0.00081  -0.36324  -0.00081  -0.36324   0.00000  -0.34971   0.00000  -0.34971
 -7.86967  -0.00151  -0.36331  -0.00151  -0.36331   0.00000  -0.34971   0.00000  -0.34971
 -7.81955  -0.00256  -0.36344  -0.00256  -0.36344   0.00000  -0.34971   0.00000  -0.34971
 -7.76942  -0.00389  -0.36363  -0.00389  -0.36363   0.00000  -0.34971   0.00000  -0.34971
 -7.71930  -0.00532  -0.36390  -0.00532  -0.36390   0.00000  -0.34971   0.00000  -0.34971
 -7.66917  -0.00654  -0.36423  -0.00654  -0.36423  -0.00000  -0.34971  -0.00000  -0.34971
 -7.61905  -0.00720  -0.36459  -0.00720  -0.36459  -0.00000  -0.34971  -0.00000  -0.34971
 -7.56892  -0.00711  -0.36495  -0.00711  -0.36495  -0.00000  -0.34971  -0.00000  -0.34971
 -7.51880  -0.00629  -0.36526  -0.00629  -0.36526  -0.00000  -0.34971  -0.00000  -0.34971
 -7.46867  -0.00505  -0.36551  -0.00505  -0.36551  -0.00000  -0.34971  -0.00000  -0.34971
 -7.41855  -0.00384  -0.36571  -0.00384  -0.36571  -0.00000  -0.34971  -0.00000  -0.34971
 -7.36842  -0.00317  -0.36587  -0.00317  -0.36587  -0.00000  -0.34971  -0.00000  -0.34971
 -7.31830  -0.00345  -0.36604  -0.00345  -0.36604  -0.00000  -0.34971  -0.00000  -0.34971
 -7.26817  -0.00497  -0.36629  -0.00497  -0.36629  -0.00000  -0.34971  -0.00000  -0.34971
 -7.21805  -0.00779  -0.36668  -0.00779  -0.36668  -0.00000  -0.34971  -0.00000  -0.34971
 -7.16792  -0.01163  -0.36726  -0.01163  -0.36726  -0.00000  -0.34971  -0.00000  -0.34971
 -7.11779  -0.01597  -0.36806  -0.01597  -0.36806  -0.00000  -0.34971  -0.00000  -0.34971
 -7.06767  -0.02036  -0.36908  -0.02036  -0.36908  -0.00000  -0.34971  -0.00000  -0.34971
 -7.01754  -0.02483  -0.37033  -0.02483  -0.37033  -0.00001  -0.34971  -0.00001  -0.34971
 -6.96742  -0.03029  -0.37185  -0.03029  -0.37185  -0.00004  -0.34971  -0.00004  -0.34971
 -6.91729  -0.03823  -0.37376  -0.03823  -0.37376  -0.00012  -0.34971  -0.00012  -0.34971
 -6.86717  -0.04986  -0.37626  -0.04986  -0.37626  -0.00037  -0.34973  -0.00037  -0.34973
 -6.81704  -0.06509  -0.37952  -0.06509  -0.37952  -0.00101  -0.34978  -0.00101  -0.34978
 -6.76692  -0.08221  -0.38364  -0.08221  -0.38364  -0.00242  -0.34990  -0.00242  -0.34990
 -6.71679  -0.09849  -0.38858  -0.09849  -0.38858  -0.00519  -0.35016  -0.00519  -0.35016
 -6.66667  -0.11172  -0.39418  -0.11172  -0.39418  -0.00993  -0.35066  -0.00993  -0.35066
 -6.61654  -0.12177  -0.40029  -0.12177  -0.40029  -0.01695  -0.35151  -0.01695  -0.35151
 -6.56642  -0.13129  -0.40687  -0.13129  -0.40687  -0.02590  -0.35281  -0.02590  -0.35281
 -6.51629  -0.14498  -0.41413  -0.14498  -0.41413  -0.03550  -0.35459  -0.03550  -0.35459
 -6.46617  -0.16778  -0.42254  -0.16778  -0.42254  -0.04381  -0.35679  -0.04381  -0.35679
 -6.41604  -0.20269  -0.43270  -0.20269  -0.43270  -0.04894  -0.35924  -0.04894  -0.35924
 -6.36591  -0.24917  -0.44519  -0.24917  -0.44519  -0.04986  -0.36174  -0.04986  -0.36174
 -6.31579  -0.30279  -0.46037  -0.30279  -0.46037  -0.04693  -0.36409  -0.04693  -0.36409
 -6.26566  -0.35617  -0.47822  -0.35617  -0.47822  -0.04167  -0.36618  -0.04167  -0.36618
 -6.21554  -0.40093  -0.49832  -0.40093  -0.49832  -0.03602  -0.36798  -0.03602  -0.36798
 -6.16541  -0.42979  -0.51986  -0.42979  -0.51986  -0.03153  -0.36956  -0.03153  -0.36956
 -6.11529  -0.43819  -0.54183  -0.43819  -0.54183  -0.02894  -0.37102  -0.02894  -0.37102
 -6.06516  -0.42495  -0.56313  -0.42495  -0.56313  -0.02814  -0.37243  -0.02814  -0.37243
 -6.01504  -0.39233  -0.58279  -0.39233  -0.58279  -0.02858  -0.37386  -0.02858  -0.37386
 -5.96491  -0.34556  -0.60012  -0.34556  -0.60012  -0.02972  -0.37535  -0.02972  -0.37535
 -5.91479  -0.29195  -0.61475  -0.29195  -0.61475  -0.03130  -0.37692  -0.03130  -0.37692
 -5.86466  -0.23946  -0.62675  -0.23946  -0.62675  -0.03337  -0.37859  -0.03337  -0.37859
 -5.81454  -0.19482  -0.63652  -0.19482  -0.63652  -0.03612  -0.38040  -0.03612  -0.38040
 -5.76441  -0.16186  -0.64463  -0.16186  -0.64463  -0.03970  -0.38239  -0.03970  -0.38239
 -5.71429  -0.14090  -0.65169  -0.14090  -0.65169  -0.04424  -0.38461  -0.04424  -0.38461
 -5.66416  -0.12950  -0.65819  -0.12950  -0.65819  -0.04988  -0.38711  -0.04988  -0.38711
 -5.61404  -0.12400  -0.66440  -0.12400  -0.66440  -0.05687  -0.38996  -0.05687  -0.38996
 -5.56391  -0.12120  -0.67048  -0.12120  -0.67048  -0.06551  -0.39324  -0.06551  -0.39324
 -5.51378  -0.11915  -0.67645  -0.11915  -0.67645  -0.07600  -0.39705  -0.07600  -0.39705
 -5.46366  -0.11708  -0.68232  -0.11708  -0.68232  -0.08814  -0.40147  -0.08814  -0.40147
 -5.41353  -0.11482  -0.68807  -0.11482  -0.68807  -0.10112  -0.40654  -0.10112  -0.40654
 -5.36341  -0.11227  -0.69370  -0.11227  -0.69370  -0.11338  -0.41222  -0.11338  -0.41222
 -5.31328  -0.10924  -0.69918  -0.10924  -0.69918  -0.12293  -0.41838  -0.12293  -0.41838
 -5.26316  -0.10568  -0.70447  -0.10568  -0.70447  -0.12801  -0.42480  -0.12801  -0.42480
 -5.21303  -0.10179  -0.70958  -0.10179  -0.70958  -0.12788  -0.43121  -0.12788  -0.43121
 -5.16291  -0.09819  -0.71450  -0.09819  -0.71450  -0.12330  -0.43739  -0.12330  -0.43739
 -5.11278  -0.09581  -0.71930  -0.09581  -0.71930  -0.11629  -0.44322  -0.11629  -0.44322
 -5.06266  -0.09566  -0.72410  -0.09566  -0.72410  -0.10936  -0.44870  -0.10936  -0.44870
 -5.01253  -0.09859  -0.72904  -0.09859  -0.72904  -0.10457  -0.45394  -0.10457  -0.45394
 -4.96241  -0.10494  -0.73430  -0.10494  -0.73430  -0.10304  -0.45911  -0.10304  -0.45911
 -4.91228  -0.11442  -0.74003  -0.11442  -0.74003  -0.10480  -0.46436  -0.10480  -0.46436
 -4.86216  -0.12630  -0.74636  -0.12630  -0.74636  -0.10908  -0.46983  -0.10908  -0.46983
 -4.81203  -0.13978  -0.75337  -0.13978  -0.75337  -0.11473  -0.47558  -0.11473  -0.47558
 -4.76190  -0.15450  -0.76111  -0.15450  -0.76111  -0.12058  -0.48163  -0.12058  -0.48163
 -4.71178  -0.17043  -0.76966  -0.17043  -0.76966  -0.12585  -0.48793  -0.12585  -0.48793
 -4.66165  -0.18728  -0.77905  -0.18728  -0.77905  -0.13039  -0.49447  -0.13039  -0.49447
 -4.61153  -0.20353  -0.78925  -0.20353  -0.78925  -0.13490  -0.50123  -0.13490  -0.50123
 -4.56140  -0.21612  -0.80008  -0.21612  -0.80008  -0.14063  -0.50828  -0.14063  -0.50828
 -4.51128  -0.22119  -0.81117  -0.22119  -0.81117  -0.14887  -0.51574  -0.14887  -0.51574
 -4.46115  -0.21584  -0.82199  -0.21584  -0.82199  -0.16011  -0.52377  -0.16011  -0.52377
 -4.41103  -0.19972  -0.83200  -0.19972  -0.83200  -0.17351  -0.53247  -0.17351  -0.53247
 -4.36090  -0.17562  -0.84080  -0.17562  -0.84080  -0.18700  -0.54184  -0.18700  -0.54184
 -4.31078  -0.14835  -0.84824  -0.14835  -0.84824  -0.19802  -0.55176  -0.19802  -0.55176
 -4.26065  -0.12277  -0.85439  -0.12277  -0.85439  -0.20453  -0.56202  -0.20453  -0.56202
 -4.21053  -0.10197  -0.85950  -0.10197  -0.85950  -0.20573  -0.57233  -0.20573  -0.57233
 -4.16040  -0.08655  -0.86384  -0.08655  -0.86384  -0.20213  -0.58246  -0.20213  -0.58246
 -4.11028  -0.07518  -0.86761  -0.07518  -0.86761  -0.19522  -0.59225  -0.19522  -0.59225
 -4.06015  -0.06589  -0.87091  -0.06589  -0.87091  -0.18687  -0.60161  -0.18687  -0.60161
 -4.01003  -0.05727  -0.87378  -0.05727  -0.87378  -0.17891  -0.61058  -0.17891  -0.61058
 -3.95990  -0.04897  -0.87624  -0.04897  -0.87624  -0.17290  -0.61925  -0.17290  -0.61925
 -3.90977  -0.04159  -0.87832  -0.04159  -0.87832  -0.16991  -0.62776  -0.16991  -0.62776
 -3.85965  -0.03613  -0.88013  -0.03613  -0.88013  -0.17036  -0.63630  -0.17036  -0.63630
 -3.80952  -0.03342  -0.88181  -0.03342  -0.88181  -0.17386  -0.64502  -0.17386  -0.64502
 -3.75940  -0.03369  -0.88350  -0.03369  -0.88350  -0.17915  -0.65400  -0.17915  -0.65400
 -3.70927  -0.03656  -0.88533  -0.03656  -0.88533  -0.18441  -0.66324  -0.18441  -0.66324
 -3.65915  -0.04108  -0.88739  -0.04108  -0.88739  -0.18769  -0.67265  -0.18769  -0.67265
 -3.60902  -0.04598  -0.88969  -0.04598  -0.88969  -0.18761  -0.68205  -0.18761  -0.68205
 -3.55890  -0.04992  -0.89220  -0.04992  -0.89220  -0.18381  -0.69127  -0.18381  -0.69127
 -3.50877  -0.05174  -0.89479  -0.05174  -0.89479  -0.17707  -0.70014  -0.17707  -0.70014
 -3.45865  -0.05069  -0.89733  -0.05069  -0.89733  -0.16883  -0.70861  -0.16883  -0.70861
 -3.40852  -0.04653  -0.89966  -0.04653  -0.89966  -0.16061  -0.71666  -0.16061  -0.71666
 -3.35840  -0.03957  -0.90165  -0.03957  -0.90165  -0.15358  -0.72436  -0.15358  -0.72436
 -3.30827  -0.03057  -0.90318  -0.03057  -0.90318  -0.14837  -0.73179  -0.14837  -0.73179
 -3.25815  -0.02044  -0.90420  -0.02044  -0.90420  -0.14522  -0.73907  -0.14522  -0.73907
 -3.20802  -0.00991  -0.90470  -0.00991  -0.90470  -0.14418  -0.74630  -0.14418  -0.74630
 -3.15789   0.00082  -0.90466   0.00082  -0.90466  -0.14519  -0.75358  -0.14519  -0.75358
 -3.10777   0.01213  -0.90405   0.01213  -0.90405  -0.14824  -0.76101  -0.14824  -0.76101
 -3.05764   0.02465  -0.90281   0.02465  -0.90281  -0.15346  -0.76870  -0.15346  -0.76870
 -3.00752   0.03864  -0.90088   0.03864  -0.90088  -0.16110  -0.77677  -0.16110  -0.77677
 -2.95739   0.05333  -0.89820   0.05333  -0.89820  -0.17139  -0.78537  -0.17139  -0.78537
 -2.90727   0.06686  -0.89485   0.06686  -0.89485  -0.18427  -0.79460  -0.18427  -0.79460
 -2.85714   0.07682  -0.89100   0.07682  -0.89100  -0.19909  -0.80458  -0.19909  -0.80458
 -2.80702   0.08136  -0.88692   0.08136  -0.88692  -0.21439  -0.81533  -0.21439  -0.81533
 -2.75689   0.08002  -0.88291   0.08002  -0.88291  -0.22798  -0.82675  -0.22798  -0.82675
 -2.70677   0.07395  -0.87921   0.07395  -0.87921  -0.23725  -0.83865  -0.23725  -0.83865
 -2.65664   0.06533  -0.87593   0.06533  -0.87593  -0.23973  -0.85066  -0.23973  -0.85066
 -2.60652   0.05637  -0.87310   0.05637  -0.87310  -0.23370  -0.86238  -0.23370  -0.86238
 -2.55639   0.04860  -0.87067   0.04860  -0.87067  -0.21855  -0.87333  -0.21855  -0.87333
 -2.50627   0.04261  -0.86853   0.04261  -0.86853  -0.19492  -0.88310  -0.19492  -0.88310
 -2.45614   0.03830  -0.86661   0.03830  -0.86661  -0.16476  -0.89136  -0.16476  -0.89136
 -2.40602   0.03526  -0.86485   0.03526  -0.86485  -0.13099  -0.89793  -0.13099  -0.89793
 -2.35589   0.03309  -0.86319   0.03309  -0.86319  -0.09716  -0.90280  -0.09716  -0.90280
 -2.30576   0.03160  -0.86160   0.03160  -0.86160  -0.06671  -0.90614  -0.06671  -0.90614
 -2.25564   0.03083  -0.86006   0.03083  -0.86006  -0.04235  -0.90826  -0.04235  -0.90826
 -2.20551   0.03093  -0.85851   0.03093  -0.85851  -0.02552  -0.90954  -0.02552  -0.90954
 -2.15539   0.03201  -0.85690   0.03201  -0.85690  -0.01626  -0.91036  -0.01626  -0.91036
 -2.10526   0.03403  -0.85520   0.03403  -0.85520  -0.01324  -0.91102  -0.01324  -0.91102
 -2.05514   0.03680  -0.85335   0.03680  -0.85335  -0.01422  -0.91173  -0.01422  -0.91173
 -2.00501   0.04003  -0.85135   0.04003  -0.85135  -0.01653  -0.91256  -0.01653  -0.91256
 -1.95489   0.04333  -0.84917   0.04333  -0.84917  -0.01768  -0.91345  -0.01768  -0.91345
 -1.90476   0.04622  -0.84686   0.04622  -0.84686  -0.01581  -0.91424  -0.01581  -0.91424
 -1.85464   0.04823  -0.84444   0.04823  -0.84444  -0.00990  -0.91474  -0.00990  -0.91474
 -1.80451   0.04907  -0.84198   0.04907  -0.84198   0.00022  -0.91473   0.00022  -0.91473
 -1.75439   0.04886  -0.83953   0.04886  -0.83953   0.01398  -0.91403   0.01398  -0.91403
 -1.70426   0.04805  -0.83712   0.04805  -0.83712   0.03010  -0.91252   0.03010  -0.91252
 -1.65414   0.04720  -0.83476   0.04720  -0.83476   0.04665  -0.91018   0.04665  -0.91018
 -1.60401   0.04676  -0.83241   0.04676  -0.83241   0.06119  -0.90711   0.06119  -0.90711
 -1.55388   0.04691  -0.83006   0.04691  -0.83006   0.07143  -0.90353   0.07143  -0.90353
 -1.50376   0.04761  -0.82767   0.04761  -0.82767   0.07602  -0.89972   0.07602  -0.89972
 -1.45363   0.04871  -0.82523   0.04871  -0.82523   0.07521  -0.89595   0.07521  -0.89595
 -1.40351   0.04999  -0.82273   0.04999  -0.82273   0.07095  -0.89240   0.07095  -0.89240
 -1.35338   0.05118  -0.82016   0.05118  -0.82016   0.06594  -0.88909   0.06594  -0.88909
 -1.30326   0.05201  -0.81755   0.05201  -0.81755   0.06249  -0.88596   0.06249  -0.88596
 -1.25313   0.05233  -0.81493   0.05233  -0.81493   0.06156  -0.88287   0.06156  -0.88287
 -1.20301   0.05219  -0.81231   0.05219  -0.81231   0.06266  -0.87973   0.06266  -0.87973
 -1.15288   0.05188  -0.80971   0.05188  -0.80971   0.06452  -0.87650   0.06452  -0.87650
 -1.10276   0.05194  -0.80711   0.05194  -0.80711   0.06593  -0.87319   0.06593  -0.87319
 -1.05263   0.05304  -0.80445   0.05304  -0.80445   0.06635  -0.86987   0.06635  -0.86987
 -1.00251   0.05594  -0.80165   0.05594  -0.80165   0.06592  -0.86656   0.06592  -0.86656
 -0.95238   0.06152  -0.79856   0.06152  -0.79856   0.06506  -0.86330   0.06506  -0.86330
 -0.90226   0.07092  -0.79501   0.07092  -0.79501   0.06404  -0.86009   0.06404  -0.86009
 -0.85213   0.08558  -0.79072   0.08558  -0.79072   0.06273  -0.85695   0.06273  -0.85695
 -0.80201   0.10720  -0.78535   0.10720  -0.78535   0.06072  -0.85390   0.06072  -0.85390
 -0.75188   0.13749  -0.77845   0.13749  -0.77845   0.05765  -0.85101   0.05765  -0.85101
 -0.70175   0.17754  -0.76956   0.17754  -0.76956   0.05356  -0.84833   0.05356  -0.84833
 -0.65163   0.22701  -0.75818   0.22701  -0.75818   0.04889  -0.84588   0.04889  -0.84588
 -0.60150   0.28327  -0.74398   0.28327  -0.74398   0.04421  -0.84366   0.04421  -0.84366
 -0.55138   0.34101  -0.72688   0.34101  -0.72688   0.03981  -0.84167   0.03981  -0.84167
 -0.50125   0.39304  -0.70718   0.39304  -0.70718   0.03555  -0.83988   0.03555  -0.83988
 -0.45113   0.43210  -0.68552   0.43210  -0.68552   0.03103  -0.83833   0.03103  -0.83833
 -0.40100   0.45328  -0.66280   0.45328  -0.66280   0.02595  -0.83703   0.02595  -0.83703
 -0.35088   0.45535  -0.63998   0.45535  -0.63998   0.02040  -0.83600   0.02040  -0.83600
 -0.30075   0.44053  -0.61790   0.44053  -0.61790   0.01486  -0.83526   0.01486  -0.83526
 -0.25063   0.41297  -0.59720   0.41297  -0.59720   0.00991  -0.83476   0.00991  -0.83476
 -0.20050   0.37693  -0.57830   0.37693  -0.57830   0.00601  -0.83446   0.00601  -0.83446
 -0.15038   0.33566  -0.56148   0.33566  -0.56148   0.00330  -0.83430   0.00330  -0.83430
 -0.10025   0.29117  -0.54688   0.29117  -0.54688   0.00163  -0.83421   0.00163  -0.83421
 -0.05013   0.24467  -0.53462   0.24467  -0.53462   0.00072  -0.83418   0.00072  -0.83418
  0.00000   0.19743  -0.52472   0.19743  -0.52472   0.00029  -0.83416   0.00029  -0.83416
  0.05013   0.15138  -0.51713   0.15138  -0.51713   0.00010  -0.83416   0.00010  -0.83416
  0.10025   0.10912  -0.51166   0.10912  -0.51166   0.00003  -0.83416   0.00003  -0.83416
  0.15038   0.07325  -0.50799   0.07325  -0.50799   0.00001  -0.83416   0.00001  -0.83416
  0.20050   0.04544  -0.50571   0.04544  -0.50571   0.00000  -0.83416   0.00000  -0.83416
  0.25063   0.02591  -0.50441   0.02591  -0.50441   0.00000  -0.83416   0.00000  -0.83416
  0.30075   0.01357  -0.50373   0.01357  -0.50373   0.00000  -0.83416   0.00000  -0.83416
  0.35088   0.00663  -0.50340   0.00663  -0.50340   0.00000  -0.83416   0.00000  -0.83416
  0.40100   0.00330  -0.50324   0.00330  -0.50324   0.00000  -0.83416   0.00000  -0.83416
  0.45113   0.00214  -0.50313   0.00214  -0.50313   0.00000  -0.83416   0.00000  -0.83416
  0.50125   0.00223  -0.50302   0.00223  -0.50302   0.00000  -0.83416   0.00000  -0.83416
  0.55138   0.00297  -0.50287   0.00297  -0.50287   0.00000  -0.83416   0.00000  -0.83416
  0.60150   0.00391  -0.50267   0.00391  -0.50267   0.00000  -0.83416   0.00000  -0.83416
  0.65163   0.00471  -0.50244   0.00471  -0.50244   0.00000  -0.83416   0.00000  -0.83416
  0.70175   0.00509  -0.50218   0.00509  -0.50218   0.00000  -0.83416   0.00000  -0.83416
  0.75188   0.00494  -0.50193   0.00494  -0.50193   0.00000  -0.83416   0.00000  -0.83416
  0.80201   0.00438  -0.50171   0.00438  -0.50171   0.00001  -0.83416   0.00001  -0.83416
  0.85213   0.00367  -0.50153   0.00367  -0.50153   0.00003  -0.83415   0.00003  -0.83415
  0.90226   0.00311  -0.50138   0.00311  -0.50138   0.00008  -0.83415   0.00008  -0.83415
  0.95238   0.00291  -0.50123   0.00291  -0.50123   0.00018  -0.83414   0.00018  -0.83414
  1.00251   0.00313  -0.50107   0.00313  -0.50107   0.00035  -0.83412   0.00035  -0.83412
  1.05263   0.00371  -0.50089   0.00371  -0.50089   0.00061  -0.83409   0.00061  -0.83409
  1.10276   0.00447  -0.50066   0.00447  -0.50066   0.00095  -0.83405   0.00095  -0.83405
  1.15288   0.00521  -0.50040   0.00521  -0.50040   0.00131  -0.83398   0.00131  -0.83398
  1.20301   0.00573  -0.50011   0.00573  -0.50011   0.00161  -0.83390   0.00161  -0.83390
  1.25313   0.00593  -0.49982   0.00593  -0.49982   0.00177  -0.83381   0.00177  -0.83381
  1.30326   0.00580  -0.49953   0.00580  -0.49953   0.00175  -0.83372   0.00175  -0.83372
  1.35338   0.00542  -0.49926   0.00542  -0.49926   0.00158  -0.83364   0.00158  -0.83364
  1.40351   0.00489  -0.49901   0.00489  -0.49901   0.00135  -0.83358   0.00135  -0.83358
  1.45363   0.00431  -0.49879   0.00431  -0.49879   0.00114  -0.83352   0.00114  -0.83352
  1.50376   0.00372  -0.49861   0.00372  -0.49861   0.00103  -0.83347   0.00103  -0.83347
  1.55388   0.00317  -0.49845   0.00317  -0.49845   0.00104  -0.83342   0.00104  -0.83342
  1.60401   0.00275  -0.49831   0.00275  -0.49831   0.00119  -0.83336   0.00119  -0.83336
  1.65414   0.00252  -0.49818   0.00252  -0.49818   0.00144  -0.83328   0.00144  -0.83328
  1.70426   0.00254  -0.49806   0.00254  -0.49806   0.00175  -0.83320   0.00175  -0.83320
  1.75439   0.00284  -0.49792   0.00284  -0.49792   0.00203  -0.83309   0.00203  -0.83309
  1.80451   0.00340  -0.49774   0.00340  -0.49774   0.00215  -0.83299   0.00215  -0.83299
  1.85464   0.00420  -0.49753   0.00420  -0.49753   0.00205  -0.83288   0.00205  -0.83288
  1.90476   0.00521  -0.49727   0.00521  -0.49727   0.00173  -0.83280   0.00173  -0.83280
  1.95489   0.00644  -0.49695   0.00644  -0.49695   0.00126  -0.83273   0.00126  -0.83273
  2.00501   0.00787  -0.49656   0.00787  -0.49656   0.00076  -0.83269   0.00076  -0.83269
  2.05514   0.00940  -0.49608   0.00940  -0.49608   0.00031  -0.83268   0.00031  -0.83268
  2.10526   0.01081  -0.49554   0.01081  -0.49554  -0.00005  -0.83268  -0.00005  -0.83268
  2.15539   0.01180  -0.49495   0.01180  -0.49495  -0.00031  -0.83270  -0.00031  -0.83270
  2.20551   0.01207  -0.49435   0.01207  -0.49435  -0.00048  -0.83272  -0.00048  -0.83272
  2.25564   0.01146  -0.49377   0.01146  -0.49377  -0.00053  -0.83275  -0.00053  -0.83275
  2.30576   0.01005  -0.49327   0.01005  -0.49327  -0.00040  -0.83277  -0.00040  -0.83277
  2.35589   0.00811  -0.49286   0.00811  -0.49286  -0.00003  -0.83277  -0.00003  -0.83277
  2.40602   0.00603  -0.49256   0.00603  -0.49256   0.00065  -0.83274   0.00065  -0.83274
  2.45614   0.00412  -0.49235   0.00412  -0.49235   0.00166  -0.83265   0.00166  -0.83265
  2.50627   0.00261  -0.49222   0.00261  -0.49222   0.00296  -0.83251   0.00296  -0.83251
  2.55639   0.00152  -0.49215   0.00152  -0.49215   0.00435  -0.83229   0.00435  -0.83229
  2.60652   0.00082  -0.49210   0.00082  -0.49210   0.00556  -0.83201   0.00556  -0.83201
  2.65664   0.00041  -0.49208   0.00041  -0.49208   0.00628  -0.83169   0.00628  -0.83169
  2.70677   0.00019  -0.49207   0.00019  -0.49207   0.00637  -0.83138   0.00637  -0.83138
  2.75689   0.00008  -0.49207   0.00008  -0.49207   0.00586  -0.83108   0.00586  -0.83108
  2.80702   0.00003  -0.49207   0.00003  -0.49207   0.00503  -0.83083   0.00503  -0.83083
  2.85714   0.00001  -0.49207   0.00001  -0.49207   0.00422  -0.83062   0.00422  -0.83062
  2.90727   0.00000  -0.49207   0.00000  -0.49207   0.00370  -0.83043   0.00370  -0.83043
  2.95739   0.00000  -0.49207   0.00000  -0.49207   0.00355  -0.83026   0.00355  -0.83026
  3.00752   0.00000  -0.49207   0.00000  -0.49207   0.00360  -0.83007   0.00360  -0.83007
  3.05764   0.00000  -0.49207   0.00000  -0.49207   0.00354  -0.82990   0.00354  -0.82990
  3.10777   0.00000  -0.49207   0.00000  -0.49207   0.00300  -0.82975   0.00300  -0.82975
  3.15789   0.00000  -0.49207   0.00000  -0.49207   0.00171  -0.82966   0.00171  -0.82966
  3.20802   0.00000  -0.49207   0.00000  -0.49207  -0.00049  -0.82969  -0.00049  -0.82969
  3.25815   0.00000  -0.49207   0.00000  -0.49207  -0.00362  -0.82987  -0.00362  -0.82987
  3.30827   0.00000  -0.49207   0.00000  -0.49207  -0.00772  -0.83025  -0.00772  -0.83025
  3.35840   0.00000  -0.49207   0.00000  -0.49207  -0.01274  -0.83089  -0.01274  -0.83089
  3.40852   0.00000  -0.49207   0.00000  -0.49207  -0.01853  -0.83182  -0.01853  -0.83182
  3.45865   0.00000  -0.49207   0.00000  -0.49207  -0.02467  -0.83306  -0.02467  -0.83306
  3.50877   0.00000  -0.49207   0.00000  -0.49207  -0.03047  -0.83459  -0.03047  -0.83459
  3.55890   0.00000  -0.49207   0.00000  -0.49207  -0.03504  -0.83634  -0.03504  -0.83634
  3.60902  -0.00000  -0.49207  -0.00000  -0.49207  -0.03744  -0.83822  -0.03744  -0.83822
  3.65915   0.00000  -0.49207   0.00000  -0.49207  -0.03652  -0.84005  -0.03652  -0.84005
  3.70927   0.00000  -0.49207   0.00000  -0.49207  -0.03038  -0.84157  -0.03038  -0.84157
  3.75940   0.00000  -0.49207   0.00000  -0.49207  -0.01527  -0.84234  -0.01527  -0.84234
  3.80952   0.00000  -0.49207   0.00000  -0.49207   0.01563  -0.84155   0.01563  -0.84155
  3.85965   0.00000  -0.49207   0.00000  -0.49207   0.07239  -0.83793   0.07239  -0.83793
  3.90977   0.00000  -0.49207   0.00000  -0.49207   0.16581  -0.82961   0.16581  -0.82961
  3.95990   0.00000  -0.49207   0.00000  -0.49207   0.30108  -0.81452   0.30108  -0.81452
  4.01003   0.00000  -0.49207   0.00000  -0.49207   0.46960  -0.79098   0.46960  -0.79098
  4.06015   0.00000  -0.49207   0.00000  -0.49207   0.64434  -0.75869   0.64434  -0.75869
  4.11028   0.00000  -0.49207   0.00000  -0.49207   0.78504  -0.71934   0.78504  -0.71934
  4.16040   0.00000  -0.49207   0.00000  -0.49207   0.85382  -0.67654   0.85382  -0.67654
  4.21053   0.00000  -0.49207   0.00000  -0.49207   0.83335  -0.63477   0.83335  -0.63477
  4.26065   0.00000  -0.49207   0.00000  -0.49207   0.73537  -0.59791   0.73537  -0.59791
  4.31078   0.00000  -0.49207   0.00000  -0.49207   0.59360  -0.56815   0.59360  -0.56815
  4.36090   0.00000  -0.49207   0.00000  -0.49207   0.44638  -0.54578   0.44638  -0.54578
  4.41103   0.00000  -0.49207   0.00000  -0.49207   0.32080  -0.52970   0.32080  -0.52970
  4.46115   0.00000  -0.49207   0.00000  -0.49207   0.22696  -0.51832   0.22696  -0.51832
  4.51128   0.00000  -0.49207   0.00000  -0.49207   0.16188  -0.51020   0.16188  -0.51020
  4.56140   0.00000  -0.49207   0.00000  -0.49207   0.11724  -0.50433   0.11724  -0.50433
  4.61153   0.00000  -0.49207   0.00000  -0.49207   0.08522  -0.50006   0.08522  -0.50006
  4.66165   0.00000  -0.49207   0.00000  -0.49207   0.06088  -0.49700   0.06088  -0.49700
  4.71178   0.00000  -0.49207   0.00000  -0.49207   0.04182  -0.49491   0.04182  -0.49491
  4.76190   0.00000  -0.49207   0.00000  -0.49207   0.02716  -0.49355   0.02716  -0.49355
  4.81203   0.00000  -0.49207   0.00000  -0.49207   0.01644  -0.49272   0.01644  -0.49272
  4.86216   0.00000  -0.49207   0.00000  -0.49207   0.00918  -0.49226   0.00918  -0.49226
  4.91228   0.00000  -0.49207   0.00000  -0.49207   0.00470  -0.49203   0.00470  -0.49203
  4.96241   0.00000  -0.49207   0.00000  -0.49207   0.00218  -0.49192   0.00218  -0.49192
  5.01253   0.00000  -0.49207   0.00000  -0.49207   0.00092  -0.49187   0.00092  -0.49187
  5.06266   0.00000  -0.49207   0.00000  -0.49207   0.00035  -0.49185   0.00035  -0.49185
  5.11278   0.00000  -0.49207   0.00000  -0.49207   0.00012  -0.49185   0.00012  -0.49185
  5.16291   0.00000  -0.49207   0.00000  -0.49207   0.00004  -0.49185   0.00004  -0.49185
  5.21303   0.00000  -0.49207   0.00000  -0.49207   0.00001  -0.49185   0.00001  -0.49185
  5.26316   0.00000  -0.49207   0.00000  -0.49207   0.00000  -0.49185   0.00000  -0.49185
  5.31328   0.00000  -0.49207   0.00000  -0.49207   0.00000  -0.49185   0.00000  -0.49185
  5.36341   0.00000  -0.49207   0.00000  -0.49207   0.00000  -0.49185   0.00000  -0.49185
  5.41353   0.00000  -0.49207   0.00000  -0.49207   0.00000  -0.49185   0.00000  -0.49185
  5.46366   0.00000  -0.49207   0.00000  -0.49207   0.00000  -0.49185   0.00000  -0.49185
  5.51378   0.00000  -0.49207   0.00000  -0.49207   0.00000  -0.49185   0.00000  -0.49185
  5.56391   0.00000  -0.49207   0.00000  -0.49207   0.00000  -0.49185   0.00000  -0.49185
  5.61404   0.00000  -0.49207   0.00000  -0.49207   0.00000  -0.49185   0.00000  -0.49185
  5.66416   0.00000  -0.49207   0.00000  -0.49207   0.00000  -0.49185   0.00000  -0.49185
  5.71429   0.00000  -0.49207   0.00000  -0.49207   0.00000  -0.49185   0.00000  -0.49185
  5.76441   0.00000  -0.49207   0.00000  -0.49207   0.00000  -0.49185   0.00000  -0.49185
  5.81454   0.00000  -0.49207   0.00000  -0.49207   0.00000  -0.49185   0.00000  -0.49185
  5.86466   0.00001  -0.49207   0.00001  -0.49207   0.00000  -0.49185   0.00000  -0.49185
  5.91479   0.00004  -0.49207   0.00004  -0.49207   0.00000  -0.49185   0.00000  -0.49185
  5.96491   0.00011  -0.49206   0.00011  -0.49206   0.00000  -0.49185   0.00000  -0.49185
  6.01504   0.00028  -0.49205   0.00028  -0.49205   0.00001  -0.49185   0.00001  -0.49185
  6.06516   0.00066  -0.49201   0.00066  -0.49201   0.00002  -0.49184   0.00002  -0.49184
  6.11529   0.00140  -0.49194   0.00140  -0.49194   0.00007  -0.49184   0.00007  -0.49184
  6.16541   0.00272  -0.49181   0.00272  -0.49181   0.00018  -0.49183   0.00018  -0.49183
  6.21554   0.00486  -0.49156   0.00486  -0.49156   0.00045  -0.49181   0.00045  -0.49181
  6.26566   0.00802  -0.49116   0.00802  -0.49116   0.00099  -0.49176   0.00099  -0.49176
  6.31579   0.01228  -0.49055   0.01228  -0.49055   0.00199  -0.49166   0.00199  -0.49166
  6.36591   0.01751  -0.48967   0.01751  -0.48967   0.00365  -0.49148   0.00365  -0.49148
  6.41604   0.02325  -0.48850   0.02325  -0.48850   0.00618  -0.49117   0.00618  -0.49117
  6.46617   0.02876  -0.48706   0.02876  -0.48706   0.00969  -0.49068   0.00969  -0.49068
  6.51629   0.03320  -0.48540   0.03320  -0.48540   0.01412  -0.48997   0.01412  -0.48997
  6.56642   0.03588  -0.48360   0.03588  -0.48360   0.01917  -0.48901   0.01917  -0.48901
  6.61654   0.03668  -0.48176   0.03668  -0.48176   0.02424  -0.48780   0.02424  -0.48780
  6.66667   0.03617  -0.47995   0.03617  -0.47995   0.02859  -0.48636   0.02859  -0.48636
  6.71679   0.03558  -0.47816   0.03558  -0.47816   0.03150  -0.48479   0.03150  -0.48479
  6.76692   0.03648  -0.47633   0.03648  -0.47633   0.03264  -0.48315   0.03264  -0.48315
  6.81704   0.04017  -0.47432   0.04017  -0.47432   0.03226  -0.48153   0.03226  -0.48153
  6.86717   0.04711  -0.47196   0.04711  -0.47196   0.03124  -0.47997   0.03124  -0.47997
  6.91729   0.05673  -0.46912   0.05673  -0.46912   0.03094  -0.47842   0.03094  -0.47842
  6.96742   0.06773  -0.46572   0.06773  -0.46572   0.03268  -0.47678   0.03268  -0.47678
  7.01754   0.07863  -0.46178   0.07863  -0.46178   0.03722  -0.47491   0.03722  -0.47491
  7.06767   0.08831  -0.45735   0.08831  -0.45735   0.04442  -0.47268   0.04442  -0.47268
  7.11779   0.09624  -0.45253   0.09624  -0.45253   0.05333  -0.47001   0.05333  -0.47001
  7.16792   0.10250  -0.44739   0.10250  -0.44739   0.06268  -0.46687   0.06268  -0.46687
  7.21805   0.10766  -0.44199   0.10766  -0.44199   0.07140  -0.46329   0.07140  -0.46329
  7.26817   0.11260  -0.43635   0.11260  -0.43635   0.07898  -0.45933   0.07898  -0.45933
  7.31830   0.11827  -0.43042   0.11827  -0.43042   0.08551  -0.45505   0.08551  -0.45505
  7.36842   0.12535  -0.42414   0.12535  -0.42414   0.09147  -0.45046   0.09147  -0.45046
  7.41855   0.13402  -0.41742   0.13402  -0.41742   0.09745  -0.44558   0.09745  -0.44558
  7.46867   0.14362  -0.41022   0.14362  -0.41022   0.10388  -0.44037   0.10388  -0.44037
  7.51880   0.15282  -0.40256   0.15282  -0.40256   0.11092  -0.43481   0.11092  -0.43481
  7.56892   0.16002  -0.39454   0.16002  -0.39454   0.11853  -0.42887   0.11853  -0.42887
  7.61905   0.16424  -0.38631   0.16424  -0.38631   0.12660  -0.42252   0.12660  -0.42252
  7.66917   0.16609  -0.37798   0.16609  -0.37798   0.13490  -0.41576   0.13490  -0.41576
  7.71930   0.16818  -0.36955   0.16818  -0.36955   0.14283  -0.40860   0.14283  -0.40860
  7.76942   0.17438  -0.36081   0.17438  -0.36081   0.14953  -0.40111   0.14953  -0.40111
  7.81955   0.18779  -0.35140   0.18779  -0.35140   0.15435  -0.39337   0.15435  -0.39337
  7.86967   0.20833  -0.34096   0.20833  -0.34096   0.15768  -0.38546   0.15768  -0.38546
  7.91980   0.23182  -0.32934   0.23182  -0.32934   0.16153  -0.37737   0.16153  -0.37737
  7.96992   0.25142  -0.31673   0.25142  -0.31673   0.16895  -0.36890   0.16895  -0.36890
  8.02005   0.26095  -0.30365   0.26095  -0.30365   0.18227  -0.35976   0.18227  -0.35976
  8.07018   0.25781  -0.29073   0.25781  -0.29073   0.20112  -0.34968   0.20112  -0.34968
  8.12030   0.24371  -0.27851   0.24371  -0.27851   0.22177  -0.33857   0.22177  -0.33857
  8.17043   0.22316  -0.26733   0.22316  -0.26733   0.23853  -0.32661   0.23853  -0.32661
  8.22055   0.20097  -0.25726   0.20097  -0.25726   0.24634  -0.31426   0.24634  -0.31426
  8.27068   0.18055  -0.24820   0.18055  -0.24820   0.24296  -0.30208   0.24296  -0.30208
  8.32080   0.16333  -0.24002   0.16333  -0.24002   0.22965  -0.29057   0.22965  -0.29057
  8.37093   0.14917  -0.23254   0.14917  -0.23254   0.21012  -0.28004   0.21012  -0.28004
  8.42105   0.13718  -0.22566   0.13718  -0.22566   0.18891  -0.27057   0.18891  -0.27057
  8.47118   0.12663  -0.21932   0.12663  -0.21932   0.16977  -0.26206   0.16977  -0.26206
  8.52130   0.11741  -0.21343   0.11741  -0.21343   0.15470  -0.25431   0.15470  -0.25431
  8.57143   0.10997  -0.20792   0.10997  -0.20792   0.14373  -0.24710   0.14373  -0.24710
  8.62155   0.10470  -0.20267   0.10470  -0.20267   0.13565  -0.24030   0.13565  -0.24030
  8.67168   0.10141  -0.19759   0.10141  -0.19759   0.12900  -0.23384   0.12900  -0.23384
  8.72180   0.09930  -0.19261   0.09930  -0.19261   0.12291  -0.22767   0.12291  -0.22767
  8.77193   0.09731  -0.18773   0.09731  -0.18773   0.11736  -0.22179   0.11736  -0.22179
  8.82206   0.09460  -0.18299   0.09460  -0.18299   0.11272  -0.21614   0.11272  -0.21614
  8.87218   0.09094  -0.17843   0.09094  -0.17843   0.10929  -0.21066   0.10929  -0.21066
  8.92231   0.08666  -0.17409   0.08666  -0.17409   0.10689  -0.20531   0.10689  -0.20531
  8.97243   0.08232  -0.16996   0.08232  -0.16996   0.10493  -0.20005   0.10493  -0.20005
  9.02256   0.07848  -0.16603   0.07848  -0.16603   0.10275  -0.19490   0.10275  -0.19490
  9.07268   0.07534  -0.16225   0.07534  -0.16225   0.09994  -0.18989   0.09994  -0.18989
  9.12281   0.07284  -0.15860   0.07284  -0.15860   0.09648  -0.18505   0.09648  -0.18505
  9.17293   0.07069  -0.15506   0.07069  -0.15506   0.09267  -0.18040   0.09267  -0.18040
  9.22306   0.06863  -0.15162   0.06863  -0.15162   0.08893  -0.17595   0.08893  -0.17595
  9.27318   0.06645  -0.14829   0.06645  -0.14829   0.08561  -0.17166   0.08561  -0.17166
  9.32331   0.06403  -0.14508   0.06403  -0.14508   0.08285  -0.16750   0.08285  -0.16750
  9.37343   0.06125  -0.14201   0.06125  -0.14201   0.08056  -0.16346   0.08056  -0.16346
  9.42356   0.05801  -0.13910   0.05801  -0.13910   0.07844  -0.15953   0.07844  -0.15953
  9.47368   0.05432  -0.13638   0.05432  -0.13638   0.07603  -0.15572   0.07603  -0.15572
  9.52381   0.05042  -0.13385   0.05042  -0.13385   0.07287  -0.15207   0.07287  -0.15207
  9.57393   0.04678  -0.13150   0.04678  -0.13150   0.06867  -0.14863   0.06867  -0.14863
  9.62406   0.04396  -0.12930   0.04396  -0.12930   0.06352  -0.14544   0.06352  -0.14544
  9.67419   0.04240  -0.12717   0.04240  -0.12717   0.05792  -0.14254   0.05792  -0.14254
  9.72431   0.04223  -0.12506   0.04223  -0.12506   0.05264  -0.13990   0.05264  -0.13990
  9.77444   0.04329  -0.12289   0.04329  -0.12289   0.04843  -0.13747   0.04843  -0.13747
  9.82456   0.04518  -0.12062   0.04518  -0.12062   0.04570  -0.13518   0.04570  -0.13518
  9.87469   0.04755  -0.11824   0.04755  -0.11824   0.04448  -0.13295   0.04448  -0.13295
  9.92481   0.05022  -0.11572   0.05022  -0.11572   0.04448  -0.13072   0.04448  -0.13072
  9.97494   0.05321  -0.11306   0.05321  -0.11306   0.04533  -0.12845   0.04533  -0.12845
 10.02506   0.05656  -0.11022   0.05656  -0.11022   0.04677  -0.12611   0.04677  -0.12611