ESCALE ; pCOHP file generated by LOBSTER. Energy is shifted such that the Fermi level lies at 0 eV.
         2          2        401  -6.04511e+00   1.40050e+01   3.97995e+00 
Average
No.1:Ni50->O72(2.0347368191402135)
-10.02506   0.00000  -0.37327   0.00000  -0.37327   0.00000  -0.35873   0.00000  -0.35873
 -9.97494   0.00000  -0.37327   0.00000  -0.37327   0.00000  -0.35873   0.00000  -0.35873
 -9.92481   0.00000  -0.37327   0.00000  -0.37327   0.00000  -0.35873   0.00000  -0.35873
 -9.87469   0.00000  -0.37327   0.00000  -0.37327   0.00000  -0.35873   0.00000  -0.35873
 -9.82456   0.00000  -0.37327   0.00000  -0.37327   0.00000  -0.35873   0.00000  -0.35873
 -9.77444   0.00000  -0.37327   0.00000  -0.37327   0.00000  -0.35873   0.00000  -0.35873
 -9.72431   0.00000  -0.37327   0.00000  -0.37327   0.00000  -0.35873   0.00000  -0.35873
 -9.67419   0.00000  -0.37327   0.00000  -0.37327   0.00000  -0.35873   0.00000  -0.35873
 -9.62406   0.00000  -0.37327   0.00000  -0.37327   0.00000  -0.35873   0.00000  -0.35873
 -9.57393   0.00000  -0.37327   0.00000  -0.37327   0.00000  -0.35873   0.00000  -0.35873
 -9.52381   0.00000  -0.37327   0.00000  -0.37327   0.00000  -0.35873   0.00000  -0.35873
 -9.47368   0.00000  -0.37327   0.00000  -0.37327   0.00000  -0.35873   0.00000  -0.35873
 -9.42356   0.00000  -0.37327   0.00000  -0.37327   0.00000  -0.35873   0.00000  -0.35873
 -9.37343   0.00000  -0.37327   0.00000  -0.37327   0.00000  -0.35873   0.00000  -0.35873
 -9.32331   0.00000  -0.37327   0.00000  -0.37327   0.00000  -0.35873   0.00000  -0.35873
 -9.27318   0.00000  -0.37327   0.00000  -0.37327   0.00000  -0.35873   0.00000  -0.35873
 -9.22306   0.00000  -0.37327   0.00000  -0.37327   0.00000  -0.35873   0.00000  -0.35873
 -9.17293   0.00000  -0.37327   0.00000  -0.37327   0.00000  -0.35873   0.00000  -0.35873
 -9.12281   0.00000  -0.37327   0.00000  -0.37327   0.00000  -0.35873   0.00000  -0.35873
 -9.07268   0.00000  -0.37327   0.00000  -0.37327   0.00000  -0.35873   0.00000  -0.35873
 -9.02256   0.00000  -0.37327   0.00000  -0.37327   0.00000  -0.35873   0.00000  -0.35873
 -8.97243   0.00000  -0.37327   0.00000  -0.37327   0.00000  -0.35873   0.00000  -0.35873
 -8.92231   0.00000  -0.37327   0.00000  -0.37327   0.00000  -0.35873   0.00000  -0.35873
 -8.87218   0.00000  -0.37327   0.00000  -0.37327   0.00000  -0.35873   0.00000  -0.35873
 -8.82206  -0.00000  -0.37327  -0.00000  -0.37327   0.00000  -0.35873   0.00000  -0.35873
 -8.77193  -0.00000  -0.37327  -0.00000  -0.37327   0.00000  -0.35873   0.00000  -0.35873
 -8.72180  -0.00000  -0.37327  -0.00000  -0.37327   0.00000  -0.35873   0.00000  -0.35873
 -8.67168  -0.00000  -0.37327  -0.00000  -0.37327   0.00000  -0.35873   0.00000  -0.35873
 -8.62155  -0.00000  -0.37327  -0.00000  -0.37327   0.00000  -0.35873   0.00000  -0.35873
 -8.57143  -0.00000  -0.37327  -0.00000  -0.37327   0.00000  -0.35873   0.00000  -0.35873
 -8.52130  -0.00000  -0.37327  -0.00000  -0.37327   0.00000  -0.35873   0.00000  -0.35873
 -8.47118  -0.00000  -0.37327  -0.00000  -0.37327   0.00000  -0.35873   0.00000  -0.35873
 -8.42105  -0.00000  -0.37327  -0.00000  -0.37327   0.00000  -0.35873   0.00000  -0.35873
 -8.37093  -0.00000  -0.37327  -0.00000  -0.37327   0.00000  -0.35873   0.00000  -0.35873
 -8.32080  -0.00000  -0.37327  -0.00000  -0.37327   0.00000  -0.35873   0.00000  -0.35873
 -8.27068  -0.00000  -0.37327  -0.00000  -0.37327   0.00000  -0.35873   0.00000  -0.35873
 -8.22055  -0.00000  -0.37327  -0.00000  -0.37327   0.00000  -0.35873   0.00000  -0.35873
 -8.17043  -0.00001  -0.37327  -0.00001  -0.37327   0.00000  -0.35873   0.00000  -0.35873
 -8.12030  -0.00004  -0.37327  -0.00004  -0.37327   0.00000  -0.35873   0.00000  -0.35873
 -8.07018  -0.00011  -0.37327  -0.00011  -0.37327   0.00000  -0.35873   0.00000  -0.35873
 -8.02005  -0.00026  -0.37329  -0.00026  -0.37329   0.00000  -0.35873   0.00000  -0.35873
 -7.96992  -0.00058  -0.37332  -0.00058  -0.37332   0.00000  -0.35873   0.00000  -0.35873
 -7.91980  -0.00112  -0.37337  -0.00112  -0.37337   0.00000  -0.35873   0.00000  -0.35873
 -7.86967  -0.00196  -0.37347  -0.00196  -0.37347   0.00000  -0.35873   0.00000  -0.35873
 -7.81955  -0.00306  -0.37363  -0.00306  -0.37363   0.00000  -0.35873   0.00000  -0.35873
 -7.76942  -0.00429  -0.37384  -0.00429  -0.37384   0.00000  -0.35873   0.00000  -0.35873
 -7.71930  -0.00540  -0.37411  -0.00540  -0.37411   0.00000  -0.35873   0.00000  -0.35873
 -7.66917  -0.00611  -0.37442  -0.00611  -0.37442  -0.00000  -0.35873  -0.00000  -0.35873
 -7.61905  -0.00623  -0.37473  -0.00623  -0.37473  -0.00000  -0.35873  -0.00000  -0.35873
 -7.56892  -0.00571  -0.37502  -0.00571  -0.37502  -0.00000  -0.35873  -0.00000  -0.35873
 -7.51880  -0.00471  -0.37525  -0.00471  -0.37525  -0.00000  -0.35873  -0.00000  -0.35873
 -7.46867  -0.00349  -0.37543  -0.00349  -0.37543  -0.00000  -0.35873  -0.00000  -0.35873
 -7.41855  -0.00233  -0.37554  -0.00233  -0.37554  -0.00000  -0.35873  -0.00000  -0.35873
 -7.36842  -0.00142  -0.37561  -0.00142  -0.37561  -0.00000  -0.35873  -0.00000  -0.35873
 -7.31830  -0.00084  -0.37566  -0.00084  -0.37566  -0.00000  -0.35873  -0.00000  -0.35873
 -7.26817  -0.00058  -0.37569  -0.00058  -0.37569  -0.00000  -0.35873  -0.00000  -0.35873
 -7.21805  -0.00065  -0.37572  -0.00065  -0.37572  -0.00000  -0.35873  -0.00000  -0.35873
 -7.16792  -0.00119  -0.37578  -0.00119  -0.37578  -0.00000  -0.35873  -0.00000  -0.35873
 -7.11779  -0.00258  -0.37591  -0.00258  -0.37591  -0.00000  -0.35873  -0.00000  -0.35873
 -7.06767  -0.00566  -0.37619  -0.00566  -0.37619  -0.00001  -0.35873  -0.00001  -0.35873
 -7.01754  -0.01182  -0.37678  -0.01182  -0.37678  -0.00003  -0.35873  -0.00003  -0.35873
 -6.96742  -0.02282  -0.37793  -0.02282  -0.37793  -0.00012  -0.35874  -0.00012  -0.35874
 -6.91729  -0.04030  -0.37995  -0.04030  -0.37995  -0.00042  -0.35876  -0.00042  -0.35876
 -6.86717  -0.06492  -0.38320  -0.06492  -0.38320  -0.00129  -0.35882  -0.00129  -0.35882
 -6.81704  -0.09567  -0.38800  -0.09567  -0.38800  -0.00350  -0.35900  -0.00350  -0.35900
 -6.76692  -0.12968  -0.39450  -0.12968  -0.39450  -0.00844  -0.35942  -0.00844  -0.35942
 -6.71679  -0.16304  -0.40267  -0.16304  -0.40267  -0.01812  -0.36033  -0.01812  -0.36033
 -6.66667  -0.19247  -0.41232  -0.19247  -0.41232  -0.03473  -0.36207  -0.03473  -0.36207
 -6.61654  -0.21698  -0.42319  -0.21698  -0.42319  -0.05949  -0.36505  -0.05949  -0.36505
 -6.56642  -0.23889  -0.43517  -0.23889  -0.43517  -0.09130  -0.36963  -0.09130  -0.36963
 -6.51629  -0.26311  -0.44836  -0.26311  -0.44836  -0.12598  -0.37594  -0.12598  -0.37594
 -6.46617  -0.29475  -0.46313  -0.29475  -0.46313  -0.15702  -0.38381  -0.15702  -0.38381
 -6.41604  -0.33602  -0.47997  -0.33602  -0.47997  -0.17807  -0.39274  -0.17807  -0.39274
 -6.36591  -0.38398  -0.49922  -0.38398  -0.49922  -0.18572  -0.40205  -0.18572  -0.40205
 -6.31579  -0.43068  -0.52081  -0.43068  -0.52081  -0.18114  -0.41113  -0.18114  -0.41113
 -6.26566  -0.46613  -0.54417  -0.46613  -0.54417  -0.16924  -0.41961  -0.16924  -0.41961
 -6.21554  -0.48252  -0.56836  -0.48252  -0.56836  -0.15595  -0.42743  -0.15595  -0.42743
 -6.16541  -0.47743  -0.59229  -0.47743  -0.59229  -0.14533  -0.43471  -0.14533  -0.43471
 -6.11529  -0.45417  -0.61506  -0.45417  -0.61506  -0.13789  -0.44163  -0.13789  -0.44163
 -6.06516  -0.41928  -0.63607  -0.41928  -0.63607  -0.13124  -0.44820  -0.13124  -0.44820
 -6.01504  -0.37924  -0.65508  -0.37924  -0.65508  -0.12222  -0.45433  -0.12222  -0.45433
 -5.96491  -0.33827  -0.67204  -0.33827  -0.67204  -0.10920  -0.45980  -0.10920  -0.45980
 -5.91479  -0.29836  -0.68699  -0.29836  -0.68699  -0.09307  -0.46447  -0.09307  -0.46447
 -5.86466  -0.26042  -0.70005  -0.26042  -0.70005  -0.07660  -0.46831  -0.07660  -0.46831
 -5.81454  -0.22545  -0.71135  -0.22545  -0.71135  -0.06288  -0.47146  -0.06288  -0.47146
 -5.76441  -0.19493  -0.72112  -0.19493  -0.72112  -0.05394  -0.47416  -0.05394  -0.47416
 -5.71429  -0.17044  -0.72966  -0.17044  -0.72966  -0.05024  -0.47668  -0.05024  -0.47668
 -5.66416  -0.15317  -0.73734  -0.15317  -0.73734  -0.05099  -0.47924  -0.05099  -0.47924
 -5.61404  -0.14356  -0.74454  -0.14356  -0.74454  -0.05480  -0.48199  -0.05480  -0.48199
 -5.56391  -0.14106  -0.75161  -0.14106  -0.75161  -0.06035  -0.48501  -0.06035  -0.48501
 -5.51378  -0.14412  -0.75883  -0.14412  -0.75883  -0.06686  -0.48836  -0.06686  -0.48836
 -5.46366  -0.15021  -0.76636  -0.15021  -0.76636  -0.07411  -0.49208  -0.07411  -0.49208
 -5.41353  -0.15627  -0.77419  -0.15627  -0.77419  -0.08224  -0.49620  -0.08224  -0.49620
 -5.36341  -0.15944  -0.78219  -0.15944  -0.78219  -0.09131  -0.50078  -0.09131  -0.50078
 -5.31328  -0.15793  -0.79010  -0.15793  -0.79010  -0.10094  -0.50584  -0.10094  -0.50584
 -5.26316  -0.15164  -0.79770  -0.15164  -0.79770  -0.11039  -0.51137  -0.11039  -0.51137
 -5.21303  -0.14205  -0.80482  -0.14205  -0.80482  -0.11882  -0.51732  -0.11882  -0.51732
 -5.16291  -0.13155  -0.81142  -0.13155  -0.81142  -0.12556  -0.52362  -0.12556  -0.52362
 -5.11278  -0.12245  -0.81756  -0.12245  -0.81756  -0.13015  -0.53014  -0.13015  -0.53014
 -5.06266  -0.11624  -0.82338  -0.11624  -0.82338  -0.13229  -0.53677  -0.13229  -0.53677
 -5.01253  -0.11341  -0.82907  -0.11341  -0.82907  -0.13185  -0.54338  -0.13185  -0.54338
 -4.96241  -0.11361  -0.83476  -0.11361  -0.83476  -0.12918  -0.54986  -0.12918  -0.54986
 -4.91228  -0.11599  -0.84058  -0.11599  -0.84058  -0.12533  -0.55614  -0.12533  -0.55614
 -4.86216  -0.11941  -0.84656  -0.11941  -0.84656  -0.12205  -0.56226  -0.12205  -0.56226
 -4.81203  -0.12260  -0.85271  -0.12260  -0.85271  -0.12112  -0.56833  -0.12112  -0.56833
 -4.76190  -0.12439  -0.85894  -0.12439  -0.85894  -0.12358  -0.57452  -0.12358  -0.57452
 -4.71178  -0.12400  -0.86516  -0.12400  -0.86516  -0.12920  -0.58100  -0.12920  -0.58100
 -4.66165  -0.12119  -0.87123  -0.12119  -0.87123  -0.13650  -0.58784  -0.13650  -0.58784
 -4.61153  -0.11621  -0.87706  -0.11621  -0.87706  -0.14338  -0.59503  -0.14338  -0.59503
 -4.56140  -0.10960  -0.88255  -0.10960  -0.88255  -0.14792  -0.60244  -0.14792  -0.60244
 -4.51128  -0.10194  -0.88766  -0.10194  -0.88766  -0.14900  -0.60991  -0.14900  -0.60991
 -4.46115  -0.09359  -0.89235  -0.09359  -0.89235  -0.14651  -0.61725  -0.14651  -0.61725
 -4.41103  -0.08471  -0.89660  -0.08471  -0.89660  -0.14108  -0.62433  -0.14108  -0.62433
 -4.36090  -0.07541  -0.90038  -0.07541  -0.90038  -0.13375  -0.63103  -0.13375  -0.63103
 -4.31078  -0.06601  -0.90369  -0.06601  -0.90369  -0.12560  -0.63733  -0.12560  -0.63733
 -4.26065  -0.05712  -0.90655  -0.05712  -0.90655  -0.11753  -0.64322  -0.11753  -0.64322
 -4.21053  -0.04953  -0.90903  -0.04953  -0.90903  -0.11027  -0.64874  -0.11027  -0.64874
 -4.16040  -0.04378  -0.91123  -0.04378  -0.91123  -0.10447  -0.65398  -0.10447  -0.65398
 -4.11028  -0.03987  -0.91323  -0.03987  -0.91323  -0.10071  -0.65903  -0.10071  -0.65903
 -4.06015  -0.03713  -0.91509  -0.03713  -0.91509  -0.09945  -0.66401  -0.09945  -0.66401
 -4.01003  -0.03443  -0.91681  -0.03443  -0.91681  -0.10080  -0.66907  -0.10080  -0.66907
 -3.95990  -0.03055  -0.91834  -0.03055  -0.91834  -0.10431  -0.67430  -0.10431  -0.67430
 -3.90977  -0.02461  -0.91958  -0.02461  -0.91958  -0.10891  -0.67975  -0.10891  -0.67975
 -3.85965  -0.01638  -0.92040  -0.01638  -0.92040  -0.11314  -0.68543  -0.11314  -0.68543
 -3.80952  -0.00637  -0.92072  -0.00637  -0.92072  -0.11560  -0.69122  -0.11560  -0.69122
 -3.75940   0.00425  -0.92050   0.00425  -0.92050  -0.11548  -0.69701  -0.11548  -0.69701
 -3.70927   0.01391  -0.91981   0.01391  -0.91981  -0.11283  -0.70266  -0.11283  -0.70266
 -3.65915   0.02120  -0.91874   0.02120  -0.91874  -0.10852  -0.70810  -0.10852  -0.70810
 -3.60902   0.02523  -0.91748   0.02523  -0.91748  -0.10386  -0.71331  -0.10386  -0.71331
 -3.55890   0.02596  -0.91618   0.02596  -0.91618  -0.10012  -0.71833  -0.10012  -0.71833
 -3.50877   0.02395  -0.91498   0.02395  -0.91498  -0.09813  -0.72325  -0.09813  -0.72325
 -3.45865   0.02002  -0.91397   0.02002  -0.91397  -0.09801  -0.72816  -0.09801  -0.72816
 -3.40852   0.01482  -0.91323   0.01482  -0.91323  -0.09929  -0.73314  -0.09929  -0.73314
 -3.35840   0.00878  -0.91279   0.00878  -0.91279  -0.10115  -0.73821  -0.10115  -0.73821
 -3.30827   0.00243  -0.91267   0.00243  -0.91267  -0.10277  -0.74336  -0.10277  -0.74336
 -3.25815  -0.00333  -0.91284  -0.00333  -0.91284  -0.10371  -0.74856  -0.10371  -0.74856
 -3.20802  -0.00719  -0.91320  -0.00719  -0.91320  -0.10403  -0.75377  -0.10403  -0.75377
 -3.15789  -0.00800  -0.91360  -0.00800  -0.91360  -0.10427  -0.75900  -0.10427  -0.75900
 -3.10777  -0.00530  -0.91386  -0.00530  -0.91386  -0.10521  -0.76427  -0.10521  -0.76427
 -3.05764   0.00020  -0.91385   0.00020  -0.91385  -0.10762  -0.76967  -0.10762  -0.76967
 -3.00752   0.00681  -0.91351   0.00681  -0.91351  -0.11190  -0.77527  -0.11190  -0.77527
 -2.95739   0.01239  -0.91289   0.01239  -0.91289  -0.11783  -0.78118  -0.11783  -0.78118
 -2.90727   0.01513  -0.91213   0.01513  -0.91213  -0.12461  -0.78743  -0.12461  -0.78743
 -2.85714   0.01435  -0.91141   0.01435  -0.91141  -0.13104  -0.79399  -0.13104  -0.79399
 -2.80702   0.01084  -0.91087   0.01084  -0.91087  -0.13600  -0.80081  -0.13600  -0.80081
 -2.75689   0.00679  -0.91053   0.00679  -0.91053  -0.13891  -0.80777  -0.13891  -0.80777
 -2.70677   0.00503  -0.91028   0.00503  -0.91028  -0.13996  -0.81479  -0.13996  -0.81479
 -2.65664   0.00794  -0.90988   0.00794  -0.90988  -0.13997  -0.82181  -0.13997  -0.82181
 -2.60652   0.01651  -0.90905   0.01651  -0.90905  -0.13989  -0.82882  -0.13989  -0.82882
 -2.55639   0.03010  -0.90754   0.03010  -0.90754  -0.14031  -0.83585  -0.14031  -0.83585
 -2.50627   0.04686  -0.90520   0.04686  -0.90520  -0.14132  -0.84293  -0.14132  -0.84293
 -2.45614   0.06443  -0.90197   0.06443  -0.90197  -0.14257  -0.85008  -0.14257  -0.85008
 -2.40602   0.08072  -0.89792   0.08072  -0.89792  -0.14360  -0.85728  -0.14360  -0.85728
 -2.35589   0.09422  -0.89320   0.09422  -0.89320  -0.14400  -0.86450  -0.14400  -0.86450
 -2.30576   0.10416  -0.88798   0.10416  -0.88798  -0.14349  -0.87169  -0.14349  -0.87169
 -2.25564   0.11050  -0.88244   0.11050  -0.88244  -0.14202  -0.87881  -0.14202  -0.87881
 -2.20551   0.11373  -0.87674   0.11373  -0.87674  -0.14001  -0.88583  -0.14001  -0.88583
 -2.15539   0.11463  -0.87099   0.11463  -0.87099  -0.13840  -0.89276  -0.13840  -0.89276
 -2.10526   0.11396  -0.86528   0.11396  -0.86528  -0.13822  -0.89969  -0.13822  -0.89969
 -2.05514   0.11235  -0.85965   0.11235  -0.85965  -0.13980  -0.90670  -0.13980  -0.90670
 -2.00501   0.11035  -0.85412   0.11035  -0.85412  -0.14197  -0.91382  -0.14197  -0.91382
 -1.95489   0.10853  -0.84868   0.10853  -0.84868  -0.14204  -0.92094  -0.14204  -0.92094
 -1.90476   0.10748  -0.84329   0.10748  -0.84329  -0.13655  -0.92778  -0.13655  -0.92778
 -1.85464   0.10763  -0.83789   0.10763  -0.83789  -0.12251  -0.93392  -0.12251  -0.93392
 -1.80451   0.10889  -0.83243   0.10889  -0.83243  -0.09863  -0.93887  -0.09863  -0.93887
 -1.75439   0.11056  -0.82689   0.11056  -0.82689  -0.06596  -0.94217  -0.06596  -0.94217
 -1.70426   0.11146  -0.82131   0.11146  -0.82131  -0.02752  -0.94355  -0.02752  -0.94355
 -1.65414   0.11042  -0.81577   0.11042  -0.81577   0.01269  -0.94291   0.01269  -0.94291
 -1.60401   0.10685  -0.81041   0.10685  -0.81041   0.05100  -0.94036   0.05100  -0.94036
 -1.55388   0.10102  -0.80535   0.10102  -0.80535   0.08471  -0.93611   0.08471  -0.93611
 -1.50376   0.09387  -0.80065   0.09387  -0.80065   0.11218  -0.93049   0.11218  -0.93049
 -1.45363   0.08655  -0.79631   0.08655  -0.79631   0.13254  -0.92385   0.13254  -0.92385
 -1.40351   0.07998  -0.79230   0.07998  -0.79230   0.14555  -0.91655   0.14555  -0.91655
 -1.35338   0.07457  -0.78856   0.07457  -0.78856   0.15166  -0.90895   0.15166  -0.90895
 -1.30326   0.07036  -0.78503   0.07036  -0.78503   0.15203  -0.90133   0.15203  -0.90133
 -1.25313   0.06721  -0.78167   0.06721  -0.78167   0.14823  -0.89390   0.14823  -0.89390
 -1.20301   0.06491  -0.77841   0.06491  -0.77841   0.14177  -0.88679   0.14177  -0.88679
 -1.15288   0.06341  -0.77523   0.06341  -0.77523   0.13363  -0.88009   0.13363  -0.88009
 -1.10276   0.06286  -0.77208   0.06286  -0.77208   0.12421  -0.87387   0.12421  -0.87387
 -1.05263   0.06374  -0.76889   0.06374  -0.76889   0.11357  -0.86817   0.11357  -0.86817
 -1.00251   0.06691  -0.76553   0.06691  -0.76553   0.10183  -0.86307   0.10183  -0.86307
 -0.95238   0.07336  -0.76186   0.07336  -0.76186   0.08935  -0.85859   0.08935  -0.85859
 -0.90226   0.08393  -0.75765   0.08393  -0.75765   0.07674  -0.85475   0.07674  -0.85475
 -0.85213   0.09885  -0.75269   0.09885  -0.75269   0.06458  -0.85151   0.06458  -0.85151
 -0.80201   0.11777  -0.74679   0.11777  -0.74679   0.05331  -0.84884   0.05331  -0.84884
 -0.75188   0.14004  -0.73977   0.14004  -0.73977   0.04319  -0.84667   0.04319  -0.84667
 -0.70175   0.16529  -0.73149   0.16529  -0.73149   0.03431  -0.84495   0.03431  -0.84495
 -0.65163   0.19359  -0.72178   0.19359  -0.72178   0.02670  -0.84361   0.02670  -0.84361
 -0.60150   0.22502  -0.71050   0.22502  -0.71050   0.02034  -0.84259   0.02034  -0.84259
 -0.55138   0.25876  -0.69753   0.25876  -0.69753   0.01513  -0.84183   0.01513  -0.84183
 -0.50125   0.29244  -0.68287   0.29244  -0.68287   0.01093  -0.84129   0.01093  -0.84129
 -0.45113   0.32239  -0.66671   0.32239  -0.66671   0.00758  -0.84091   0.00758  -0.84091
 -0.40100   0.34481  -0.64943   0.34481  -0.64943   0.00498  -0.84066   0.00498  -0.84066
 -0.35088   0.35710  -0.63153   0.35710  -0.63153   0.00305  -0.84050   0.00305  -0.84050
 -0.30075   0.35859  -0.61356   0.35859  -0.61356   0.00170  -0.84042   0.00170  -0.84042
 -0.25063   0.35029  -0.59600   0.35029  -0.59600   0.00086  -0.84038   0.00086  -0.84038
 -0.20050   0.33391  -0.57926   0.33391  -0.57926   0.00038  -0.84036   0.00038  -0.84036
 -0.15038   0.31091  -0.56368   0.31091  -0.56368   0.00014  -0.84035   0.00014  -0.84035
 -0.10025   0.28214  -0.54953   0.28214  -0.54953   0.00004  -0.84035   0.00004  -0.84035
 -0.05013   0.24812  -0.53710   0.24812  -0.53710   0.00001  -0.84035   0.00001  -0.84035
  0.00000   0.20970  -0.52659   0.20970  -0.52659   0.00000  -0.84035   0.00000  -0.84035
  0.05013   0.16867  -0.51813   0.16867  -0.51813  -0.00000  -0.84035  -0.00000  -0.84035
  0.10025   0.12781  -0.51172   0.12781  -0.51172  -0.00000  -0.84035  -0.00000  -0.84035
  0.15038   0.09037  -0.50719   0.09037  -0.50719  -0.00000  -0.84035  -0.00000  -0.84035
  0.20050   0.05911  -0.50423   0.05911  -0.50423  -0.00000  -0.84035  -0.00000  -0.84035
  0.25063   0.03551  -0.50245   0.03551  -0.50245  -0.00000  -0.84035  -0.00000  -0.84035
  0.30075   0.01950  -0.50147   0.01950  -0.50147  -0.00000  -0.84035  -0.00000  -0.84035
  0.35088   0.00981  -0.50098   0.00981  -0.50098  -0.00000  -0.84035  -0.00000  -0.84035
  0.40100   0.00468  -0.50075   0.00468  -0.50075   0.00000  -0.84035   0.00000  -0.84035
  0.45113   0.00244  -0.50063   0.00244  -0.50063   0.00000  -0.84035   0.00000  -0.84035
  0.50125   0.00188  -0.50053   0.00188  -0.50053   0.00000  -0.84035   0.00000  -0.84035
  0.55138   0.00223  -0.50042   0.00223  -0.50042   0.00000  -0.84035   0.00000  -0.84035
  0.60150   0.00300  -0.50027   0.00300  -0.50027   0.00000  -0.84035   0.00000  -0.84035
  0.65163   0.00385  -0.50008   0.00385  -0.50008   0.00000  -0.84035   0.00000  -0.84035
  0.70175   0.00456  -0.49985   0.00456  -0.49985   0.00001  -0.84035   0.00001  -0.84035
  0.75188   0.00507  -0.49959   0.00507  -0.49959   0.00004  -0.84034   0.00004  -0.84034
  0.80201   0.00546  -0.49932   0.00546  -0.49932   0.00012  -0.84034   0.00012  -0.84034
  0.85213   0.00596  -0.49902   0.00596  -0.49902   0.00032  -0.84032   0.00032  -0.84032
  0.90226   0.00675  -0.49868   0.00675  -0.49868   0.00080  -0.84028   0.00080  -0.84028
  0.95238   0.00788  -0.49829   0.00788  -0.49829   0.00177  -0.84019   0.00177  -0.84019
  1.00251   0.00928  -0.49782   0.00928  -0.49782   0.00350  -0.84002   0.00350  -0.84002
  1.05263   0.01081  -0.49728   0.01081  -0.49728   0.00620  -0.83971   0.00620  -0.83971
  1.10276   0.01244  -0.49666   0.01244  -0.49666   0.00989  -0.83921   0.00989  -0.83921
  1.15288   0.01419  -0.49595   0.01419  -0.49595   0.01428  -0.83850   0.01428  -0.83850
  1.20301   0.01596  -0.49515   0.01596  -0.49515   0.01874  -0.83756   0.01874  -0.83756
  1.25313   0.01743  -0.49427   0.01743  -0.49427   0.02245  -0.83643   0.02245  -0.83643
  1.30326   0.01806  -0.49337   0.01806  -0.49337   0.02463  -0.83520   0.02463  -0.83520
  1.35338   0.01739  -0.49250   0.01739  -0.49250   0.02475  -0.83396   0.02475  -0.83396
  1.40351   0.01531  -0.49173   0.01531  -0.49173   0.02275  -0.83282   0.02275  -0.83282
  1.45363   0.01218  -0.49112   0.01218  -0.49112   0.01905  -0.83186   0.01905  -0.83186
  1.50376   0.00871  -0.49068   0.00871  -0.49068   0.01447  -0.83113   0.01447  -0.83113
  1.55388   0.00559  -0.49040   0.00559  -0.49040   0.00992  -0.83064   0.00992  -0.83064
  1.60401   0.00326  -0.49024   0.00326  -0.49024   0.00613  -0.83033   0.00613  -0.83033
  1.65414   0.00178  -0.49015   0.00178  -0.49015   0.00341  -0.83016   0.00341  -0.83016
  1.70426   0.00101  -0.49010   0.00101  -0.49010   0.00171  -0.83007   0.00171  -0.83007
  1.75439   0.00069  -0.49006   0.00069  -0.49006   0.00071  -0.83004   0.00071  -0.83004
  1.80451   0.00063  -0.49003   0.00063  -0.49003   0.00010  -0.83003   0.00010  -0.83003
  1.85464   0.00068  -0.49000   0.00068  -0.49000  -0.00033  -0.83005  -0.00033  -0.83005
  1.90476   0.00077  -0.48996   0.00077  -0.48996  -0.00069  -0.83008  -0.00069  -0.83008
  1.95489   0.00087  -0.48991   0.00087  -0.48991  -0.00100  -0.83013  -0.00100  -0.83013
  2.00501   0.00097  -0.48987   0.00097  -0.48987  -0.00127  -0.83020  -0.00127  -0.83020
  2.05514   0.00108  -0.48981   0.00108  -0.48981  -0.00159  -0.83028  -0.00159  -0.83028
  2.10526   0.00119  -0.48975   0.00119  -0.48975  -0.00207  -0.83038  -0.00207  -0.83038
  2.15539   0.00131  -0.48969   0.00131  -0.48969  -0.00274  -0.83052  -0.00274  -0.83052
  2.20551   0.00144  -0.48961   0.00144  -0.48961  -0.00350  -0.83069  -0.00350  -0.83069
  2.25564   0.00157  -0.48954   0.00157  -0.48954  -0.00414  -0.83090  -0.00414  -0.83090
  2.30576   0.00167  -0.48945   0.00167  -0.48945  -0.00437  -0.83112  -0.00437  -0.83112
  2.35589   0.00173  -0.48936   0.00173  -0.48936  -0.00403  -0.83132  -0.00403  -0.83132
  2.40602   0.00171  -0.48928   0.00171  -0.48928  -0.00314  -0.83148  -0.00314  -0.83148
  2.45614   0.00159  -0.48920   0.00159  -0.48920  -0.00190  -0.83157  -0.00190  -0.83157
  2.50627   0.00136  -0.48913   0.00136  -0.48913  -0.00059  -0.83160  -0.00059  -0.83160
  2.55639   0.00107  -0.48908   0.00107  -0.48908   0.00052  -0.83158   0.00052  -0.83158
  2.60652   0.00077  -0.48904   0.00077  -0.48904   0.00131  -0.83151   0.00131  -0.83151
  2.65664   0.00050  -0.48901   0.00050  -0.48901   0.00180  -0.83142   0.00180  -0.83142
  2.70677   0.00029  -0.48900   0.00029  -0.48900   0.00210  -0.83132   0.00210  -0.83132
  2.75689   0.00015  -0.48899   0.00015  -0.48899   0.00236  -0.83120   0.00236  -0.83120
  2.80702   0.00007  -0.48899   0.00007  -0.48899   0.00277  -0.83106   0.00277  -0.83106
  2.85714   0.00003  -0.48899   0.00003  -0.48899   0.00350  -0.83088   0.00350  -0.83088
  2.90727   0.00001  -0.48899   0.00001  -0.48899   0.00463  -0.83065   0.00463  -0.83065
  2.95739   0.00000  -0.48899   0.00000  -0.48899   0.00614  -0.83034   0.00614  -0.83034
  3.00752   0.00000  -0.48899   0.00000  -0.48899   0.00781  -0.82995   0.00781  -0.82995
  3.05764   0.00000  -0.48899   0.00000  -0.48899   0.00934  -0.82948   0.00934  -0.82948
  3.10777   0.00000  -0.48899   0.00000  -0.48899   0.01046  -0.82896   0.01046  -0.82896
  3.15789   0.00000  -0.48899   0.00000  -0.48899   0.01106  -0.82841   0.01106  -0.82841
  3.20802   0.00000  -0.48899   0.00000  -0.48899   0.01141  -0.82783   0.01141  -0.82783
  3.25815   0.00000  -0.48899   0.00000  -0.48899   0.01203  -0.82723   0.01203  -0.82723
  3.30827   0.00000  -0.48899   0.00000  -0.48899   0.01350  -0.82655   0.01350  -0.82655
  3.35840   0.00000  -0.48899   0.00000  -0.48899   0.01623  -0.82574   0.01623  -0.82574
  3.40852   0.00000  -0.48899   0.00000  -0.48899   0.02019  -0.82473   0.02019  -0.82473
  3.45865   0.00000  -0.48899   0.00000  -0.48899   0.02493  -0.82348   0.02493  -0.82348
  3.50877   0.00000  -0.48899   0.00000  -0.48899   0.02978  -0.82199   0.02978  -0.82199
  3.55890   0.00000  -0.48899   0.00000  -0.48899   0.03419  -0.82027   0.03419  -0.82027
  3.60902  -0.00000  -0.48899  -0.00000  -0.48899   0.03809  -0.81836   0.03809  -0.81836
  3.65915   0.00000  -0.48899   0.00000  -0.48899   0.04228  -0.81624   0.04228  -0.81624
  3.70927   0.00000  -0.48899   0.00000  -0.48899   0.04905  -0.81379   0.04905  -0.81379
  3.75940   0.00000  -0.48899   0.00000  -0.48899   0.06303  -0.81063   0.06303  -0.81063
  3.80952   0.00000  -0.48899   0.00000  -0.48899   0.09212  -0.80601   0.09212  -0.80601
  3.85965   0.00000  -0.48899   0.00000  -0.48899   0.14706  -0.79864   0.14706  -0.79864
  3.90977   0.00000  -0.48899   0.00000  -0.48899   0.23802  -0.78671   0.23802  -0.78671
  3.95990   0.00000  -0.48899   0.00000  -0.48899   0.36749  -0.76829   0.36749  -0.76829
  4.01003   0.00000  -0.48899   0.00000  -0.48899   0.52259  -0.74209   0.52259  -0.74209
  4.06015   0.00000  -0.48899   0.00000  -0.48899   0.67272  -0.70837   0.67272  -0.70837
  4.11028   0.00000  -0.48899   0.00000  -0.48899   0.77797  -0.66937   0.77797  -0.66937
  4.16040   0.00000  -0.48899   0.00000  -0.48899   0.80627  -0.62896   0.80627  -0.62896
  4.21053   0.00000  -0.48899   0.00000  -0.48899   0.74949  -0.59139   0.74949  -0.59139
  4.26065   0.00000  -0.48899   0.00000  -0.48899   0.62750  -0.55994   0.62750  -0.55994
  4.31078   0.00000  -0.48899   0.00000  -0.48899   0.47724  -0.53602   0.47724  -0.53602
  4.36090   0.00000  -0.48899   0.00000  -0.48899   0.33481  -0.51923   0.33481  -0.51923
  4.41103   0.00000  -0.48899   0.00000  -0.48899   0.22223  -0.50809   0.22223  -0.50809
  4.46115   0.00000  -0.48899   0.00000  -0.48899   0.14468  -0.50084   0.14468  -0.50084
  4.51128   0.00000  -0.48899   0.00000  -0.48899   0.09599  -0.49603   0.09599  -0.49603
  4.56140   0.00000  -0.48899   0.00000  -0.48899   0.06633  -0.49271   0.06633  -0.49271
  4.61153   0.00000  -0.48899   0.00000  -0.48899   0.04731  -0.49033   0.04731  -0.49033
  4.66165   0.00000  -0.48899   0.00000  -0.48899   0.03380  -0.48864   0.03380  -0.48864
  4.71178   0.00000  -0.48899   0.00000  -0.48899   0.02340  -0.48747   0.02340  -0.48747
  4.76190   0.00000  -0.48899   0.00000  -0.48899   0.01530  -0.48670   0.01530  -0.48670
  4.81203   0.00000  -0.48899   0.00000  -0.48899   0.00929  -0.48623   0.00929  -0.48623
  4.86216   0.00000  -0.48899   0.00000  -0.48899   0.00519  -0.48597   0.00519  -0.48597
  4.91228   0.00000  -0.48899   0.00000  -0.48899   0.00264  -0.48584   0.00264  -0.48584
  4.96241   0.00000  -0.48899   0.00000  -0.48899   0.00122  -0.48578   0.00122  -0.48578
  5.01253   0.00000  -0.48899   0.00000  -0.48899   0.00051  -0.48576   0.00051  -0.48576
  5.06266   0.00000  -0.48899   0.00000  -0.48899   0.00019  -0.48575   0.00019  -0.48575
  5.11278   0.00000  -0.48899   0.00000  -0.48899   0.00006  -0.48574   0.00006  -0.48574
  5.16291   0.00000  -0.48899   0.00000  -0.48899   0.00002  -0.48574   0.00002  -0.48574
  5.21303   0.00000  -0.48899   0.00000  -0.48899   0.00001  -0.48574   0.00001  -0.48574
  5.26316   0.00000  -0.48899   0.00000  -0.48899   0.00000  -0.48574   0.00000  -0.48574
  5.31328   0.00000  -0.48899   0.00000  -0.48899   0.00000  -0.48574   0.00000  -0.48574
  5.36341   0.00000  -0.48899   0.00000  -0.48899   0.00000  -0.48574   0.00000  -0.48574
  5.41353   0.00000  -0.48899   0.00000  -0.48899   0.00000  -0.48574   0.00000  -0.48574
  5.46366   0.00000  -0.48899   0.00000  -0.48899   0.00000  -0.48574   0.00000  -0.48574
  5.51378   0.00000  -0.48899   0.00000  -0.48899   0.00000  -0.48574   0.00000  -0.48574
  5.56391   0.00000  -0.48899   0.00000  -0.48899   0.00000  -0.48574   0.00000  -0.48574
  5.61404   0.00000  -0.48899   0.00000  -0.48899   0.00000  -0.48574   0.00000  -0.48574
  5.66416   0.00000  -0.48899   0.00000  -0.48899   0.00000  -0.48574   0.00000  -0.48574
  5.71429   0.00000  -0.48899   0.00000  -0.48899   0.00000  -0.48574   0.00000  -0.48574
  5.76441   0.00000  -0.48899   0.00000  -0.48899   0.00000  -0.48574   0.00000  -0.48574
  5.81454   0.00000  -0.48899   0.00000  -0.48899   0.00000  -0.48574   0.00000  -0.48574
  5.86466   0.00001  -0.48899   0.00001  -0.48899   0.00000  -0.48574   0.00000  -0.48574
  5.91479   0.00004  -0.48898   0.00004  -0.48898   0.00000  -0.48574   0.00000  -0.48574
  5.96491   0.00012  -0.48898   0.00012  -0.48898   0.00000  -0.48574   0.00000  -0.48574
  6.01504   0.00031  -0.48896   0.00031  -0.48896   0.00001  -0.48574   0.00001  -0.48574
  6.06516   0.00074  -0.48892   0.00074  -0.48892   0.00003  -0.48574   0.00003  -0.48574
  6.11529   0.00159  -0.48884   0.00159  -0.48884   0.00008  -0.48574   0.00008  -0.48574
  6.16541   0.00311  -0.48869   0.00311  -0.48869   0.00022  -0.48573   0.00022  -0.48573
  6.21554   0.00557  -0.48841   0.00557  -0.48841   0.00053  -0.48570   0.00053  -0.48570
  6.26566   0.00924  -0.48795   0.00924  -0.48795   0.00118  -0.48564   0.00118  -0.48564
  6.31579   0.01423  -0.48723   0.01423  -0.48723   0.00238  -0.48552   0.00238  -0.48552
  6.36591   0.02039  -0.48621   0.02039  -0.48621   0.00439  -0.48530   0.00439  -0.48530
  6.41604   0.02723  -0.48485   0.02723  -0.48485   0.00746  -0.48493   0.00746  -0.48493
  6.46617   0.03390  -0.48315   0.03390  -0.48315   0.01176  -0.48434   0.01176  -0.48434
  6.51629   0.03943  -0.48117   0.03943  -0.48117   0.01724  -0.48347   0.01724  -0.48347
  6.56642   0.04309  -0.47901   0.04309  -0.47901   0.02354  -0.48229   0.02354  -0.48229
  6.61654   0.04473  -0.47677   0.04473  -0.47677   0.02996  -0.48079   0.02996  -0.48079
  6.66667   0.04500  -0.47451   0.04500  -0.47451   0.03561  -0.47901   0.03561  -0.47901
  6.71679   0.04517  -0.47225   0.04517  -0.47225   0.03966  -0.47702   0.03966  -0.47702
  6.76692   0.04671  -0.46991   0.04671  -0.46991   0.04173  -0.47493   0.04173  -0.47493
  6.81704   0.05063  -0.46737   0.05063  -0.46737   0.04209  -0.47282   0.04209  -0.47282
  6.86717   0.05697  -0.46451   0.05697  -0.46451   0.04172  -0.47072   0.04172  -0.47072
  6.91729   0.06470  -0.46127   0.06470  -0.46127   0.04198  -0.46862   0.04198  -0.46862
  6.96742   0.07228  -0.45765   0.07228  -0.45765   0.04407  -0.46641   0.04407  -0.46641
  7.01754   0.07842  -0.45372   0.07842  -0.45372   0.04849  -0.46398   0.04849  -0.46398
  7.06767   0.08273  -0.44957   0.08273  -0.44957   0.05473  -0.46124   0.05473  -0.46124
  7.11779   0.08591  -0.44526   0.08591  -0.44526   0.06152  -0.45815   0.06152  -0.45815
  7.16792   0.08936  -0.44079   0.08936  -0.44079   0.06749  -0.45477   0.06749  -0.45477
  7.21805   0.09466  -0.43604   0.09466  -0.43604   0.07191  -0.45117   0.07191  -0.45117
  7.26817   0.10275  -0.43089   0.10275  -0.43089   0.07502  -0.44741   0.07502  -0.44741
  7.31830   0.11356  -0.42520   0.11356  -0.42520   0.07804  -0.44349   0.07804  -0.44349
  7.36842   0.12581  -0.41889   0.12581  -0.41889   0.08258  -0.43935   0.08258  -0.43935
  7.41855   0.13743  -0.41200   0.13743  -0.41200   0.08991  -0.43485   0.08991  -0.43485
  7.46867   0.14633  -0.40467   0.14633  -0.40467   0.10031  -0.42982   0.10031  -0.42982
  7.51880   0.15131  -0.39708   0.15131  -0.39708   0.11280  -0.42417   0.11280  -0.42417
  7.56892   0.15266  -0.38943   0.15266  -0.38943   0.12544  -0.41788   0.12544  -0.41788
  7.61905   0.15205  -0.38181   0.15205  -0.38181   0.13613  -0.41105   0.13613  -0.41105
  7.66917   0.15188  -0.37420   0.15188  -0.37420   0.14345  -0.40386   0.14345  -0.40386
  7.71930   0.15432  -0.36646   0.15432  -0.36646   0.14723  -0.39648   0.14723  -0.39648
  7.76942   0.16064  -0.35841   0.16064  -0.35841   0.14856  -0.38904   0.14856  -0.38904
  7.81955   0.17085  -0.34985   0.17085  -0.34985   0.14921  -0.38156   0.14921  -0.38156
  7.86967   0.18352  -0.34065   0.18352  -0.34065   0.15096  -0.37399   0.15096  -0.37399
  7.91980   0.19603  -0.33082   0.19603  -0.33082   0.15520  -0.36621   0.15520  -0.36621
  7.96992   0.20533  -0.32053   0.20533  -0.32053   0.16259  -0.35806   0.16259  -0.35806
  8.02005   0.20910  -0.31005   0.20910  -0.31005   0.17280  -0.34940   0.17280  -0.34940
  8.07018   0.20657  -0.29969   0.20657  -0.29969   0.18438  -0.34016   0.18438  -0.34016
  8.12030   0.19857  -0.28974   0.19857  -0.28974   0.19486  -0.33039   0.19486  -0.33039
  8.17043   0.18684  -0.28037   0.18684  -0.28037   0.20150  -0.32029   0.20150  -0.32029
  8.22055   0.17332  -0.27169   0.17332  -0.27169   0.20237  -0.31015   0.20237  -0.31015
  8.27068   0.15961  -0.26369   0.15961  -0.26369   0.19700  -0.30027   0.19700  -0.30027
  8.32080   0.14671  -0.25633   0.14671  -0.25633   0.18652  -0.29092   0.18652  -0.29092
  8.37093   0.13493  -0.24957   0.13493  -0.24957   0.17304  -0.28225   0.17304  -0.28225
  8.42105   0.12414  -0.24335   0.12414  -0.24335   0.15889  -0.27428   0.15889  -0.27428
  8.47118   0.11432  -0.23762   0.11432  -0.23762   0.14579  -0.26698   0.14579  -0.26698
  8.52130   0.10602  -0.23230   0.10602  -0.23230   0.13444  -0.26024   0.13444  -0.26024
  8.57143   0.10032  -0.22727   0.10032  -0.22727   0.12458  -0.25399   0.12458  -0.25399
  8.62155   0.09812  -0.22235   0.09812  -0.22235   0.11575  -0.24819   0.11575  -0.24819
  8.67168   0.09939  -0.21737   0.09939  -0.21737   0.10795  -0.24278   0.10795  -0.24278
  8.72180   0.10297  -0.21221   0.10297  -0.21221   0.10191  -0.23767   0.10191  -0.23767
  8.77193   0.10691  -0.20685   0.10691  -0.20685   0.09858  -0.23273   0.09858  -0.23273
  8.82206   0.10932  -0.20137   0.10932  -0.20137   0.09835  -0.22780   0.09835  -0.22780
  8.87218   0.10896  -0.19591   0.10896  -0.19591   0.10065  -0.22276   0.10065  -0.22276
  8.92231   0.10561  -0.19062   0.10561  -0.19062   0.10405  -0.21754   0.10405  -0.21754
  8.97243   0.09993  -0.18561   0.09993  -0.18561   0.10685  -0.21218   0.10685  -0.21218
  9.02256   0.09304  -0.18094   0.09304  -0.18094   0.10767  -0.20679   0.10767  -0.20679
  9.07268   0.08604  -0.17663   0.08604  -0.17663   0.10584  -0.20148   0.10584  -0.20148
  9.12281   0.07968  -0.17264   0.07968  -0.17264   0.10151  -0.19640   0.10151  -0.19640
  9.17293   0.07429  -0.16891   0.07429  -0.16891   0.09547  -0.19161   0.09547  -0.19161
  9.22306   0.06995  -0.16541   0.06995  -0.16541   0.08876  -0.18716   0.08876  -0.18716
  9.27318   0.06673  -0.16206   0.06673  -0.16206   0.08225  -0.18304   0.08225  -0.18304
  9.32331   0.06473  -0.15882   0.06473  -0.15882   0.07643  -0.17921   0.07643  -0.17921
  9.37343   0.06398  -0.15561   0.06398  -0.15561   0.07146  -0.17562   0.07146  -0.17562
  9.42356   0.06425  -0.15239   0.06425  -0.15239   0.06743  -0.17224   0.06743  -0.17224
  9.47368   0.06507  -0.14913   0.06507  -0.14913   0.06448  -0.16901   0.06448  -0.16901
  9.52381   0.06581  -0.14583   0.06581  -0.14583   0.06277  -0.16587   0.06277  -0.16587
  9.57393   0.06590  -0.14253   0.06590  -0.14253   0.06226  -0.16274   0.06226  -0.16274
  9.62406   0.06500  -0.13927   0.06500  -0.13927   0.06268  -0.15960   0.06268  -0.15960
  9.67419   0.06307  -0.13611   0.06307  -0.13611   0.06353  -0.15642   0.06353  -0.15642
  9.72431   0.06038  -0.13308   0.06038  -0.13308   0.06423  -0.15320   0.06423  -0.15320
  9.77444   0.05749  -0.13020   0.05749  -0.13020   0.06419  -0.14998   0.06419  -0.14998
  9.82456   0.05504  -0.12744   0.05504  -0.12744   0.06304  -0.14682   0.06304  -0.14682
  9.87469   0.05342  -0.12476   0.05342  -0.12476   0.06073  -0.14378   0.06073  -0.14378
  9.92481   0.05270  -0.12212   0.05270  -0.12212   0.05765  -0.14089   0.05765  -0.14089
  9.97494   0.05274  -0.11948   0.05274  -0.11948   0.05451  -0.13816   0.05451  -0.13816
 10.02506   0.05344  -0.11680   0.05344  -0.11680   0.05198  -0.13555   0.05198  -0.13555