ESCALE ; pCOHP file generated by LOBSTER. Energy is shifted such that the Fermi level lies at 0 eV.
         2          2        401  -6.04511e+00   1.40050e+01   3.97995e+00 
Average
No.1:Ni52->O66(2.0772555745825643)
-10.02506   0.00000  -0.31932   0.00000  -0.31932   0.00000  -0.30630   0.00000  -0.30630
 -9.97494   0.00000  -0.31932   0.00000  -0.31932   0.00000  -0.30630   0.00000  -0.30630
 -9.92481   0.00000  -0.31932   0.00000  -0.31932   0.00000  -0.30630   0.00000  -0.30630
 -9.87469   0.00000  -0.31932   0.00000  -0.31932   0.00000  -0.30630   0.00000  -0.30630
 -9.82456   0.00000  -0.31932   0.00000  -0.31932   0.00000  -0.30630   0.00000  -0.30630
 -9.77444   0.00000  -0.31932   0.00000  -0.31932   0.00000  -0.30630   0.00000  -0.30630
 -9.72431   0.00000  -0.31932   0.00000  -0.31932   0.00000  -0.30630   0.00000  -0.30630
 -9.67419   0.00000  -0.31932   0.00000  -0.31932   0.00000  -0.30630   0.00000  -0.30630
 -9.62406   0.00000  -0.31932   0.00000  -0.31932   0.00000  -0.30630   0.00000  -0.30630
 -9.57393   0.00000  -0.31932   0.00000  -0.31932   0.00000  -0.30630   0.00000  -0.30630
 -9.52381   0.00000  -0.31932   0.00000  -0.31932   0.00000  -0.30630   0.00000  -0.30630
 -9.47368   0.00000  -0.31932   0.00000  -0.31932   0.00000  -0.30630   0.00000  -0.30630
 -9.42356   0.00000  -0.31932   0.00000  -0.31932   0.00000  -0.30630   0.00000  -0.30630
 -9.37343   0.00000  -0.31932   0.00000  -0.31932   0.00000  -0.30630   0.00000  -0.30630
 -9.32331   0.00000  -0.31932   0.00000  -0.31932   0.00000  -0.30630   0.00000  -0.30630
 -9.27318   0.00000  -0.31932   0.00000  -0.31932   0.00000  -0.30630   0.00000  -0.30630
 -9.22306   0.00000  -0.31932   0.00000  -0.31932   0.00000  -0.30630   0.00000  -0.30630
 -9.17293   0.00000  -0.31932   0.00000  -0.31932   0.00000  -0.30630   0.00000  -0.30630
 -9.12281   0.00000  -0.31932   0.00000  -0.31932   0.00000  -0.30630   0.00000  -0.30630
 -9.07268   0.00000  -0.31932   0.00000  -0.31932   0.00000  -0.30630   0.00000  -0.30630
 -9.02256   0.00000  -0.31932   0.00000  -0.31932   0.00000  -0.30630   0.00000  -0.30630
 -8.97243   0.00000  -0.31932   0.00000  -0.31932   0.00000  -0.30630   0.00000  -0.30630
 -8.92231   0.00000  -0.31932   0.00000  -0.31932   0.00000  -0.30630   0.00000  -0.30630
 -8.87218   0.00000  -0.31932   0.00000  -0.31932   0.00000  -0.30630   0.00000  -0.30630
 -8.82206  -0.00000  -0.31932  -0.00000  -0.31932   0.00000  -0.30630   0.00000  -0.30630
 -8.77193  -0.00000  -0.31932  -0.00000  -0.31932   0.00000  -0.30630   0.00000  -0.30630
 -8.72180  -0.00000  -0.31932  -0.00000  -0.31932   0.00000  -0.30630   0.00000  -0.30630
 -8.67168  -0.00000  -0.31932  -0.00000  -0.31932   0.00000  -0.30630   0.00000  -0.30630
 -8.62155  -0.00000  -0.31932  -0.00000  -0.31932   0.00000  -0.30630   0.00000  -0.30630
 -8.57143  -0.00000  -0.31932  -0.00000  -0.31932   0.00000  -0.30630   0.00000  -0.30630
 -8.52130  -0.00000  -0.31932  -0.00000  -0.31932   0.00000  -0.30630   0.00000  -0.30630
 -8.47118  -0.00000  -0.31932  -0.00000  -0.31932   0.00000  -0.30630   0.00000  -0.30630
 -8.42105  -0.00000  -0.31932  -0.00000  -0.31932   0.00000  -0.30630   0.00000  -0.30630
 -8.37093  -0.00000  -0.31932  -0.00000  -0.31932   0.00000  -0.30630   0.00000  -0.30630
 -8.32080  -0.00000  -0.31932  -0.00000  -0.31932   0.00000  -0.30630   0.00000  -0.30630
 -8.27068  -0.00000  -0.31932  -0.00000  -0.31932   0.00000  -0.30630   0.00000  -0.30630
 -8.22055  -0.00000  -0.31932  -0.00000  -0.31932   0.00000  -0.30630   0.00000  -0.30630
 -8.17043  -0.00000  -0.31932  -0.00000  -0.31932   0.00000  -0.30630   0.00000  -0.30630
 -8.12030  -0.00000  -0.31932  -0.00000  -0.31932   0.00000  -0.30630   0.00000  -0.30630
 -8.07018  -0.00001  -0.31932  -0.00001  -0.31932   0.00000  -0.30630   0.00000  -0.30630
 -8.02005  -0.00002  -0.31932  -0.00002  -0.31932   0.00000  -0.30630   0.00000  -0.30630
 -7.96992  -0.00004  -0.31933  -0.00004  -0.31933   0.00000  -0.30630   0.00000  -0.30630
 -7.91980  -0.00007  -0.31933  -0.00007  -0.31933   0.00000  -0.30630   0.00000  -0.30630
 -7.86967  -0.00012  -0.31934  -0.00012  -0.31934   0.00000  -0.30630   0.00000  -0.30630
 -7.81955  -0.00018  -0.31934  -0.00018  -0.31934   0.00000  -0.30630   0.00000  -0.30630
 -7.76942  -0.00023  -0.31936  -0.00023  -0.31936   0.00000  -0.30630   0.00000  -0.30630
 -7.71930  -0.00028  -0.31937  -0.00028  -0.31937   0.00000  -0.30630   0.00000  -0.30630
 -7.66917  -0.00030  -0.31939  -0.00030  -0.31939  -0.00000  -0.30630  -0.00000  -0.30630
 -7.61905  -0.00029  -0.31940  -0.00029  -0.31940  -0.00000  -0.30630  -0.00000  -0.30630
 -7.56892  -0.00026  -0.31941  -0.00026  -0.31941  -0.00000  -0.30630  -0.00000  -0.30630
 -7.51880  -0.00022  -0.31942  -0.00022  -0.31942  -0.00000  -0.30630  -0.00000  -0.30630
 -7.46867  -0.00021  -0.31944  -0.00021  -0.31944  -0.00000  -0.30630  -0.00000  -0.30630
 -7.41855  -0.00026  -0.31945  -0.00026  -0.31945  -0.00000  -0.30630  -0.00000  -0.30630
 -7.36842  -0.00044  -0.31947  -0.00044  -0.31947  -0.00000  -0.30630  -0.00000  -0.30630
 -7.31830  -0.00086  -0.31951  -0.00086  -0.31951  -0.00000  -0.30630  -0.00000  -0.30630
 -7.26817  -0.00160  -0.31959  -0.00160  -0.31959  -0.00000  -0.30630  -0.00000  -0.30630
 -7.21805  -0.00269  -0.31973  -0.00269  -0.31973  -0.00000  -0.30630  -0.00000  -0.30630
 -7.16792  -0.00410  -0.31993  -0.00410  -0.31993  -0.00000  -0.30630  -0.00000  -0.30630
 -7.11779  -0.00579  -0.32022  -0.00579  -0.32022  -0.00000  -0.30630  -0.00000  -0.30630
 -7.06767  -0.00795  -0.32062  -0.00795  -0.32062  -0.00000  -0.30630  -0.00000  -0.30630
 -7.01754  -0.01150  -0.32120  -0.01150  -0.32120  -0.00001  -0.30630  -0.00001  -0.30630
 -6.96742  -0.01853  -0.32213  -0.01853  -0.32213  -0.00004  -0.30631  -0.00004  -0.30631
 -6.91729  -0.03249  -0.32376  -0.03249  -0.32376  -0.00013  -0.30631  -0.00013  -0.30631
 -6.86717  -0.05765  -0.32665  -0.05765  -0.32665  -0.00042  -0.30633  -0.00042  -0.30633
 -6.81704  -0.09741  -0.33153  -0.09741  -0.33153  -0.00122  -0.30639  -0.00122  -0.30639
 -6.76692  -0.15210  -0.33915  -0.15210  -0.33915  -0.00319  -0.30655  -0.00319  -0.30655
 -6.71679  -0.21730  -0.35004  -0.21730  -0.35004  -0.00752  -0.30693  -0.00752  -0.30693
 -6.66667  -0.28452  -0.36431  -0.28452  -0.36431  -0.01594  -0.30773  -0.01594  -0.30773
 -6.61654  -0.34447  -0.38157  -0.34447  -0.38157  -0.03046  -0.30926  -0.03046  -0.30926
 -6.56642  -0.39138  -0.40119  -0.39138  -0.40119  -0.05246  -0.31189  -0.05246  -0.31189
 -6.51629  -0.42535  -0.42251  -0.42535  -0.42251  -0.08153  -0.31597  -0.08153  -0.31597
 -6.46617  -0.45090  -0.44511  -0.45090  -0.44511  -0.11447  -0.32171  -0.11447  -0.32171
 -6.41604  -0.47289  -0.46882  -0.47289  -0.46882  -0.14553  -0.32901  -0.14553  -0.32901
 -6.36591  -0.49277  -0.49352  -0.49277  -0.49352  -0.16823  -0.33744  -0.16823  -0.33744
 -6.31579  -0.50764  -0.51896  -0.50764  -0.51896  -0.17809  -0.34637  -0.17809  -0.34637
 -6.26566  -0.51209  -0.54463  -0.51209  -0.54463  -0.17456  -0.35512  -0.17456  -0.35512
 -6.21554  -0.50110  -0.56975  -0.50110  -0.56975  -0.16098  -0.36318  -0.16098  -0.36318
 -6.16541  -0.47219  -0.59342  -0.47219  -0.59342  -0.14256  -0.37033  -0.14256  -0.37033
 -6.11529  -0.42618  -0.61478  -0.42618  -0.61478  -0.12382  -0.37654  -0.12382  -0.37654
 -6.06516  -0.36698  -0.63318  -0.36698  -0.63318  -0.10716  -0.38191  -0.10716  -0.38191
 -6.01504  -0.30091  -0.64826  -0.30091  -0.64826  -0.09303  -0.38657  -0.09303  -0.38657
 -5.96491  -0.23551  -0.66006  -0.23551  -0.66006  -0.08116  -0.39064  -0.08116  -0.39064
 -5.91479  -0.17780  -0.66898  -0.17780  -0.66898  -0.07160  -0.39423  -0.07160  -0.39423
 -5.86466  -0.13259  -0.67562  -0.13259  -0.67562  -0.06494  -0.39748  -0.06494  -0.39748
 -5.81454  -0.10158  -0.68071  -0.10158  -0.68071  -0.06186  -0.40058  -0.06186  -0.40058
 -5.76441  -0.08360  -0.68491  -0.08360  -0.68491  -0.06235  -0.40371  -0.06235  -0.40371
 -5.71429  -0.07574  -0.68870  -0.07574  -0.68870  -0.06549  -0.40699  -0.06549  -0.40699
 -5.66416  -0.07458  -0.69244  -0.07458  -0.69244  -0.06965  -0.41048  -0.06965  -0.41048
 -5.61404  -0.07693  -0.69630  -0.07693  -0.69630  -0.07314  -0.41415  -0.07314  -0.41415
 -5.56391  -0.08029  -0.70032  -0.08029  -0.70032  -0.07483  -0.41790  -0.07483  -0.41790
 -5.51378  -0.08291  -0.70448  -0.08291  -0.70448  -0.07447  -0.42163  -0.07447  -0.42163
 -5.46366  -0.08388  -0.70868  -0.08388  -0.70868  -0.07269  -0.42528  -0.07269  -0.42528
 -5.41353  -0.08303  -0.71284  -0.08303  -0.71284  -0.07071  -0.42882  -0.07071  -0.42882
 -5.36341  -0.08074  -0.71689  -0.08074  -0.71689  -0.06993  -0.43233  -0.06993  -0.43233
 -5.31328  -0.07755  -0.72078  -0.07755  -0.72078  -0.07160  -0.43591  -0.07160  -0.43591
 -5.26316  -0.07394  -0.72448  -0.07394  -0.72448  -0.07665  -0.43976  -0.07665  -0.43976
 -5.21303  -0.07024  -0.72800  -0.07024  -0.72800  -0.08555  -0.44404  -0.08555  -0.44404
 -5.16291  -0.06673  -0.73135  -0.06673  -0.73135  -0.09830  -0.44897  -0.09830  -0.44897
 -5.11278  -0.06381  -0.73455  -0.06381  -0.73455  -0.11429  -0.45470  -0.11429  -0.45470
 -5.06266  -0.06192  -0.73765  -0.06192  -0.73765  -0.13222  -0.46133  -0.13222  -0.46133
 -5.01253  -0.06139  -0.74073  -0.06139  -0.74073  -0.15029  -0.46886  -0.15029  -0.46886
 -4.96241  -0.06238  -0.74386  -0.06238  -0.74386  -0.16646  -0.47721  -0.16646  -0.47721
 -4.91228  -0.06488  -0.74711  -0.06488  -0.74711  -0.17897  -0.48618  -0.17897  -0.48618
 -4.86216  -0.06893  -0.75056  -0.06893  -0.75056  -0.18662  -0.49553  -0.18662  -0.49553
 -4.81203  -0.07447  -0.75430  -0.07447  -0.75430  -0.18897  -0.50500  -0.18897  -0.50500
 -4.76190  -0.08116  -0.75836  -0.08116  -0.75836  -0.18637  -0.51435  -0.18637  -0.51435
 -4.71178  -0.08811  -0.76278  -0.08811  -0.76278  -0.17989  -0.52336  -0.17989  -0.52336
 -4.66165  -0.09389  -0.76749  -0.09389  -0.76749  -0.17100  -0.53193  -0.17100  -0.53193
 -4.61153  -0.09704  -0.77235  -0.09704  -0.77235  -0.16110  -0.54001  -0.16110  -0.54001
 -4.56140  -0.09671  -0.77720  -0.09671  -0.77720  -0.15104  -0.54758  -0.15104  -0.54758
 -4.51128  -0.09314  -0.78187  -0.09314  -0.78187  -0.14099  -0.55465  -0.14099  -0.55465
 -4.46115  -0.08759  -0.78626  -0.08759  -0.78626  -0.13071  -0.56120  -0.13071  -0.56120
 -4.41103  -0.08189  -0.79036  -0.08189  -0.79036  -0.12005  -0.56722  -0.12005  -0.56722
 -4.36090  -0.07762  -0.79425  -0.07762  -0.79425  -0.10936  -0.57270  -0.10936  -0.57270
 -4.31078  -0.07556  -0.79804  -0.07556  -0.79804  -0.09939  -0.57768  -0.09939  -0.57768
 -4.26065  -0.07545  -0.80182  -0.07545  -0.80182  -0.09103  -0.58224  -0.09103  -0.58224
 -4.21053  -0.07623  -0.80564  -0.07623  -0.80564  -0.08494  -0.58650  -0.08494  -0.58650
 -4.16040  -0.07654  -0.80948  -0.07654  -0.80948  -0.08136  -0.59058  -0.08136  -0.59058
 -4.11028  -0.07526  -0.81325  -0.07526  -0.81325  -0.08014  -0.59460  -0.08014  -0.59460
 -4.06015  -0.07177  -0.81685  -0.07177  -0.81685  -0.08095  -0.59865  -0.08095  -0.59865
 -4.01003  -0.06591  -0.82015  -0.06591  -0.82015  -0.08357  -0.60284  -0.08357  -0.60284
 -3.95990  -0.05779  -0.82305  -0.05779  -0.82305  -0.08803  -0.60725  -0.08803  -0.60725
 -3.90977  -0.04766  -0.82544  -0.04766  -0.82544  -0.09458  -0.61200  -0.09458  -0.61200
 -3.85965  -0.03591  -0.82724  -0.03591  -0.82724  -0.10333  -0.61718  -0.10333  -0.61718
 -3.80952  -0.02303  -0.82839  -0.02303  -0.82839  -0.11394  -0.62289  -0.11394  -0.62289
 -3.75940  -0.00953  -0.82887  -0.00953  -0.82887  -0.12543  -0.62917  -0.12543  -0.62917
 -3.70927   0.00409  -0.82867   0.00409  -0.82867  -0.13629  -0.63600  -0.13629  -0.63600
 -3.65915   0.01729  -0.82780   0.01729  -0.82780  -0.14483  -0.64326  -0.14483  -0.64326
 -3.60902   0.02934  -0.82633   0.02934  -0.82633  -0.14959  -0.65076  -0.14959  -0.65076
 -3.55890   0.03930  -0.82436   0.03930  -0.82436  -0.14967  -0.65826  -0.14967  -0.65826
 -3.50877   0.04622  -0.82204   0.04622  -0.82204  -0.14519  -0.66554  -0.14519  -0.66554
 -3.45865   0.04962  -0.81956   0.04962  -0.81956  -0.13750  -0.67243  -0.13750  -0.67243
 -3.40852   0.04976  -0.81706   0.04976  -0.81706  -0.12901  -0.67890  -0.12901  -0.67890
 -3.35840   0.04758  -0.81468   0.04758  -0.81468  -0.12250  -0.68504  -0.12250  -0.68504
 -3.30827   0.04430  -0.81246   0.04430  -0.81246  -0.12003  -0.69106  -0.12003  -0.69106
 -3.25815   0.04098  -0.81040   0.04098  -0.81040  -0.12207  -0.69718  -0.12207  -0.69718
 -3.20802   0.03828  -0.80848   0.03828  -0.80848  -0.12741  -0.70356  -0.12741  -0.70356
 -3.15789   0.03657  -0.80665   0.03657  -0.80665  -0.13385  -0.71027  -0.13385  -0.71027
 -3.10777   0.03603  -0.80484   0.03603  -0.80484  -0.13948  -0.71726  -0.13948  -0.71726
 -3.05764   0.03655  -0.80301   0.03655  -0.80301  -0.14373  -0.72447  -0.14373  -0.72447
 -3.00752   0.03749  -0.80113   0.03749  -0.80113  -0.14762  -0.73187  -0.14762  -0.73187
 -2.95739   0.03759  -0.79925   0.03759  -0.79925  -0.15307  -0.73954  -0.15307  -0.73954
 -2.90727   0.03535  -0.79748   0.03535  -0.79748  -0.16162  -0.74764  -0.16162  -0.74764
 -2.85714   0.02985  -0.79598   0.02985  -0.79598  -0.17338  -0.75633  -0.17338  -0.75633
 -2.80702   0.02142  -0.79491   0.02142  -0.79491  -0.18651  -0.76568  -0.18651  -0.76568
 -2.75689   0.01171  -0.79432   0.01171  -0.79432  -0.19761  -0.77559  -0.19761  -0.77559
 -2.70677   0.00307  -0.79417   0.00307  -0.79417  -0.20276  -0.78575  -0.20276  -0.78575
 -2.65664  -0.00229  -0.79428  -0.00229  -0.79428  -0.19894  -0.79572  -0.19894  -0.79572
 -2.60652  -0.00300  -0.79443  -0.00300  -0.79443  -0.18532  -0.80501  -0.18532  -0.80501
 -2.55639   0.00123  -0.79437   0.00123  -0.79437  -0.16373  -0.81322  -0.16373  -0.81322
 -2.50627   0.00969  -0.79388   0.00969  -0.79388  -0.13808  -0.82014  -0.13808  -0.82014
 -2.45614   0.02098  -0.79283   0.02098  -0.79283  -0.11286  -0.82580  -0.11286  -0.82580
 -2.40602   0.03338  -0.79116   0.03338  -0.79116  -0.09149  -0.83038  -0.09149  -0.83038
 -2.35589   0.04526  -0.78889   0.04526  -0.78889  -0.07544  -0.83416  -0.07544  -0.83416
 -2.30576   0.05546  -0.78611   0.05546  -0.78611  -0.06425  -0.83738  -0.06425  -0.83738
 -2.25564   0.06341  -0.78293   0.06341  -0.78293  -0.05630  -0.84021  -0.05630  -0.84021
 -2.20551   0.06918  -0.77946   0.06918  -0.77946  -0.04956  -0.84269  -0.04956  -0.84269
 -2.15539   0.07329  -0.77579   0.07329  -0.77579  -0.04208  -0.84480  -0.04208  -0.84480
 -2.10526   0.07650  -0.77196   0.07650  -0.77196  -0.03227  -0.84642  -0.03227  -0.84642
 -2.05514   0.07952  -0.76797   0.07952  -0.76797  -0.01919  -0.84738  -0.01919  -0.84738
 -2.00501   0.08271  -0.76382   0.08271  -0.76382  -0.00293  -0.84753  -0.00293  -0.84753
 -1.95489   0.08589  -0.75952   0.08589  -0.75952   0.01499  -0.84678   0.01499  -0.84678
 -1.90476   0.08851  -0.75508   0.08851  -0.75508   0.03182  -0.84518   0.03182  -0.84518
 -1.85464   0.08995  -0.75057   0.08995  -0.75057   0.04449  -0.84295   0.04449  -0.84295
 -1.80451   0.08992  -0.74607   0.08992  -0.74607   0.05102  -0.84039   0.05102  -0.84039
 -1.75439   0.08861  -0.74162   0.08861  -0.74162   0.05163  -0.83781   0.05163  -0.83781
 -1.70426   0.08656  -0.73729   0.08656  -0.73729   0.04887  -0.83536   0.04887  -0.83536
 -1.65414   0.08437  -0.73306   0.08437  -0.73306   0.04647  -0.83303   0.04647  -0.83303
 -1.60401   0.08255  -0.72892   0.08255  -0.72892   0.04762  -0.83064   0.04762  -0.83064
 -1.55388   0.08132  -0.72484   0.08132  -0.72484   0.05366  -0.82795   0.05366  -0.82795
 -1.50376   0.08067  -0.72080   0.08067  -0.72080   0.06377  -0.82475   0.06377  -0.82475
 -1.45363   0.08041  -0.71677   0.08041  -0.71677   0.07569  -0.82096   0.07569  -0.82096
 -1.40351   0.08025  -0.71275   0.08025  -0.71275   0.08692  -0.81660   0.08692  -0.81660
 -1.35338   0.07993  -0.70874   0.07993  -0.70874   0.09564  -0.81181   0.09564  -0.81181
 -1.30326   0.07931  -0.70476   0.07931  -0.70476   0.10116  -0.80674   0.10116  -0.80674
 -1.25313   0.07834  -0.70084   0.07834  -0.70084   0.10377  -0.80154   0.10377  -0.80154
 -1.20301   0.07713  -0.69697   0.07713  -0.69697   0.10424  -0.79631   0.10424  -0.79631
 -1.15288   0.07594  -0.69316   0.07594  -0.69316   0.10333  -0.79113   0.10333  -0.79113
 -1.10276   0.07528  -0.68939   0.07528  -0.68939   0.10137  -0.78605   0.10137  -0.78605
 -1.05263   0.07594  -0.68558   0.07594  -0.68558   0.09811  -0.78113   0.09811  -0.78113
 -1.00251   0.07911  -0.68162   0.07911  -0.68162   0.09299  -0.77647   0.09299  -0.77647
 -0.95238   0.08637  -0.67729   0.08637  -0.67729   0.08544  -0.77219   0.08544  -0.77219
 -0.90226   0.09963  -0.67230   0.09963  -0.67230   0.07536  -0.76841   0.07536  -0.76841
 -0.85213   0.12082  -0.66624   0.12082  -0.66624   0.06329  -0.76524   0.06329  -0.76524
 -0.80201   0.15117  -0.65866   0.15117  -0.65866   0.05031  -0.76272   0.05031  -0.76272
 -0.75188   0.19025  -0.64913   0.19025  -0.64913   0.03772  -0.76083   0.03772  -0.76083
 -0.70175   0.23518  -0.63734   0.23518  -0.63734   0.02665  -0.75949   0.02665  -0.75949
 -0.65163   0.28060  -0.62327   0.28060  -0.62327   0.01775  -0.75860   0.01775  -0.75860
 -0.60150   0.31964  -0.60725   0.31964  -0.60725   0.01121  -0.75804   0.01121  -0.75804
 -0.55138   0.34566  -0.58993   0.34566  -0.58993   0.00675  -0.75770   0.00675  -0.75770
 -0.50125   0.35408  -0.57218   0.35408  -0.57218   0.00392  -0.75750   0.00392  -0.75750
 -0.45113   0.34380  -0.55494   0.34380  -0.55494   0.00222  -0.75739   0.00222  -0.75739
 -0.40100   0.31761  -0.53902   0.31761  -0.53902   0.00123  -0.75733   0.00123  -0.75733
 -0.35088   0.28129  -0.52492   0.28129  -0.52492   0.00067  -0.75730   0.00067  -0.75730
 -0.30075   0.24160  -0.51281   0.24160  -0.51281   0.00036  -0.75728   0.00036  -0.75728
 -0.25063   0.20390  -0.50259   0.20390  -0.50259   0.00018  -0.75727   0.00018  -0.75727
 -0.20050   0.17061  -0.49404   0.17061  -0.49404   0.00009  -0.75726   0.00009  -0.75726
 -0.15038   0.14144  -0.48695   0.14144  -0.48695   0.00004  -0.75726   0.00004  -0.75726
 -0.10025   0.11485  -0.48120   0.11485  -0.48120   0.00002  -0.75726   0.00002  -0.75726
 -0.05013   0.08976  -0.47670   0.08976  -0.47670   0.00001  -0.75726   0.00001  -0.75726
  0.00000   0.06640  -0.47337   0.06640  -0.47337   0.00000  -0.75726   0.00000  -0.75726
  0.05013   0.04588  -0.47107   0.04588  -0.47107   0.00000  -0.75726   0.00000  -0.75726
  0.10025   0.02937  -0.46960   0.02937  -0.46960   0.00000  -0.75726   0.00000  -0.75726
  0.15038   0.01733  -0.46873   0.01733  -0.46873   0.00000  -0.75726   0.00000  -0.75726
  0.20050   0.00941  -0.46826   0.00941  -0.46826   0.00000  -0.75726   0.00000  -0.75726
  0.25063   0.00471  -0.46802   0.00471  -0.46802   0.00000  -0.75726   0.00000  -0.75726
  0.30075   0.00222  -0.46791   0.00222  -0.46791   0.00000  -0.75726   0.00000  -0.75726
  0.35088   0.00109  -0.46785   0.00109  -0.46785   0.00000  -0.75726   0.00000  -0.75726
  0.40100   0.00079  -0.46781   0.00079  -0.46781   0.00000  -0.75726   0.00000  -0.75726
  0.45113   0.00104  -0.46776   0.00104  -0.46776   0.00000  -0.75726   0.00000  -0.75726
  0.50125   0.00172  -0.46768   0.00172  -0.46768   0.00000  -0.75726   0.00000  -0.75726
  0.55138   0.00274  -0.46754   0.00274  -0.46754   0.00000  -0.75726   0.00000  -0.75726
  0.60150   0.00394  -0.46734   0.00394  -0.46734   0.00000  -0.75726   0.00000  -0.75726
  0.65163   0.00507  -0.46709   0.00507  -0.46709   0.00000  -0.75726   0.00000  -0.75726
  0.70175   0.00585  -0.46679   0.00585  -0.46679   0.00000  -0.75726   0.00000  -0.75726
  0.75188   0.00614  -0.46649   0.00614  -0.46649   0.00001  -0.75726   0.00001  -0.75726
  0.80201   0.00603  -0.46618   0.00603  -0.46618   0.00002  -0.75726   0.00002  -0.75726
  0.85213   0.00584  -0.46589   0.00584  -0.46589   0.00005  -0.75726   0.00005  -0.75726
  0.90226   0.00599  -0.46559   0.00599  -0.46559   0.00016  -0.75725   0.00016  -0.75725
  0.95238   0.00675  -0.46525   0.00675  -0.46525   0.00041  -0.75723   0.00041  -0.75723
  1.00251   0.00811  -0.46485   0.00811  -0.46485   0.00097  -0.75718   0.00097  -0.75718
  1.05263   0.00977  -0.46436   0.00977  -0.46436   0.00211  -0.75707   0.00211  -0.75707
  1.10276   0.01128  -0.46379   0.01128  -0.46379   0.00412  -0.75687   0.00412  -0.75687
  1.15288   0.01224  -0.46318   0.01224  -0.46318   0.00726  -0.75650   0.00726  -0.75650
  1.20301   0.01243  -0.46255   0.01243  -0.46255   0.01146  -0.75593   0.01146  -0.75593
  1.25313   0.01185  -0.46196   0.01185  -0.46196   0.01620  -0.75512   0.01620  -0.75512
  1.30326   0.01066  -0.46143   0.01066  -0.46143   0.02051  -0.75409   0.02051  -0.75409
  1.35338   0.00912  -0.46097   0.00912  -0.46097   0.02323  -0.75293   0.02323  -0.75293
  1.40351   0.00748  -0.46059   0.00748  -0.46059   0.02353  -0.75175   0.02353  -0.75175
  1.45363   0.00597  -0.46030   0.00597  -0.46030   0.02134  -0.75068   0.02134  -0.75068
  1.50376   0.00479  -0.46005   0.00479  -0.46005   0.01734  -0.74981   0.01734  -0.74981
  1.55388   0.00407  -0.45985   0.00407  -0.45985   0.01260  -0.74918   0.01260  -0.74918
  1.60401   0.00386  -0.45966   0.00386  -0.45966   0.00817  -0.74877   0.00817  -0.74877
  1.65414   0.00415  -0.45945   0.00415  -0.45945   0.00465  -0.74853   0.00465  -0.74853
  1.70426   0.00488  -0.45920   0.00488  -0.45920   0.00221  -0.74842   0.00221  -0.74842
  1.75439   0.00593  -0.45891   0.00593  -0.45891   0.00069  -0.74839   0.00069  -0.74839
  1.80451   0.00707  -0.45855   0.00707  -0.45855  -0.00015  -0.74839  -0.00015  -0.74839
  1.85464   0.00806  -0.45815   0.00806  -0.45815  -0.00054  -0.74842  -0.00054  -0.74842
  1.90476   0.00861  -0.45772   0.00861  -0.45772  -0.00063  -0.74845  -0.00063  -0.74845
  1.95489   0.00854  -0.45729   0.00854  -0.45729  -0.00054  -0.74848  -0.00054  -0.74848
  2.00501   0.00780  -0.45690   0.00780  -0.45690  -0.00033  -0.74850  -0.00033  -0.74850
  2.05514   0.00651  -0.45657   0.00651  -0.45657  -0.00005  -0.74850  -0.00005  -0.74850
  2.10526   0.00495  -0.45632   0.00495  -0.45632   0.00029  -0.74848   0.00029  -0.74848
  2.15539   0.00339  -0.45615   0.00339  -0.45615   0.00065  -0.74845   0.00065  -0.74845
  2.20551   0.00208  -0.45605   0.00208  -0.45605   0.00099  -0.74840   0.00099  -0.74840
  2.25564   0.00112  -0.45599   0.00112  -0.45599   0.00125  -0.74834   0.00125  -0.74834
  2.30576   0.00052  -0.45597   0.00052  -0.45597   0.00136  -0.74827   0.00136  -0.74827
  2.35589   0.00019  -0.45596   0.00019  -0.45596   0.00129  -0.74821   0.00129  -0.74821
  2.40602   0.00005  -0.45596   0.00005  -0.45596   0.00107  -0.74815   0.00107  -0.74815
  2.45614   0.00001  -0.45596   0.00001  -0.45596   0.00077  -0.74812   0.00077  -0.74812
  2.50627   0.00000  -0.45596   0.00000  -0.45596   0.00050  -0.74809   0.00050  -0.74809
  2.55639   0.00001  -0.45596   0.00001  -0.45596   0.00031  -0.74807   0.00031  -0.74807
  2.60652   0.00001  -0.45595   0.00001  -0.45595   0.00022  -0.74806   0.00022  -0.74806
  2.65664   0.00001  -0.45595   0.00001  -0.45595   0.00019  -0.74805   0.00019  -0.74805
  2.70677   0.00001  -0.45595   0.00001  -0.45595   0.00019  -0.74805   0.00019  -0.74805
  2.75689   0.00000  -0.45595   0.00000  -0.45595   0.00016  -0.74804   0.00016  -0.74804
  2.80702   0.00000  -0.45595   0.00000  -0.45595   0.00004  -0.74804   0.00004  -0.74804
  2.85714   0.00000  -0.45595   0.00000  -0.45595  -0.00020  -0.74805  -0.00020  -0.74805
  2.90727   0.00000  -0.45595   0.00000  -0.45595  -0.00067  -0.74808  -0.00067  -0.74808
  2.95739   0.00000  -0.45595   0.00000  -0.45595  -0.00148  -0.74815  -0.00148  -0.74815
  3.00752   0.00000  -0.45595   0.00000  -0.45595  -0.00278  -0.74829  -0.00278  -0.74829
  3.05764   0.00000  -0.45595   0.00000  -0.45595  -0.00469  -0.74853  -0.00469  -0.74853
  3.10777   0.00000  -0.45595   0.00000  -0.45595  -0.00727  -0.74889  -0.00727  -0.74889
  3.15789   0.00000  -0.45595   0.00000  -0.45595  -0.01050  -0.74942  -0.01050  -0.74942
  3.20802   0.00000  -0.45595   0.00000  -0.45595  -0.01419  -0.75013  -0.01419  -0.75013
  3.25815  -0.00000  -0.45595  -0.00000  -0.45595  -0.01802  -0.75103  -0.01802  -0.75103
  3.30827  -0.00000  -0.45595  -0.00000  -0.45595  -0.02155  -0.75211  -0.02155  -0.75211
  3.35840  -0.00000  -0.45595  -0.00000  -0.45595  -0.02427  -0.75333  -0.02427  -0.75333
  3.40852  -0.00000  -0.45595  -0.00000  -0.45595  -0.02566  -0.75461  -0.02566  -0.75461
  3.45865  -0.00000  -0.45595  -0.00000  -0.45595  -0.02532  -0.75588  -0.02532  -0.75588
  3.50877  -0.00000  -0.45595  -0.00000  -0.45595  -0.02302  -0.75704  -0.02302  -0.75704
  3.55890  -0.00000  -0.45595  -0.00000  -0.45595  -0.01866  -0.75797  -0.01866  -0.75797
  3.60902  -0.00000  -0.45595  -0.00000  -0.45595  -0.01196  -0.75857  -0.01196  -0.75857
  3.65915  -0.00000  -0.45595  -0.00000  -0.45595  -0.00170  -0.75866  -0.00170  -0.75866
  3.70927   0.00000  -0.45595   0.00000  -0.45595   0.01526  -0.75789   0.01526  -0.75789
  3.75940   0.00000  -0.45595   0.00000  -0.45595   0.04475  -0.75565   0.04475  -0.75565
  3.80952   0.00000  -0.45595   0.00000  -0.45595   0.09466  -0.75091   0.09466  -0.75091
  3.85965   0.00000  -0.45595   0.00000  -0.45595   0.17213  -0.74228   0.17213  -0.74228
  3.90977   0.00000  -0.45595   0.00000  -0.45595   0.27881  -0.72830   0.27881  -0.72830
  3.95990   0.00000  -0.45595   0.00000  -0.45595   0.40625  -0.70794   0.40625  -0.70794
  4.01003   0.00000  -0.45595   0.00000  -0.45595   0.53517  -0.68111   0.53517  -0.68111
  4.06015   0.00000  -0.45595   0.00000  -0.45595   0.64027  -0.64902   0.64027  -0.64902
  4.11028   0.00000  -0.45595   0.00000  -0.45595   0.69928  -0.61397   0.69928  -0.61397
  4.16040   0.00000  -0.45595   0.00000  -0.45595   0.70120  -0.57882   0.70120  -0.57882
  4.21053   0.00000  -0.45595   0.00000  -0.45595   0.64938  -0.54627   0.64938  -0.54627
  4.26065   0.00000  -0.45595   0.00000  -0.45595   0.55860  -0.51827   0.55860  -0.51827
  4.31078   0.00000  -0.45595   0.00000  -0.45595   0.44857  -0.49578   0.44857  -0.49578
  4.36090   0.00000  -0.45595   0.00000  -0.45595   0.33760  -0.47886   0.33760  -0.47886
  4.41103   0.00000  -0.45595   0.00000  -0.45595   0.23874  -0.46690   0.23874  -0.46690
  4.46115   0.00000  -0.45595   0.00000  -0.45595   0.15879  -0.45894   0.15879  -0.45894
  4.51128   0.00000  -0.45595   0.00000  -0.45595   0.09928  -0.45396   0.09928  -0.45396
  4.56140   0.00000  -0.45595   0.00000  -0.45595   0.05826  -0.45104   0.05826  -0.45104
  4.61153   0.00000  -0.45595   0.00000  -0.45595   0.03201  -0.44944   0.03201  -0.44944
  4.66165   0.00000  -0.45595   0.00000  -0.45595   0.01643  -0.44861   0.01643  -0.44861
  4.71178   0.00000  -0.45595   0.00000  -0.45595   0.00787  -0.44822   0.00787  -0.44822
  4.76190   0.00000  -0.45595   0.00000  -0.45595   0.00352  -0.44804   0.00352  -0.44804
  4.81203   0.00000  -0.45595   0.00000  -0.45595   0.00147  -0.44797   0.00147  -0.44797
  4.86216   0.00000  -0.45595   0.00000  -0.45595   0.00057  -0.44794   0.00057  -0.44794
  4.91228   0.00000  -0.45595   0.00000  -0.45595   0.00021  -0.44793   0.00021  -0.44793
  4.96241   0.00000  -0.45595   0.00000  -0.45595   0.00007  -0.44792   0.00007  -0.44792
  5.01253   0.00000  -0.45595   0.00000  -0.45595   0.00002  -0.44792   0.00002  -0.44792
  5.06266   0.00000  -0.45595   0.00000  -0.45595   0.00001  -0.44792   0.00001  -0.44792
  5.11278   0.00000  -0.45595   0.00000  -0.45595   0.00000  -0.44792   0.00000  -0.44792
  5.16291   0.00000  -0.45595   0.00000  -0.45595   0.00000  -0.44792   0.00000  -0.44792
  5.21303   0.00000  -0.45595   0.00000  -0.45595   0.00000  -0.44792   0.00000  -0.44792
  5.26316   0.00000  -0.45595   0.00000  -0.45595   0.00000  -0.44792   0.00000  -0.44792
  5.31328   0.00000  -0.45595   0.00000  -0.45595   0.00000  -0.44792   0.00000  -0.44792
  5.36341   0.00000  -0.45595   0.00000  -0.45595   0.00000  -0.44792   0.00000  -0.44792
  5.41353   0.00000  -0.45595   0.00000  -0.45595   0.00000  -0.44792   0.00000  -0.44792
  5.46366   0.00000  -0.45595   0.00000  -0.45595   0.00000  -0.44792   0.00000  -0.44792
  5.51378   0.00000  -0.45595   0.00000  -0.45595   0.00000  -0.44792   0.00000  -0.44792
  5.56391   0.00000  -0.45595   0.00000  -0.45595   0.00000  -0.44792   0.00000  -0.44792
  5.61404   0.00000  -0.45595   0.00000  -0.45595   0.00000  -0.44792   0.00000  -0.44792
  5.66416   0.00000  -0.45595   0.00000  -0.45595   0.00000  -0.44792   0.00000  -0.44792
  5.71429   0.00000  -0.45595   0.00000  -0.45595   0.00000  -0.44792   0.00000  -0.44792
  5.76441   0.00000  -0.45595   0.00000  -0.45595   0.00000  -0.44792   0.00000  -0.44792
  5.81454   0.00000  -0.45595   0.00000  -0.45595   0.00000  -0.44792   0.00000  -0.44792
  5.86466   0.00001  -0.45595   0.00001  -0.45595   0.00000  -0.44792   0.00000  -0.44792
  5.91479   0.00004  -0.45595   0.00004  -0.45595   0.00000  -0.44792   0.00000  -0.44792
  5.96491   0.00013  -0.45594   0.00013  -0.45594   0.00000  -0.44792   0.00000  -0.44792
  6.01504   0.00034  -0.45593   0.00034  -0.45593   0.00001  -0.44792   0.00001  -0.44792
  6.06516   0.00081  -0.45589   0.00081  -0.45589   0.00003  -0.44792   0.00003  -0.44792
  6.11529   0.00172  -0.45580   0.00172  -0.45580   0.00009  -0.44792   0.00009  -0.44792
  6.16541   0.00336  -0.45563   0.00336  -0.45563   0.00025  -0.44790   0.00025  -0.44790
  6.21554   0.00602  -0.45533   0.00602  -0.45533   0.00061  -0.44787   0.00061  -0.44787
  6.26566   0.00997  -0.45483   0.00997  -0.45483   0.00135  -0.44781   0.00135  -0.44781
  6.31579   0.01532  -0.45406   0.01532  -0.45406   0.00272  -0.44767   0.00272  -0.44767
  6.36591   0.02192  -0.45296   0.02192  -0.45296   0.00500  -0.44742   0.00500  -0.44742
  6.41604   0.02922  -0.45150   0.02922  -0.45150   0.00849  -0.44699   0.00849  -0.44699
  6.46617   0.03631  -0.44968   0.03631  -0.44968   0.01336  -0.44632   0.01336  -0.44632
  6.51629   0.04213  -0.44757   0.04213  -0.44757   0.01954  -0.44534   0.01954  -0.44534
  6.56642   0.04588  -0.44527   0.04588  -0.44527   0.02663  -0.44401   0.02663  -0.44401
  6.61654   0.04739  -0.44289   0.04739  -0.44289   0.03383  -0.44231   0.03383  -0.44231
  6.66667   0.04734  -0.44052   0.04734  -0.44052   0.04010  -0.44030   0.04010  -0.44030
  6.71679   0.04717  -0.43815   0.04717  -0.43815   0.04452  -0.43807   0.04452  -0.43807
  6.76692   0.04859  -0.43572   0.04859  -0.43572   0.04662  -0.43574   0.04662  -0.43574
  6.81704   0.05287  -0.43307   0.05287  -0.43307   0.04673  -0.43339   0.04673  -0.43339
  6.86717   0.06020  -0.43005   0.06020  -0.43005   0.04601  -0.43109   0.04601  -0.43109
  6.91729   0.06951  -0.42657   0.06951  -0.42657   0.04611  -0.42878   0.04611  -0.42878
  6.96742   0.07902  -0.42261   0.07902  -0.42261   0.04857  -0.42634   0.04857  -0.42634
  7.01754   0.08707  -0.41824   0.08707  -0.41824   0.05407  -0.42363   0.05407  -0.42363
  7.06767   0.09287  -0.41359   0.09287  -0.41359   0.06202  -0.42052   0.06202  -0.42052
  7.11779   0.09678  -0.40874   0.09678  -0.40874   0.07083  -0.41697   0.07083  -0.41697
  7.16792   0.10012  -0.40372   0.10012  -0.40372   0.07860  -0.41303   0.07860  -0.41303
  7.21805   0.10453  -0.39848   0.10453  -0.39848   0.08405  -0.40882   0.08405  -0.40882
  7.26817   0.11134  -0.39290   0.11134  -0.39290   0.08710  -0.40445   0.08710  -0.40445
  7.31830   0.12088  -0.38684   0.12088  -0.38684   0.08897  -0.39999   0.08897  -0.39999
  7.36842   0.13231  -0.38020   0.13231  -0.38020   0.09165  -0.39540   0.09165  -0.39540
  7.41855   0.14377  -0.37300   0.14377  -0.37300   0.09707  -0.39053   0.09707  -0.39053
  7.46867   0.15316  -0.36532   0.15316  -0.36532   0.10614  -0.38521   0.10614  -0.38521
  7.51880   0.15902  -0.35735   0.15902  -0.35735   0.11817  -0.37929   0.11817  -0.37929
  7.56892   0.16125  -0.34927   0.16125  -0.34927   0.13106  -0.37272   0.13106  -0.37272
  7.61905   0.16110  -0.34119   0.16110  -0.34119   0.14218  -0.36559   0.14218  -0.36559
  7.66917   0.16070  -0.33314   0.16070  -0.33314   0.14957  -0.35810   0.14957  -0.35810
  7.71930   0.16234  -0.32500   0.16234  -0.32500   0.15271  -0.35044   0.15271  -0.35044
  7.76942   0.16787  -0.31659   0.16787  -0.31659   0.15267  -0.34279   0.15267  -0.34279
  7.81955   0.17813  -0.30766   0.17813  -0.30766   0.15147  -0.33520   0.15147  -0.33520
  7.86967   0.19237  -0.29801   0.19237  -0.29801   0.15131  -0.32761   0.15131  -0.32761
  7.91980   0.20805  -0.28759   0.20805  -0.28759   0.15400  -0.31989   0.15400  -0.31989
  7.96992   0.22151  -0.27648   0.22151  -0.27648   0.16068  -0.31184   0.16068  -0.31184
  8.02005   0.22930  -0.26499   0.22930  -0.26499   0.17144  -0.30324   0.17144  -0.30324
  8.07018   0.22953  -0.25348   0.22953  -0.25348   0.18495  -0.29397   0.18495  -0.29397
  8.12030   0.22222  -0.24234   0.22222  -0.24234   0.19851  -0.28402   0.19851  -0.28402
  8.17043   0.20881  -0.23188   0.20881  -0.23188   0.20868  -0.27356   0.20868  -0.27356
  8.22055   0.19128  -0.22229   0.19128  -0.22229   0.21258  -0.26291   0.21258  -0.26291
  8.27068   0.17176  -0.21368   0.17176  -0.21368   0.20879  -0.25244   0.20879  -0.25244
  8.32080   0.15233  -0.20604   0.15233  -0.20604   0.19768  -0.24253   0.19768  -0.24253
  8.37093   0.13473  -0.19929   0.13473  -0.19929   0.18112  -0.23345   0.18112  -0.23345
  8.42105   0.12018  -0.19327   0.12018  -0.19327   0.16193  -0.22534   0.16193  -0.22534
  8.47118   0.10924  -0.18779   0.10924  -0.18779   0.14318  -0.21816   0.14318  -0.21816
  8.52130   0.10196  -0.18268   0.10196  -0.18268   0.12737  -0.21178   0.12737  -0.21178
  8.57143   0.09807  -0.17777   0.09807  -0.17777   0.11582  -0.20597   0.11582  -0.20597
  8.62155   0.09697  -0.17290   0.09697  -0.17290   0.10852  -0.20053   0.10852  -0.20053
  8.67168   0.09765  -0.16801   0.09765  -0.16801   0.10462  -0.19529   0.10462  -0.19529
  8.72180   0.09877  -0.16306   0.09877  -0.16306   0.10300  -0.19012   0.10300  -0.19012
  8.77193   0.09894  -0.15810   0.09894  -0.15810   0.10268  -0.18498   0.10268  -0.18498
  8.82206   0.09713  -0.15323   0.09713  -0.15323   0.10283  -0.17982   0.10283  -0.17982
  8.87218   0.09309  -0.14856   0.09309  -0.14856   0.10270  -0.17468   0.10270  -0.17468
  8.92231   0.08729  -0.14419   0.08729  -0.14419   0.10160  -0.16958   0.10160  -0.16958
  8.97243   0.08067  -0.14015   0.08067  -0.14015   0.09906  -0.16462   0.09906  -0.16462
  9.02256   0.07414  -0.13643   0.07414  -0.13643   0.09492  -0.15986   0.09492  -0.15986
  9.07268   0.06826  -0.13301   0.06826  -0.13301   0.08939  -0.15538   0.08939  -0.15538
  9.12281   0.06314  -0.12984   0.06314  -0.12984   0.08293  -0.15122   0.08293  -0.15122
  9.17293   0.05874  -0.12690   0.05874  -0.12690   0.07612  -0.14741   0.07612  -0.14741
  9.22306   0.05507  -0.12414   0.05507  -0.12414   0.06946  -0.14392   0.06946  -0.14392
  9.27318   0.05231  -0.12152   0.05231  -0.12152   0.06335  -0.14075   0.06335  -0.14075
  9.32331   0.05063  -0.11898   0.05063  -0.11898   0.05804  -0.13784   0.05804  -0.13784
  9.37343   0.04995  -0.11647   0.04995  -0.11647   0.05374  -0.13515   0.05374  -0.13515
  9.42356   0.04989  -0.11397   0.04989  -0.11397   0.05057  -0.13261   0.05057  -0.13261
  9.47368   0.04988  -0.11147   0.04988  -0.11147   0.04847  -0.13018   0.04847  -0.13018
  9.52381   0.04943  -0.10900   0.04943  -0.10900   0.04723  -0.12781   0.04723  -0.12781
  9.57393   0.04836  -0.10657   0.04836  -0.10657   0.04641  -0.12549   0.04641  -0.12549
  9.62406   0.04682  -0.10422   0.04682  -0.10422   0.04561  -0.12320   0.04561  -0.12320
  9.67419   0.04522  -0.10196   0.04522  -0.10196   0.04458  -0.12097   0.04458  -0.12097
  9.72431   0.04406  -0.09975   0.04406  -0.09975   0.04336  -0.11879   0.04336  -0.11879
  9.77444   0.04381  -0.09755   0.04381  -0.09755   0.04219  -0.11668   0.04219  -0.11668
  9.82456   0.04474  -0.09531   0.04474  -0.09531   0.04139  -0.11460   0.04139  -0.11460
  9.87469   0.04686  -0.09296   0.04686  -0.09296   0.04125  -0.11254   0.04125  -0.11254
  9.92481   0.04984  -0.09046   0.04984  -0.09046   0.04197  -0.11043   0.04197  -0.11043
  9.97494   0.05308  -0.08780   0.05308  -0.08780   0.04367  -0.10824   0.04367  -0.10824
 10.02506   0.05589  -0.08500   0.05589  -0.08500   0.04633  -0.10592   0.04633  -0.10592