ESCALE ; pCOHP file generated by LOBSTER. Energy is shifted such that the Fermi level lies at 0 eV.
         2          2        401  -6.04511e+00   1.40050e+01   3.97995e+00 
Average
No.1:Ni53->O81(1.9102114608530818)
-10.02506   0.00000  -0.58470   0.00000  -0.58470   0.00000  -0.56082   0.00000  -0.56082
 -9.97494   0.00000  -0.58470   0.00000  -0.58470   0.00000  -0.56082   0.00000  -0.56082
 -9.92481   0.00000  -0.58470   0.00000  -0.58470   0.00000  -0.56082   0.00000  -0.56082
 -9.87469   0.00000  -0.58470   0.00000  -0.58470   0.00000  -0.56082   0.00000  -0.56082
 -9.82456   0.00000  -0.58470   0.00000  -0.58470   0.00000  -0.56082   0.00000  -0.56082
 -9.77444   0.00000  -0.58470   0.00000  -0.58470   0.00000  -0.56082   0.00000  -0.56082
 -9.72431   0.00000  -0.58470   0.00000  -0.58470   0.00000  -0.56082   0.00000  -0.56082
 -9.67419   0.00000  -0.58470   0.00000  -0.58470   0.00000  -0.56082   0.00000  -0.56082
 -9.62406   0.00000  -0.58470   0.00000  -0.58470   0.00000  -0.56082   0.00000  -0.56082
 -9.57393   0.00000  -0.58470   0.00000  -0.58470   0.00000  -0.56082   0.00000  -0.56082
 -9.52381   0.00000  -0.58470   0.00000  -0.58470   0.00000  -0.56082   0.00000  -0.56082
 -9.47368   0.00000  -0.58470   0.00000  -0.58470   0.00000  -0.56082   0.00000  -0.56082
 -9.42356   0.00000  -0.58470   0.00000  -0.58470   0.00000  -0.56082   0.00000  -0.56082
 -9.37343   0.00000  -0.58470   0.00000  -0.58470   0.00000  -0.56082   0.00000  -0.56082
 -9.32331   0.00000  -0.58470   0.00000  -0.58470   0.00000  -0.56082   0.00000  -0.56082
 -9.27318   0.00000  -0.58470   0.00000  -0.58470   0.00000  -0.56082   0.00000  -0.56082
 -9.22306   0.00000  -0.58470   0.00000  -0.58470   0.00000  -0.56082   0.00000  -0.56082
 -9.17293   0.00000  -0.58470   0.00000  -0.58470   0.00000  -0.56082   0.00000  -0.56082
 -9.12281   0.00000  -0.58470   0.00000  -0.58470   0.00000  -0.56082   0.00000  -0.56082
 -9.07268   0.00000  -0.58470   0.00000  -0.58470   0.00000  -0.56082   0.00000  -0.56082
 -9.02256   0.00000  -0.58470   0.00000  -0.58470   0.00000  -0.56082   0.00000  -0.56082
 -8.97243   0.00000  -0.58470   0.00000  -0.58470   0.00000  -0.56082   0.00000  -0.56082
 -8.92231  -0.00000  -0.58470  -0.00000  -0.58470   0.00000  -0.56082   0.00000  -0.56082
 -8.87218  -0.00000  -0.58470  -0.00000  -0.58470   0.00000  -0.56082   0.00000  -0.56082
 -8.82206  -0.00000  -0.58470  -0.00000  -0.58470   0.00000  -0.56082   0.00000  -0.56082
 -8.77193  -0.00000  -0.58470  -0.00000  -0.58470   0.00000  -0.56082   0.00000  -0.56082
 -8.72180  -0.00000  -0.58470  -0.00000  -0.58470   0.00000  -0.56082   0.00000  -0.56082
 -8.67168  -0.00000  -0.58470  -0.00000  -0.58470   0.00000  -0.56082   0.00000  -0.56082
 -8.62155  -0.00000  -0.58470  -0.00000  -0.58470   0.00000  -0.56082   0.00000  -0.56082
 -8.57143  -0.00000  -0.58470  -0.00000  -0.58470   0.00000  -0.56082   0.00000  -0.56082
 -8.52130  -0.00000  -0.58470  -0.00000  -0.58470   0.00000  -0.56082   0.00000  -0.56082
 -8.47118  -0.00000  -0.58470  -0.00000  -0.58470   0.00000  -0.56082   0.00000  -0.56082
 -8.42105  -0.00000  -0.58470  -0.00000  -0.58470   0.00000  -0.56082   0.00000  -0.56082
 -8.37093  -0.00001  -0.58470  -0.00001  -0.58470   0.00000  -0.56082   0.00000  -0.56082
 -8.32080  -0.00004  -0.58470  -0.00004  -0.58470   0.00000  -0.56082   0.00000  -0.56082
 -8.27068  -0.00016  -0.58471  -0.00016  -0.58471   0.00000  -0.56082   0.00000  -0.56082
 -8.22055  -0.00063  -0.58474  -0.00063  -0.58474   0.00000  -0.56082   0.00000  -0.56082
 -8.17043  -0.00216  -0.58485  -0.00216  -0.58485   0.00000  -0.56082   0.00000  -0.56082
 -8.12030  -0.00652  -0.58517  -0.00652  -0.58517   0.00000  -0.56082   0.00000  -0.56082
 -8.07018  -0.01746  -0.58605  -0.01746  -0.58605   0.00000  -0.56082   0.00000  -0.56082
 -8.02005  -0.04153  -0.58813  -0.04153  -0.58813   0.00000  -0.56082   0.00000  -0.56082
 -7.96992  -0.08779  -0.59253  -0.08779  -0.59253   0.00000  -0.56082   0.00000  -0.56082
 -7.91980  -0.16524  -0.60081  -0.16524  -0.60081   0.00000  -0.56082   0.00000  -0.56082
 -7.86967  -0.27741  -0.61472  -0.27741  -0.61472   0.00000  -0.56082   0.00000  -0.56082
 -7.81955  -0.41636  -0.63559  -0.41636  -0.63559   0.00000  -0.56082   0.00000  -0.56082
 -7.76942  -0.55995  -0.66366  -0.55995  -0.66366   0.00000  -0.56082   0.00000  -0.56082
 -7.71930  -0.67646  -0.69756  -0.67646  -0.69756   0.00000  -0.56082   0.00000  -0.56082
 -7.66917  -0.73577  -0.73445  -0.73577  -0.73445  -0.00000  -0.56082  -0.00000  -0.56082
 -7.61905  -0.72188  -0.77063  -0.72188  -0.77063  -0.00000  -0.56082  -0.00000  -0.56082
 -7.56892  -0.63973  -0.80270  -0.63973  -0.80270  -0.00000  -0.56082  -0.00000  -0.56082
 -7.51880  -0.51261  -0.82839  -0.51261  -0.82839  -0.00000  -0.56082  -0.00000  -0.56082
 -7.46867  -0.37234  -0.84706  -0.37234  -0.84706  -0.00000  -0.56082  -0.00000  -0.56082
 -7.41855  -0.24794  -0.85948  -0.24794  -0.85948  -0.00000  -0.56082  -0.00000  -0.56082
 -7.36842  -0.15836  -0.86742  -0.15836  -0.86742  -0.00000  -0.56082  -0.00000  -0.56082
 -7.31830  -0.11112  -0.87299  -0.11112  -0.87299  -0.00000  -0.56082  -0.00000  -0.56082
 -7.26817  -0.10476  -0.87824  -0.10476  -0.87824  -0.00000  -0.56082  -0.00000  -0.56082
 -7.21805  -0.13153  -0.88484  -0.13153  -0.88484  -0.00000  -0.56082  -0.00000  -0.56082
 -7.16792  -0.17864  -0.89379  -0.17864  -0.89379  -0.00000  -0.56082  -0.00000  -0.56082
 -7.11779  -0.22931  -0.90528  -0.22931  -0.90528  -0.00000  -0.56082  -0.00000  -0.56082
 -7.06767  -0.26623  -0.91863  -0.26623  -0.91863  -0.00000  -0.56082  -0.00000  -0.56082
 -7.01754  -0.27755  -0.93254  -0.27755  -0.93254  -0.00001  -0.56082  -0.00001  -0.56082
 -6.96742  -0.26197  -0.94567  -0.26197  -0.94567  -0.00005  -0.56082  -0.00005  -0.56082
 -6.91729  -0.22890  -0.95715  -0.22890  -0.95715  -0.00016  -0.56083  -0.00016  -0.56083
 -6.86717  -0.19292  -0.96682  -0.19292  -0.96682  -0.00049  -0.56085  -0.00049  -0.56085
 -6.81704  -0.16620  -0.97515  -0.16620  -0.97515  -0.00135  -0.56092  -0.00135  -0.56092
 -6.76692  -0.15392  -0.98286  -0.15392  -0.98286  -0.00332  -0.56109  -0.00332  -0.56109
 -6.71679  -0.15469  -0.99062  -0.15469  -0.99062  -0.00729  -0.56145  -0.00729  -0.56145
 -6.66667  -0.16435  -0.99886  -0.16435  -0.99886  -0.01434  -0.56217  -0.01434  -0.56217
 -6.61654  -0.17948  -1.00785  -0.17948  -1.00785  -0.02530  -0.56344  -0.02530  -0.56344
 -6.56642  -0.19855  -1.01780  -0.19855  -1.01780  -0.04016  -0.56545  -0.04016  -0.56545
 -6.51629  -0.22052  -1.02886  -0.22052  -1.02886  -0.05761  -0.56834  -0.05761  -0.56834
 -6.46617  -0.24272  -1.04102  -0.24272  -1.04102  -0.07505  -0.57210  -0.07505  -0.57210
 -6.41604  -0.26006  -1.05406  -0.26006  -1.05406  -0.08955  -0.57659  -0.08955  -0.57659
 -6.36591  -0.26644  -1.06741  -0.26644  -1.06741  -0.09918  -0.58156  -0.09918  -0.58156
 -6.31579  -0.25762  -1.08033  -0.25762  -1.08033  -0.10417  -0.58678  -0.10417  -0.58678
 -6.26566  -0.23347  -1.09203  -0.23347  -1.09203  -0.10709  -0.59215  -0.10709  -0.59215
 -6.21554  -0.19806  -1.10196  -0.19806  -1.10196  -0.11169  -0.59775  -0.11169  -0.59775
 -6.16541  -0.15773  -1.10986  -0.15773  -1.10986  -0.12094  -0.60381  -0.12094  -0.60381
 -6.11529  -0.11843  -1.11580  -0.11843  -1.11580  -0.13510  -0.61059  -0.13510  -0.61059
 -6.06516  -0.08406  -1.12001  -0.08406  -1.12001  -0.15115  -0.61816  -0.15115  -0.61816
 -6.01504  -0.05620  -1.12283  -0.05620  -1.12283  -0.16402  -0.62638  -0.16402  -0.62638
 -5.96491  -0.03473  -1.12457  -0.03473  -1.12457  -0.16918  -0.63486  -0.16918  -0.63486
 -5.91479  -0.01881  -1.12552  -0.01881  -1.12552  -0.16514  -0.64314  -0.16514  -0.64314
 -5.86466  -0.00742  -1.12589  -0.00742  -1.12589  -0.15428  -0.65087  -0.15428  -0.65087
 -5.81454   0.00032  -1.12587   0.00032  -1.12587  -0.14178  -0.65798  -0.14178  -0.65798
 -5.76441   0.00520  -1.12561   0.00520  -1.12561  -0.13334  -0.66466  -0.13334  -0.66466
 -5.71429   0.00797  -1.12521   0.00797  -1.12521  -0.13290  -0.67133  -0.13290  -0.67133
 -5.66416   0.00954  -1.12473   0.00954  -1.12473  -0.14166  -0.67843  -0.14166  -0.67843
 -5.61404   0.01093  -1.12419   0.01093  -1.12419  -0.15837  -0.68637  -0.15837  -0.68637
 -5.56391   0.01313  -1.12353   0.01313  -1.12353  -0.18055  -0.69542  -0.18055  -0.69542
 -5.51378   0.01688  -1.12268   0.01688  -1.12268  -0.20591  -0.70574  -0.20591  -0.70574
 -5.46366   0.02243  -1.12156   0.02243  -1.12156  -0.23297  -0.71741  -0.23297  -0.71741
 -5.41353   0.02950  -1.12008   0.02950  -1.12008  -0.26073  -0.73048  -0.26073  -0.73048
 -5.36341   0.03734  -1.11821   0.03734  -1.11821  -0.28768  -0.74490  -0.28768  -0.74490
 -5.31328   0.04501  -1.11595   0.04501  -1.11595  -0.31128  -0.76051  -0.31128  -0.76051
 -5.26316   0.05160  -1.11336   0.05160  -1.11336  -0.32872  -0.77698  -0.32872  -0.77698
 -5.21303   0.05646  -1.11053   0.05646  -1.11053  -0.33842  -0.79395  -0.33842  -0.79395
 -5.16291   0.05931  -1.10756   0.05931  -1.10756  -0.34126  -0.81105  -0.34126  -0.81105
 -5.11278   0.06030  -1.10454   0.06030  -1.10454  -0.34038  -0.82811  -0.34038  -0.82811
 -5.06266   0.06001  -1.10153   0.06001  -1.10153  -0.33950  -0.84513  -0.33950  -0.84513
 -5.01253   0.05929  -1.09856   0.05929  -1.09856  -0.34099  -0.86222  -0.34099  -0.86222
 -4.96241   0.05893  -1.09560   0.05893  -1.09560  -0.34469  -0.87950  -0.34469  -0.87950
 -4.91228   0.05932  -1.09263   0.05932  -1.09263  -0.34797  -0.89694  -0.34797  -0.89694
 -4.86216   0.06016  -1.08962   0.06016  -1.08962  -0.34683  -0.91433  -0.34683  -0.91433
 -4.81203   0.06058  -1.08658   0.06058  -1.08658  -0.33752  -0.93125  -0.33752  -0.93125
 -4.76190   0.05957  -1.08359   0.05957  -1.08359  -0.31835  -0.94720  -0.31835  -0.94720
 -4.71178   0.05662  -1.08076   0.05662  -1.08076  -0.29089  -0.96179  -0.29089  -0.96179
 -4.66165   0.05205  -1.07815   0.05205  -1.07815  -0.25996  -0.97482  -0.25996  -0.97482
 -4.61153   0.04691  -1.07580   0.04691  -1.07580  -0.23208  -0.98645  -0.23208  -0.98645
 -4.56140   0.04238  -1.07367   0.04238  -1.07367  -0.21303  -0.99713  -0.21303  -0.99713
 -4.51128   0.03922  -1.07171   0.03922  -1.07171  -0.20568  -1.00744  -0.20568  -1.00744
 -4.46115   0.03742  -1.06983   0.03742  -1.06983  -0.20905  -1.01792  -0.20905  -1.01792
 -4.41103   0.03637  -1.06801   0.03637  -1.06801  -0.21921  -1.02890  -0.21921  -1.02890
 -4.36090   0.03522  -1.06624   0.03522  -1.06624  -0.23123  -1.04049  -0.23123  -1.04049
 -4.31078   0.03330  -1.06457   0.03330  -1.06457  -0.24114  -1.05258  -0.24114  -1.05258
 -4.26065   0.03038  -1.06305   0.03038  -1.06305  -0.24695  -1.06496  -0.24695  -1.06496
 -4.21053   0.02669  -1.06171   0.02669  -1.06171  -0.24848  -1.07741  -0.24848  -1.07741
 -4.16040   0.02277  -1.06057   0.02277  -1.06057  -0.24651  -1.08977  -0.24651  -1.08977
 -4.11028   0.01927  -1.05960   0.01927  -1.05960  -0.24214  -1.10191  -0.24214  -1.10191
 -4.06015   0.01670  -1.05877   0.01670  -1.05877  -0.23636  -1.11376  -0.23636  -1.11376
 -4.01003   0.01531  -1.05800   0.01531  -1.05800  -0.23001  -1.12529  -0.23001  -1.12529
 -3.95990   0.01503  -1.05725   0.01503  -1.05725  -0.22361  -1.13649  -0.22361  -1.13649
 -3.90977   0.01568  -1.05646   0.01568  -1.05646  -0.21721  -1.14738  -0.21721  -1.14738
 -3.85965   0.01714  -1.05560   0.01714  -1.05560  -0.21027  -1.15792  -0.21027  -1.15792
 -3.80952   0.01938  -1.05463   0.01938  -1.05463  -0.20185  -1.16804  -0.20185  -1.16804
 -3.75940   0.02242  -1.05351   0.02242  -1.05351  -0.19107  -1.17762  -0.19107  -1.17762
 -3.70927   0.02623  -1.05219   0.02623  -1.05219  -0.17756  -1.18652  -0.17756  -1.18652
 -3.65915   0.03065  -1.05066   0.03065  -1.05066  -0.16182  -1.19463  -0.16182  -1.19463
 -3.60902   0.03544  -1.04888   0.03544  -1.04888  -0.14520  -1.20191  -0.14520  -1.20191
 -3.55890   0.04027  -1.04686   0.04027  -1.04686  -0.12949  -1.20840  -0.12949  -1.20840
 -3.50877   0.04458  -1.04463   0.04458  -1.04463  -0.11637  -1.21423  -0.11637  -1.21423
 -3.45865   0.04759  -1.04224   0.04759  -1.04224  -0.10680  -1.21958  -0.10680  -1.21958
 -3.40852   0.04825  -1.03982   0.04825  -1.03982  -0.10064  -1.22463  -0.10064  -1.22463
 -3.35840   0.04552  -1.03754   0.04552  -1.03754  -0.09677  -1.22948  -0.09677  -1.22948
 -3.30827   0.03877  -1.03560   0.03877  -1.03560  -0.09360  -1.23417  -0.09360  -1.23417
 -3.25815   0.02825  -1.03418   0.02825  -1.03418  -0.08981  -1.23867  -0.08981  -1.23867
 -3.20802   0.01526  -1.03342   0.01526  -1.03342  -0.08501  -1.24293  -0.08501  -1.24293
 -3.15789   0.00185  -1.03332   0.00185  -1.03332  -0.07997  -1.24694  -0.07997  -1.24694
 -3.10777  -0.00983  -1.03382  -0.00983  -1.03382  -0.07651  -1.25078  -0.07651  -1.25078
 -3.05764  -0.01815  -1.03472  -0.01815  -1.03472  -0.07689  -1.25463  -0.07689  -1.25463
 -3.00752  -0.02226  -1.03584  -0.02226  -1.03584  -0.08299  -1.25879  -0.08299  -1.25879
 -2.95739  -0.02196  -1.03694  -0.02196  -1.03694  -0.09551  -1.26358  -0.09551  -1.26358
 -2.90727  -0.01745  -1.03782  -0.01745  -1.03782  -0.11348  -1.26927  -0.11348  -1.26927
 -2.85714  -0.00911  -1.03827  -0.00911  -1.03827  -0.13415  -1.27599  -0.13415  -1.27599
 -2.80702   0.00235  -1.03815   0.00235  -1.03815  -0.15340  -1.28368  -0.15340  -1.28368
 -2.75689   0.01585  -1.03736   0.01585  -1.03736  -0.16688  -1.29205  -0.16688  -1.29205
 -2.70677   0.03004  -1.03585   0.03004  -1.03585  -0.17125  -1.30063  -0.17125  -1.30063
 -2.65664   0.04358  -1.03367   0.04358  -1.03367  -0.16532  -1.30892  -0.16532  -1.30892
 -2.60652   0.05540  -1.03089   0.05540  -1.03089  -0.15031  -1.31645  -0.15031  -1.31645
 -2.55639   0.06491  -1.02764   0.06491  -1.02764  -0.12919  -1.32293  -0.12919  -1.32293
 -2.50627   0.07207  -1.02403   0.07207  -1.02403  -0.10544  -1.32821  -0.10544  -1.32821
 -2.45614   0.07732  -1.02015   0.07732  -1.02015  -0.08188  -1.33232  -0.08188  -1.33232
 -2.40602   0.08143  -1.01607   0.08143  -1.01607  -0.06001  -1.33532  -0.06001  -1.33532
 -2.35589   0.08521  -1.01180   0.08521  -1.01180  -0.04014  -1.33734  -0.04014  -1.33734
 -2.30576   0.08926  -1.00732   0.08926  -1.00732  -0.02180  -1.33843  -0.02180  -1.33843
 -2.25564   0.09376  -1.00262   0.09376  -1.00262  -0.00433  -1.33865  -0.00433  -1.33865
 -2.20551   0.09834  -0.99769   0.09834  -0.99769   0.01277  -1.33801   0.01277  -1.33801
 -2.15539   0.10225  -0.99257   0.10225  -0.99257   0.02965  -1.33652   0.02965  -1.33652
 -2.10526   0.10462  -0.98732   0.10462  -0.98732   0.04620  -1.33420   0.04620  -1.33420
 -2.05514   0.10486  -0.98207   0.10486  -0.98207   0.06209  -1.33109   0.06209  -1.33109
 -2.00501   0.10301  -0.97691   0.10301  -0.97691   0.07672  -1.32725   0.07672  -1.32725
 -1.95489   0.09977  -0.97190   0.09977  -0.97190   0.08919  -1.32278   0.08919  -1.32278
 -1.90476   0.09624  -0.96708   0.09624  -0.96708   0.09841  -1.31784   0.09841  -1.31784
 -1.85464   0.09349  -0.96239   0.09349  -0.96239   0.10342  -1.31266   0.10342  -1.31266
 -1.80451   0.09214  -0.95778   0.09214  -0.95778   0.10394  -1.30745   0.10394  -1.30745
 -1.75439   0.09218  -0.95315   0.09218  -0.95315   0.10052  -1.30241   0.10052  -1.30241
 -1.70426   0.09299  -0.94849   0.09299  -0.94849   0.09439  -1.29768   0.09439  -1.29768
 -1.65414   0.09373  -0.94380   0.09373  -0.94380   0.08688  -1.29332   0.08688  -1.29332
 -1.60401   0.09366  -0.93910   0.09366  -0.93910   0.07904  -1.28936   0.07904  -1.28936
 -1.55388   0.09244  -0.93447   0.09244  -0.93447   0.07158  -1.28577   0.07158  -1.28577
 -1.50376   0.09023  -0.92994   0.09023  -0.92994   0.06522  -1.28251   0.06522  -1.28251
 -1.45363   0.08754  -0.92556   0.08754  -0.92556   0.06094  -1.27945   0.06094  -1.27945
 -1.40351   0.08498  -0.92130   0.08498  -0.92130   0.05986  -1.27645   0.05986  -1.27645
 -1.35338   0.08308  -0.91713   0.08308  -0.91713   0.06272  -1.27331   0.06272  -1.27331
 -1.30326   0.08215  -0.91301   0.08215  -0.91301   0.06933  -1.26983   0.06933  -1.26983
 -1.25313   0.08224  -0.90889   0.08224  -0.90889   0.07829  -1.26591   0.07829  -1.26591
 -1.20301   0.08320  -0.90472   0.08320  -0.90472   0.08748  -1.26152   0.08748  -1.26152
 -1.15288   0.08484  -0.90047   0.08484  -0.90047   0.09481  -1.25677   0.09481  -1.25677
 -1.10276   0.08707  -0.89610   0.08707  -0.89610   0.09911  -1.25180   0.09911  -1.25180
 -1.05263   0.09007  -0.89159   0.09007  -0.89159   0.10039  -1.24677   0.10039  -1.24677
 -1.00251   0.09421  -0.88687   0.09421  -0.88687   0.09959  -1.24178   0.09959  -1.24178
 -0.95238   0.10000  -0.88185   0.10000  -0.88185   0.09789  -1.23687   0.09789  -1.23687
 -0.90226   0.10792  -0.87645   0.10792  -0.87645   0.09608  -1.23206   0.09608  -1.23206
 -0.85213   0.11818  -0.87052   0.11818  -0.87052   0.09426  -1.22733   0.09426  -1.22733
 -0.80201   0.13045  -0.86398   0.13045  -0.86398   0.09186  -1.22273   0.09186  -1.22273
 -0.75188   0.14363  -0.85678   0.14363  -0.85678   0.08800  -1.21832   0.08800  -1.21832
 -0.70175   0.15597  -0.84896   0.15597  -0.84896   0.08199  -1.21421   0.08199  -1.21421
 -0.65163   0.16556  -0.84067   0.16556  -0.84067   0.07363  -1.21052   0.07363  -1.21052
 -0.60150   0.17121  -0.83208   0.17121  -0.83208   0.06339  -1.20734   0.06339  -1.20734
 -0.55138   0.17325  -0.82340   0.17325  -0.82340   0.05213  -1.20473   0.05213  -1.20473
 -0.50125   0.17406  -0.81467   0.17406  -0.81467   0.04086  -1.20268   0.04086  -1.20268
 -0.45113   0.17798  -0.80575   0.17798  -0.80575   0.03042  -1.20115   0.03042  -1.20115
 -0.40100   0.19056  -0.79620   0.19056  -0.79620   0.02139  -1.20008   0.02139  -1.20008
 -0.35088   0.21703  -0.78532   0.21703  -0.78532   0.01410  -1.19937   0.01410  -1.19937
 -0.30075   0.26001  -0.77229   0.26001  -0.77229   0.00864  -1.19894   0.00864  -1.19894
 -0.25063   0.31687  -0.75641   0.31687  -0.75641   0.00488  -1.19870   0.00488  -1.19870
 -0.20050   0.37821  -0.73745   0.37821  -0.73745   0.00252  -1.19857   0.00252  -1.19857
 -0.15038   0.42895  -0.71595   0.42895  -0.71595   0.00118  -1.19851   0.00118  -1.19851
 -0.10025   0.45307  -0.69324   0.45307  -0.69324   0.00050  -1.19848   0.00050  -1.19848
 -0.05013   0.44011  -0.67118   0.44011  -0.67118   0.00019  -1.19848   0.00019  -1.19848
  0.00000   0.39022  -0.65162   0.39022  -0.65162   0.00007  -1.19847   0.00007  -1.19847
  0.05013   0.31439  -0.63586   0.31439  -0.63586   0.00002  -1.19847   0.00002  -1.19847
  0.10025   0.22956  -0.62435   0.22956  -0.62435   0.00001  -1.19847   0.00001  -1.19847
  0.15038   0.15171  -0.61675   0.15171  -0.61675   0.00000  -1.19847   0.00000  -1.19847
  0.20050   0.09069  -0.61220   0.09069  -0.61220   0.00000  -1.19847   0.00000  -1.19847
  0.25063   0.04904  -0.60974   0.04904  -0.60974   0.00000  -1.19847   0.00000  -1.19847
  0.30075   0.02402  -0.60854   0.02402  -0.60854   0.00000  -1.19847   0.00000  -1.19847
  0.35088   0.01073  -0.60800   0.01073  -0.60800   0.00000  -1.19847   0.00000  -1.19847
  0.40100   0.00453  -0.60777   0.00453  -0.60777  -0.00000  -1.19847  -0.00000  -1.19847
  0.45113   0.00211  -0.60767   0.00211  -0.60767  -0.00000  -1.19847  -0.00000  -1.19847
  0.50125   0.00152  -0.60759   0.00152  -0.60759  -0.00000  -1.19847  -0.00000  -1.19847
  0.55138   0.00175  -0.60750   0.00175  -0.60750  -0.00000  -1.19847  -0.00000  -1.19847
  0.60150   0.00228  -0.60739   0.00228  -0.60739  -0.00000  -1.19847  -0.00000  -1.19847
  0.65163   0.00278  -0.60725   0.00278  -0.60725  -0.00001  -1.19847  -0.00001  -1.19847
  0.70175   0.00306  -0.60710   0.00306  -0.60710  -0.00002  -1.19847  -0.00002  -1.19847
  0.75188   0.00303  -0.60694   0.00303  -0.60694  -0.00008  -1.19848  -0.00008  -1.19848
  0.80201   0.00273  -0.60681   0.00273  -0.60681  -0.00025  -1.19849  -0.00025  -1.19849
  0.85213   0.00233  -0.60669   0.00233  -0.60669  -0.00070  -1.19852  -0.00070  -1.19852
  0.90226   0.00202  -0.60659   0.00202  -0.60659  -0.00171  -1.19861  -0.00171  -1.19861
  0.95238   0.00199  -0.60649   0.00199  -0.60649  -0.00373  -1.19880  -0.00373  -1.19880
  1.00251   0.00238  -0.60637   0.00238  -0.60637  -0.00724  -1.19916  -0.00724  -1.19916
  1.05263   0.00331  -0.60620   0.00331  -0.60620  -0.01235  -1.19978  -0.01235  -1.19978
  1.10276   0.00487  -0.60596   0.00487  -0.60596  -0.01816  -1.20069  -0.01816  -1.20069
  1.15288   0.00706  -0.60561   0.00706  -0.60561  -0.02184  -1.20178  -0.02184  -1.20178
  1.20301   0.00972  -0.60512   0.00972  -0.60512  -0.01818  -1.20269  -0.01818  -1.20269
  1.25313   0.01245  -0.60450   0.01245  -0.60450  -0.00031  -1.20271  -0.00031  -1.20271
  1.30326   0.01472  -0.60376   0.01472  -0.60376   0.03768  -1.20082   0.03768  -1.20082
  1.35338   0.01599  -0.60296   0.01599  -0.60296   0.09680  -1.19597   0.09680  -1.19597
  1.40351   0.01596  -0.60216   0.01596  -0.60216   0.17041  -1.18743   0.17041  -1.18743
  1.45363   0.01463  -0.60142   0.01463  -0.60142   0.24590  -1.17510   0.24590  -1.17510
  1.50376   0.01234  -0.60080   0.01234  -0.60080   0.31191  -1.15947   0.31191  -1.15947
  1.55388   0.00960  -0.60032   0.00960  -0.60032   0.36756  -1.14104   0.36756  -1.14104
  1.60401   0.00693  -0.59997   0.00693  -0.59997   0.42641  -1.11967   0.42641  -1.11967
  1.65414   0.00470  -0.59974   0.00470  -0.59974   0.50966  -1.09412   0.50966  -1.09412
  1.70426   0.00310  -0.59958   0.00310  -0.59958   0.63029  -1.06253   0.63029  -1.06253
  1.75439   0.00212  -0.59948   0.00212  -0.59948   0.77801  -1.02353   0.77801  -1.02353
  1.80451   0.00166  -0.59939   0.00166  -0.59939   0.91668  -0.97758   0.91668  -0.97758
  1.85464   0.00158  -0.59932   0.00158  -0.59932   0.99871  -0.92752   0.99871  -0.92752
  1.90476   0.00178  -0.59923   0.00178  -0.59923   0.98880  -0.87796   0.98880  -0.87796
  1.95489   0.00219  -0.59912   0.00219  -0.59912   0.88242  -0.83373   0.88242  -0.83373
  2.00501   0.00277  -0.59898   0.00277  -0.59898   0.70735  -0.79827   0.70735  -0.79827
  2.05514   0.00347  -0.59880   0.00347  -0.59880   0.50884  -0.77276   0.50884  -0.77276
  2.10526   0.00418  -0.59859   0.00418  -0.59859   0.32893  -0.75628   0.32893  -0.75628
  2.15539   0.00480  -0.59835   0.00480  -0.59835   0.19229  -0.74664   0.19229  -0.74664
  2.20551   0.00523  -0.59809   0.00523  -0.59809   0.10393  -0.74143   0.10393  -0.74143
  2.25564   0.00541  -0.59782   0.00541  -0.59782   0.05597  -0.73862   0.05597  -0.73862
  2.30576   0.00532  -0.59755   0.00532  -0.59755   0.03677  -0.73678   0.03677  -0.73678
  2.35589   0.00500  -0.59730   0.00500  -0.59730   0.03741  -0.73490   0.03741  -0.73490
  2.40602   0.00450  -0.59708   0.00450  -0.59708   0.05369  -0.73221   0.05369  -0.73221
  2.45614   0.00385  -0.59688   0.00385  -0.59688   0.08432  -0.72799   0.08432  -0.72799
  2.50627   0.00310  -0.59673   0.00310  -0.59673   0.12730  -0.72161   0.12730  -0.72161
  2.55639   0.00234  -0.59661   0.00234  -0.59661   0.17671  -0.71275   0.17671  -0.71275
  2.60652   0.00162  -0.59653   0.00162  -0.59653   0.22199  -0.70162   0.22199  -0.70162
  2.65664   0.00103  -0.59648   0.00103  -0.59648   0.25087  -0.68905   0.25087  -0.68905
  2.70677   0.00059  -0.59645   0.00059  -0.59645   0.25439  -0.67630   0.25439  -0.67630
  2.75689   0.00031  -0.59643   0.00031  -0.59643   0.23126  -0.66470   0.23126  -0.66470
  2.80702   0.00014  -0.59643   0.00014  -0.59643   0.18846  -0.65526   0.18846  -0.65526
  2.85714   0.00006  -0.59642   0.00006  -0.59642   0.13780  -0.64835   0.13780  -0.64835
  2.90727   0.00002  -0.59642   0.00002  -0.59642   0.09059  -0.64381   0.09059  -0.64381
  2.95739   0.00001  -0.59642   0.00001  -0.59642   0.05387  -0.64111   0.05387  -0.64111
  3.00752   0.00000  -0.59642   0.00000  -0.59642   0.02939  -0.63963   0.02939  -0.63963
  3.05764   0.00000  -0.59642   0.00000  -0.59642   0.01528  -0.63887   0.01528  -0.63887
  3.10777   0.00000  -0.59642   0.00000  -0.59642   0.00825  -0.63846   0.00825  -0.63846
  3.15789   0.00000  -0.59642   0.00000  -0.59642   0.00532  -0.63819   0.00532  -0.63819
  3.20802   0.00000  -0.59642   0.00000  -0.59642   0.00447  -0.63796   0.00447  -0.63796
  3.25815   0.00000  -0.59642   0.00000  -0.59642   0.00456  -0.63774   0.00456  -0.63774
  3.30827   0.00000  -0.59642   0.00000  -0.59642   0.00510  -0.63748   0.00510  -0.63748
  3.35840   0.00000  -0.59642   0.00000  -0.59642   0.00593  -0.63718   0.00593  -0.63718
  3.40852   0.00000  -0.59642   0.00000  -0.59642   0.00712  -0.63683   0.00712  -0.63683
  3.45865   0.00000  -0.59642   0.00000  -0.59642   0.00885  -0.63638   0.00885  -0.63638
  3.50877   0.00000  -0.59642   0.00000  -0.59642   0.01140  -0.63581   0.01140  -0.63581
  3.55890   0.00000  -0.59642   0.00000  -0.59642   0.01501  -0.63506   0.01501  -0.63506
  3.60902   0.00000  -0.59642   0.00000  -0.59642   0.01978  -0.63407   0.01978  -0.63407
  3.65915   0.00000  -0.59642   0.00000  -0.59642   0.02545  -0.63279   0.02545  -0.63279
  3.70927   0.00000  -0.59642   0.00000  -0.59642   0.03132  -0.63122   0.03132  -0.63122
  3.75940   0.00000  -0.59642   0.00000  -0.59642   0.03637  -0.62940   0.03637  -0.62940
  3.80952   0.00000  -0.59642   0.00000  -0.59642   0.03957  -0.62742   0.03957  -0.62742
  3.85965   0.00000  -0.59642   0.00000  -0.59642   0.04034  -0.62539   0.04034  -0.62539
  3.90977   0.00000  -0.59642   0.00000  -0.59642   0.03879  -0.62345   0.03879  -0.62345
  3.95990   0.00000  -0.59642   0.00000  -0.59642   0.03569  -0.62166   0.03569  -0.62166
  4.01003   0.00000  -0.59642   0.00000  -0.59642   0.03207  -0.62005   0.03207  -0.62005
  4.06015   0.00000  -0.59642   0.00000  -0.59642   0.02873  -0.61861   0.02873  -0.61861
  4.11028   0.00000  -0.59642   0.00000  -0.59642   0.02591  -0.61731   0.02591  -0.61731
  4.16040   0.00000  -0.59642   0.00000  -0.59642   0.02335  -0.61614   0.02335  -0.61614
  4.21053   0.00000  -0.59642   0.00000  -0.59642   0.02066  -0.61511   0.02066  -0.61511
  4.26065   0.00000  -0.59642   0.00000  -0.59642   0.01768  -0.61422   0.01768  -0.61422
  4.31078   0.00000  -0.59642   0.00000  -0.59642   0.01464  -0.61349   0.01464  -0.61349
  4.36090   0.00000  -0.59642   0.00000  -0.59642   0.01196  -0.61289   0.01196  -0.61289
  4.41103   0.00000  -0.59642   0.00000  -0.59642   0.00997  -0.61239   0.00997  -0.61239
  4.46115   0.00000  -0.59642   0.00000  -0.59642   0.00869  -0.61195   0.00869  -0.61195
  4.51128   0.00000  -0.59642   0.00000  -0.59642   0.00792  -0.61156   0.00792  -0.61156
  4.56140   0.00000  -0.59642   0.00000  -0.59642   0.00730  -0.61119   0.00730  -0.61119
  4.61153   0.00000  -0.59642   0.00000  -0.59642   0.00656  -0.61086   0.00656  -0.61086
  4.66165   0.00000  -0.59642   0.00000  -0.59642   0.00558  -0.61058   0.00558  -0.61058
  4.71178   0.00000  -0.59642   0.00000  -0.59642   0.00442  -0.61036   0.00442  -0.61036
  4.76190   0.00000  -0.59642   0.00000  -0.59642   0.00321  -0.61020   0.00321  -0.61020
  4.81203   0.00000  -0.59642   0.00000  -0.59642   0.00212  -0.61009   0.00212  -0.61009
  4.86216   0.00000  -0.59642   0.00000  -0.59642   0.00127  -0.61003   0.00127  -0.61003
  4.91228   0.00000  -0.59642   0.00000  -0.59642   0.00069  -0.60999   0.00069  -0.60999
  4.96241   0.00000  -0.59642   0.00000  -0.59642   0.00034  -0.60998   0.00034  -0.60998
  5.01253   0.00000  -0.59642   0.00000  -0.59642   0.00015  -0.60997   0.00015  -0.60997
  5.06266   0.00000  -0.59642   0.00000  -0.59642   0.00006  -0.60997   0.00006  -0.60997
  5.11278   0.00000  -0.59642   0.00000  -0.59642   0.00002  -0.60997   0.00002  -0.60997
  5.16291   0.00000  -0.59642   0.00000  -0.59642   0.00001  -0.60997   0.00001  -0.60997
  5.21303   0.00000  -0.59642   0.00000  -0.59642   0.00000  -0.60997   0.00000  -0.60997
  5.26316   0.00000  -0.59642   0.00000  -0.59642   0.00000  -0.60997   0.00000  -0.60997
  5.31328   0.00000  -0.59642   0.00000  -0.59642   0.00000  -0.60997   0.00000  -0.60997
  5.36341   0.00000  -0.59642   0.00000  -0.59642   0.00000  -0.60997   0.00000  -0.60997
  5.41353   0.00000  -0.59642   0.00000  -0.59642   0.00000  -0.60997   0.00000  -0.60997
  5.46366   0.00000  -0.59642   0.00000  -0.59642   0.00000  -0.60997   0.00000  -0.60997
  5.51378   0.00000  -0.59642   0.00000  -0.59642   0.00000  -0.60997   0.00000  -0.60997
  5.56391   0.00000  -0.59642   0.00000  -0.59642   0.00000  -0.60997   0.00000  -0.60997
  5.61404   0.00000  -0.59642   0.00000  -0.59642   0.00000  -0.60997   0.00000  -0.60997
  5.66416   0.00000  -0.59642   0.00000  -0.59642   0.00000  -0.60997   0.00000  -0.60997
  5.71429   0.00000  -0.59642   0.00000  -0.59642   0.00000  -0.60997   0.00000  -0.60997
  5.76441   0.00000  -0.59642   0.00000  -0.59642   0.00000  -0.60997   0.00000  -0.60997
  5.81454   0.00000  -0.59642   0.00000  -0.59642   0.00000  -0.60997   0.00000  -0.60997
  5.86466   0.00001  -0.59642   0.00001  -0.59642   0.00000  -0.60997   0.00000  -0.60997
  5.91479   0.00002  -0.59642   0.00002  -0.59642   0.00000  -0.60997   0.00000  -0.60997
  5.96491   0.00005  -0.59642   0.00005  -0.59642   0.00000  -0.60997   0.00000  -0.60997
  6.01504   0.00013  -0.59641   0.00013  -0.59641   0.00000  -0.60997   0.00000  -0.60997
  6.06516   0.00031  -0.59640   0.00031  -0.59640   0.00001  -0.60997   0.00001  -0.60997
  6.11529   0.00066  -0.59636   0.00066  -0.59636   0.00003  -0.60996   0.00003  -0.60996
  6.16541   0.00129  -0.59630   0.00129  -0.59630   0.00008  -0.60996   0.00008  -0.60996
  6.21554   0.00233  -0.59618   0.00233  -0.59618   0.00020  -0.60995   0.00020  -0.60995
  6.26566   0.00389  -0.59599   0.00389  -0.59599   0.00044  -0.60993   0.00044  -0.60993
  6.31579   0.00602  -0.59568   0.00602  -0.59568   0.00089  -0.60988   0.00089  -0.60988
  6.36591   0.00869  -0.59525   0.00869  -0.59525   0.00165  -0.60980   0.00165  -0.60980
  6.41604   0.01169  -0.59466   0.01169  -0.59466   0.00283  -0.60966   0.00283  -0.60966
  6.46617   0.01465  -0.59393   0.01465  -0.59393   0.00450  -0.60943   0.00450  -0.60943
  6.51629   0.01713  -0.59307   0.01713  -0.59307   0.00667  -0.60910   0.00667  -0.60910
  6.56642   0.01879  -0.59213   0.01879  -0.59213   0.00920  -0.60864   0.00920  -0.60864
  6.61654   0.01954  -0.59115   0.01954  -0.59115   0.01182  -0.60804   0.01182  -0.60804
  6.66667   0.01964  -0.59016   0.01964  -0.59016   0.01416  -0.60733   0.01416  -0.60733
  6.71679   0.01970  -0.58918   0.01970  -0.58918   0.01587  -0.60654   0.01587  -0.60654
  6.76692   0.02047  -0.58815   0.02047  -0.58815   0.01675  -0.60570   0.01675  -0.60570
  6.81704   0.02258  -0.58702   0.02258  -0.58702   0.01689  -0.60485   0.01689  -0.60485
  6.86717   0.02623  -0.58570   0.02623  -0.58570   0.01671  -0.60402   0.01671  -0.60402
  6.91729   0.03113  -0.58414   0.03113  -0.58414   0.01684  -0.60317   0.01684  -0.60317
  6.96742   0.03666  -0.58231   0.03666  -0.58231   0.01790  -0.60227   0.01790  -0.60227
  7.01754   0.04215  -0.58019   0.04215  -0.58019   0.02025  -0.60126   0.02025  -0.60126
  7.06767   0.04715  -0.57783   0.04715  -0.57783   0.02381  -0.60007   0.02381  -0.60007
  7.11779   0.05153  -0.57525   0.05153  -0.57525   0.02813  -0.59866   0.02813  -0.59866
  7.16792   0.05538  -0.57247   0.05538  -0.57247   0.03268  -0.59702   0.03268  -0.59702
  7.21805   0.05898  -0.56952   0.05898  -0.56952   0.03703  -0.59516   0.03703  -0.59516
  7.26817   0.06261  -0.56638   0.06261  -0.56638   0.04107  -0.59310   0.04107  -0.59310
  7.31830   0.06652  -0.56304   0.06652  -0.56304   0.04491  -0.59085   0.04491  -0.59085
  7.36842   0.07080  -0.55949   0.07080  -0.55949   0.04878  -0.58841   0.04878  -0.58841
  7.41855   0.07528  -0.55572   0.07528  -0.55572   0.05284  -0.58576   0.05284  -0.58576
  7.46867   0.07955  -0.55173   0.07955  -0.55173   0.05709  -0.58290   0.05709  -0.58290
  7.51880   0.08302  -0.54757   0.08302  -0.54757   0.06139  -0.57982   0.06139  -0.57982
  7.56892   0.08510  -0.54331   0.08510  -0.54331   0.06554  -0.57653   0.06554  -0.57653
  7.61905   0.08551  -0.53902   0.08551  -0.53902   0.06936  -0.57306   0.06936  -0.57306
  7.66917   0.08447  -0.53479   0.08447  -0.53479   0.07273  -0.56941   0.07273  -0.56941
  7.71930   0.08275  -0.53064   0.08275  -0.53064   0.07548  -0.56563   0.07548  -0.56563
  7.76942   0.08141  -0.52656   0.08141  -0.52656   0.07734  -0.56175   0.07734  -0.56175
  7.81955   0.08139  -0.52248   0.08139  -0.52248   0.07800  -0.55784   0.07800  -0.55784
  7.86967   0.08288  -0.51832   0.08288  -0.51832   0.07735  -0.55396   0.07735  -0.55396
  7.91980   0.08516  -0.51405   0.08516  -0.51405   0.07579  -0.55017   0.07579  -0.55017
  7.96992   0.08680  -0.50970   0.08680  -0.50970   0.07417  -0.54645   0.07417  -0.54645
  8.02005   0.08648  -0.50537   0.08648  -0.50537   0.07353  -0.54276   0.07353  -0.54276
  8.07018   0.08362  -0.50118   0.08362  -0.50118   0.07447  -0.53903   0.07447  -0.53903
  8.12030   0.07869  -0.49723   0.07869  -0.49723   0.07669  -0.53519   0.07669  -0.53519
  8.17043   0.07300  -0.49357   0.07300  -0.49357   0.07915  -0.53122   0.07915  -0.53122
  8.22055   0.06817  -0.49016   0.06817  -0.49016   0.08055  -0.52718   0.08055  -0.52718
  8.27068   0.06577  -0.48686   0.06577  -0.48686   0.08013  -0.52316   0.08013  -0.52316
  8.32080   0.06692  -0.48351   0.06692  -0.48351   0.07813  -0.51925   0.07813  -0.51925
  8.37093   0.07216  -0.47989   0.07216  -0.47989   0.07577  -0.51545   0.07577  -0.51545
  8.42105   0.08132  -0.47581   0.08132  -0.47581   0.07481  -0.51170   0.07481  -0.51170
  8.47118   0.09345  -0.47113   0.09345  -0.47113   0.07678  -0.50785   0.07678  -0.50785
  8.52130   0.10689  -0.46577   0.10689  -0.46577   0.08248  -0.50372   0.08248  -0.50372
  8.57143   0.11954  -0.45978   0.11954  -0.45978   0.09159  -0.49913   0.09159  -0.49913
  8.62155   0.12940  -0.45329   0.12940  -0.45329   0.10276  -0.49398   0.10276  -0.49398
  8.67168   0.13527  -0.44651   0.13527  -0.44651   0.11402  -0.48826   0.11402  -0.48826
  8.72180   0.13711  -0.43964   0.13711  -0.43964   0.12331  -0.48208   0.12331  -0.48208
  8.77193   0.13593  -0.43283   0.13593  -0.43283   0.12925  -0.47560   0.12925  -0.47560
  8.82206   0.13315  -0.42615   0.13315  -0.42615   0.13152  -0.46901   0.13152  -0.46901
  8.87218   0.12991  -0.41964   0.12991  -0.41964   0.13091  -0.46245   0.13091  -0.46245
  8.92231   0.12671  -0.41329   0.12671  -0.41329   0.12879  -0.45599   0.12879  -0.45599
  8.97243   0.12349  -0.40710   0.12349  -0.40710   0.12638  -0.44966   0.12638  -0.44966
  9.02256   0.12005  -0.40108   0.12005  -0.40108   0.12428  -0.44343   0.12428  -0.44343
  9.07268   0.11638  -0.39525   0.11638  -0.39525   0.12244  -0.43729   0.12244  -0.43729
  9.12281   0.11275  -0.38960   0.11275  -0.38960   0.12046  -0.43125   0.12046  -0.43125
  9.17293   0.10954  -0.38411   0.10954  -0.38411   0.11792  -0.42534   0.11792  -0.42534
  9.22306   0.10693  -0.37875   0.10693  -0.37875   0.11475  -0.41959   0.11475  -0.41959
  9.27318   0.10472  -0.37350   0.10472  -0.37350   0.11120  -0.41401   0.11120  -0.41401
  9.32331   0.10231  -0.36837   0.10231  -0.36837   0.10775  -0.40861   0.10775  -0.40861
  9.37343   0.09900  -0.36341   0.09900  -0.36341   0.10472  -0.40336   0.10472  -0.40336
  9.42356   0.09442  -0.35867   0.09442  -0.35867   0.10202  -0.39825   0.10202  -0.39825
  9.47368   0.08885  -0.35422   0.08885  -0.35422   0.09914  -0.39328   0.09914  -0.39328
  9.52381   0.08311  -0.35005   0.08311  -0.35005   0.09543  -0.38850   0.09543  -0.38850
  9.57393   0.07820  -0.34613   0.07820  -0.34613   0.09064  -0.38395   0.09064  -0.38395
  9.62406   0.07490  -0.34238   0.07490  -0.34238   0.08516  -0.37968   0.08516  -0.37968
  9.67419   0.07359  -0.33869   0.07359  -0.33869   0.07981  -0.37568   0.07981  -0.37568
  9.72431   0.07442  -0.33496   0.07442  -0.33496   0.07545  -0.37190   0.07545  -0.37190
  9.77444   0.07743  -0.33108   0.07743  -0.33108   0.07260  -0.36826   0.07260  -0.36826
  9.82456   0.08256  -0.32694   0.08256  -0.32694   0.07144  -0.36468   0.07144  -0.36468
  9.87469   0.08959  -0.32245   0.08959  -0.32245   0.07200  -0.36107   0.07200  -0.36107
  9.92481   0.09794  -0.31754   0.09794  -0.31754   0.07437  -0.35735   0.07437  -0.35735
  9.97494   0.10667  -0.31219   0.10667  -0.31219   0.07870  -0.35340   0.07870  -0.35340
 10.02506   0.11479  -0.30644   0.11479  -0.30644   0.08501  -0.34914   0.08501  -0.34914