ESCALE ; pCOHP file generated by LOBSTER. Energy is shifted such that the Fermi level lies at 0 eV.
         2          2        401  -6.04511e+00   1.40050e+01   3.97995e+00 
Average
No.1:Ni54->O112(1.9385373483774315)
-10.02506   0.00000  -0.53513   0.00000  -0.53513   0.00000  -0.51177   0.00000  -0.51177
 -9.97494   0.00000  -0.53513   0.00000  -0.53513   0.00000  -0.51177   0.00000  -0.51177
 -9.92481   0.00000  -0.53513   0.00000  -0.53513   0.00000  -0.51177   0.00000  -0.51177
 -9.87469   0.00000  -0.53513   0.00000  -0.53513   0.00000  -0.51177   0.00000  -0.51177
 -9.82456   0.00000  -0.53513   0.00000  -0.53513   0.00000  -0.51177   0.00000  -0.51177
 -9.77444   0.00000  -0.53513   0.00000  -0.53513   0.00000  -0.51177   0.00000  -0.51177
 -9.72431   0.00000  -0.53513   0.00000  -0.53513   0.00000  -0.51177   0.00000  -0.51177
 -9.67419   0.00000  -0.53513   0.00000  -0.53513   0.00000  -0.51177   0.00000  -0.51177
 -9.62406   0.00000  -0.53513   0.00000  -0.53513   0.00000  -0.51177   0.00000  -0.51177
 -9.57393   0.00000  -0.53513   0.00000  -0.53513   0.00000  -0.51177   0.00000  -0.51177
 -9.52381   0.00000  -0.53513   0.00000  -0.53513   0.00000  -0.51177   0.00000  -0.51177
 -9.47368   0.00000  -0.53513   0.00000  -0.53513   0.00000  -0.51177   0.00000  -0.51177
 -9.42356   0.00000  -0.53513   0.00000  -0.53513   0.00000  -0.51177   0.00000  -0.51177
 -9.37343   0.00000  -0.53513   0.00000  -0.53513   0.00000  -0.51177   0.00000  -0.51177
 -9.32331   0.00000  -0.53513   0.00000  -0.53513   0.00000  -0.51177   0.00000  -0.51177
 -9.27318   0.00000  -0.53513   0.00000  -0.53513   0.00000  -0.51177   0.00000  -0.51177
 -9.22306   0.00000  -0.53513   0.00000  -0.53513   0.00000  -0.51177   0.00000  -0.51177
 -9.17293   0.00000  -0.53513   0.00000  -0.53513   0.00000  -0.51177   0.00000  -0.51177
 -9.12281   0.00000  -0.53513   0.00000  -0.53513   0.00000  -0.51177   0.00000  -0.51177
 -9.07268   0.00000  -0.53513   0.00000  -0.53513   0.00000  -0.51177   0.00000  -0.51177
 -9.02256   0.00000  -0.53513   0.00000  -0.53513   0.00000  -0.51177   0.00000  -0.51177
 -8.97243   0.00000  -0.53513   0.00000  -0.53513   0.00000  -0.51177   0.00000  -0.51177
 -8.92231  -0.00000  -0.53513  -0.00000  -0.53513   0.00000  -0.51177   0.00000  -0.51177
 -8.87218  -0.00000  -0.53513  -0.00000  -0.53513   0.00000  -0.51177   0.00000  -0.51177
 -8.82206  -0.00000  -0.53513  -0.00000  -0.53513   0.00000  -0.51177   0.00000  -0.51177
 -8.77193  -0.00000  -0.53513  -0.00000  -0.53513   0.00000  -0.51177   0.00000  -0.51177
 -8.72180  -0.00000  -0.53513  -0.00000  -0.53513   0.00000  -0.51177   0.00000  -0.51177
 -8.67168  -0.00000  -0.53513  -0.00000  -0.53513   0.00000  -0.51177   0.00000  -0.51177
 -8.62155  -0.00000  -0.53513  -0.00000  -0.53513   0.00000  -0.51177   0.00000  -0.51177
 -8.57143  -0.00000  -0.53513  -0.00000  -0.53513   0.00000  -0.51177   0.00000  -0.51177
 -8.52130  -0.00000  -0.53513  -0.00000  -0.53513   0.00000  -0.51177   0.00000  -0.51177
 -8.47118  -0.00000  -0.53513  -0.00000  -0.53513   0.00000  -0.51177   0.00000  -0.51177
 -8.42105  -0.00000  -0.53513  -0.00000  -0.53513   0.00000  -0.51177   0.00000  -0.51177
 -8.37093  -0.00001  -0.53513  -0.00001  -0.53513   0.00000  -0.51177   0.00000  -0.51177
 -8.32080  -0.00003  -0.53513  -0.00003  -0.53513   0.00000  -0.51177   0.00000  -0.51177
 -8.27068  -0.00012  -0.53514  -0.00012  -0.53514   0.00000  -0.51177   0.00000  -0.51177
 -8.22055  -0.00046  -0.53516  -0.00046  -0.53516   0.00000  -0.51177   0.00000  -0.51177
 -8.17043  -0.00160  -0.53524  -0.00160  -0.53524   0.00000  -0.51177   0.00000  -0.51177
 -8.12030  -0.00496  -0.53549  -0.00496  -0.53549   0.00000  -0.51177   0.00000  -0.51177
 -8.07018  -0.01363  -0.53617  -0.01363  -0.53617   0.00000  -0.51177   0.00000  -0.51177
 -8.02005  -0.03329  -0.53784  -0.03329  -0.53784   0.00000  -0.51177   0.00000  -0.51177
 -7.96992  -0.07226  -0.54146  -0.07226  -0.54146   0.00000  -0.51177   0.00000  -0.51177
 -7.91980  -0.13955  -0.54846  -0.13955  -0.54846   0.00000  -0.51177   0.00000  -0.51177
 -7.86967  -0.24017  -0.56050  -0.24017  -0.56050   0.00000  -0.51177   0.00000  -0.51177
 -7.81955  -0.36892  -0.57899  -0.36892  -0.57899   0.00000  -0.51177   0.00000  -0.51177
 -7.76942  -0.50667  -0.60439  -0.50667  -0.60439   0.00000  -0.51177   0.00000  -0.51177
 -7.71930  -0.62324  -0.63563  -0.62324  -0.63563   0.00000  -0.51177   0.00000  -0.51177
 -7.66917  -0.68771  -0.67010  -0.68771  -0.67010  -0.00000  -0.51177  -0.00000  -0.51177
 -7.61905  -0.68165  -0.70427  -0.68165  -0.70427  -0.00000  -0.51177  -0.00000  -0.51177
 -7.56892  -0.60756  -0.73472  -0.60756  -0.73472  -0.00000  -0.51177  -0.00000  -0.51177
 -7.51880  -0.48748  -0.75916  -0.48748  -0.75916  -0.00000  -0.51177  -0.00000  -0.51177
 -7.46867  -0.35312  -0.77686  -0.35312  -0.77686  -0.00000  -0.51177  -0.00000  -0.51177
 -7.41855  -0.23369  -0.78857  -0.23369  -0.78857  -0.00000  -0.51177  -0.00000  -0.51177
 -7.36842  -0.14798  -0.79599  -0.14798  -0.79599  -0.00000  -0.51177  -0.00000  -0.51177
 -7.31830  -0.10295  -0.80115  -0.10295  -0.80115  -0.00000  -0.51177  -0.00000  -0.51177
 -7.26817  -0.09657  -0.80599  -0.09657  -0.80599  -0.00000  -0.51177  -0.00000  -0.51177
 -7.21805  -0.12094  -0.81205  -0.12094  -0.81205  -0.00000  -0.51177  -0.00000  -0.51177
 -7.16792  -0.16372  -0.82026  -0.16372  -0.82026  -0.00000  -0.51177  -0.00000  -0.51177
 -7.11779  -0.20928  -0.83075  -0.20928  -0.83075  -0.00000  -0.51177  -0.00000  -0.51177
 -7.06767  -0.24182  -0.84287  -0.24182  -0.84287  -0.00000  -0.51177  -0.00000  -0.51177
 -7.01754  -0.25075  -0.85544  -0.25075  -0.85544  -0.00001  -0.51177  -0.00001  -0.51177
 -6.96742  -0.23516  -0.86723  -0.23516  -0.86723  -0.00004  -0.51178  -0.00004  -0.51178
 -6.91729  -0.20376  -0.87744  -0.20376  -0.87744  -0.00015  -0.51178  -0.00015  -0.51178
 -6.86717  -0.16970  -0.88595  -0.16970  -0.88595  -0.00045  -0.51181  -0.00045  -0.51181
 -6.81704  -0.14379  -0.89315  -0.14379  -0.89315  -0.00125  -0.51187  -0.00125  -0.51187
 -6.76692  -0.13049  -0.89969  -0.13049  -0.89969  -0.00306  -0.51202  -0.00306  -0.51202
 -6.71679  -0.12847  -0.90613  -0.12847  -0.90613  -0.00674  -0.51236  -0.00674  -0.51236
 -6.66667  -0.13406  -0.91285  -0.13406  -0.91285  -0.01328  -0.51303  -0.01328  -0.51303
 -6.61654  -0.14447  -0.92010  -0.14447  -0.92010  -0.02350  -0.51420  -0.02350  -0.51420
 -6.56642  -0.15892  -0.92806  -0.15892  -0.92806  -0.03745  -0.51608  -0.03745  -0.51608
 -6.51629  -0.17749  -0.93696  -0.17749  -0.93696  -0.05395  -0.51878  -0.05395  -0.51878
 -6.46617  -0.19918  -0.94694  -0.19918  -0.94694  -0.07063  -0.52233  -0.07063  -0.52233
 -6.41604  -0.22068  -0.95800  -0.22068  -0.95800  -0.08466  -0.52657  -0.08466  -0.52657
 -6.36591  -0.23680  -0.96987  -0.23680  -0.96987  -0.09407  -0.53128  -0.09407  -0.53128
 -6.31579  -0.24234  -0.98202  -0.24234  -0.98202  -0.09883  -0.53624  -0.09883  -0.53624
 -6.26566  -0.23425  -0.99376  -0.23425  -0.99376  -0.10111  -0.54131  -0.10111  -0.54131
 -6.21554  -0.21279  -1.00443  -0.21279  -1.00443  -0.10429  -0.54653  -0.10429  -0.54653
 -6.16541  -0.18119  -1.01351  -0.18119  -1.01351  -0.11107  -0.55210  -0.11107  -0.55210
 -6.11529  -0.14436  -1.02075  -0.14436  -1.02075  -0.12170  -0.55820  -0.12170  -0.55820
 -6.06516  -0.10726  -1.02612  -0.10726  -1.02612  -0.13349  -0.56489  -0.13349  -0.56489
 -6.01504  -0.07379  -1.02982  -0.07379  -1.02982  -0.14201  -0.57201  -0.14201  -0.57201
 -5.96491  -0.04633  -1.03214  -0.04633  -1.03214  -0.14360  -0.57921  -0.14360  -0.57921
 -5.91479  -0.02571  -1.03343  -0.02571  -1.03343  -0.13745  -0.58610  -0.13745  -0.58610
 -5.86466  -0.01161  -1.03402  -0.01161  -1.03402  -0.12613  -0.59242  -0.12613  -0.59242
 -5.81454  -0.00298  -1.03417  -0.00298  -1.03417  -0.11425  -0.59815  -0.11425  -0.59815
 -5.76441   0.00156  -1.03409   0.00156  -1.03409  -0.10623  -0.60347  -0.10623  -0.60347
 -5.71429   0.00355  -1.03391   0.00355  -1.03391  -0.10473  -0.60872  -0.10473  -0.60872
 -5.66416   0.00454  -1.03368   0.00454  -1.03368  -0.11009  -0.61424  -0.11009  -0.61424
 -5.61404   0.00596  -1.03338   0.00596  -1.03338  -0.12105  -0.62031  -0.12105  -0.62031
 -5.56391   0.00887  -1.03294   0.00887  -1.03294  -0.13590  -0.62712  -0.13590  -0.62712
 -5.51378   0.01367  -1.03225   0.01367  -1.03225  -0.15371  -0.63483  -0.15371  -0.63483
 -5.46366   0.02009  -1.03125   0.02009  -1.03125  -0.17478  -0.64359  -0.17478  -0.64359
 -5.41353   0.02732  -1.02988   0.02732  -1.02988  -0.20002  -0.65361  -0.20002  -0.65361
 -5.36341   0.03444  -1.02815   0.03444  -1.02815  -0.22968  -0.66513  -0.22968  -0.66513
 -5.31328   0.04074  -1.02611   0.04074  -1.02611  -0.26197  -0.67826  -0.26197  -0.67826
 -5.26316   0.04588  -1.02381   0.04588  -1.02381  -0.29295  -0.69294  -0.29295  -0.69294
 -5.21303   0.04980  -1.02131   0.04980  -1.02131  -0.31775  -0.70887  -0.31775  -0.70887
 -5.16291   0.05252  -1.01868   0.05252  -1.01868  -0.33252  -0.72554  -0.33252  -0.72554
 -5.11278   0.05408  -1.01597   0.05408  -1.01597  -0.33596  -0.74238  -0.33596  -0.74238
 -5.06266   0.05462  -1.01323   0.05462  -1.01323  -0.32959  -0.75890  -0.32959  -0.75890
 -5.01253   0.05453  -1.01050   0.05453  -1.01050  -0.31697  -0.77479  -0.31697  -0.77479
 -4.96241   0.05445  -1.00777   0.05445  -1.00777  -0.30231  -0.78994  -0.30231  -0.78994
 -4.91228   0.05493  -1.00501   0.05493  -1.00501  -0.28900  -0.80442  -0.28900  -0.80442
 -4.86216   0.05614  -1.00220   0.05614  -1.00220  -0.27858  -0.81839  -0.27858  -0.81839
 -4.81203   0.05756  -0.99931   0.05756  -0.99931  -0.27050  -0.83195  -0.27050  -0.83195
 -4.76190   0.05824  -0.99640   0.05824  -0.99640  -0.26297  -0.84513  -0.26297  -0.84513
 -4.71178   0.05721  -0.99353   0.05721  -0.99353  -0.25433  -0.85788  -0.25433  -0.85788
 -4.66165   0.05399  -0.99082   0.05399  -0.99082  -0.24429  -0.87012  -0.24429  -0.87012
 -4.61153   0.04879  -0.98838   0.04879  -0.98838  -0.23410  -0.88186  -0.23410  -0.88186
 -4.56140   0.04249  -0.98625   0.04249  -0.98625  -0.22569  -0.89317  -0.22569  -0.89317
 -4.51128   0.03619  -0.98443   0.03619  -0.98443  -0.22049  -0.90422  -0.22049  -0.90422
 -4.46115   0.03080  -0.98289   0.03080  -0.98289  -0.21864  -0.91518  -0.21864  -0.91518
 -4.41103   0.02674  -0.98155   0.02674  -0.98155  -0.21905  -0.92616  -0.21905  -0.92616
 -4.36090   0.02389  -0.98035   0.02389  -0.98035  -0.22015  -0.93720  -0.22015  -0.93720
 -4.31078   0.02172  -0.97926   0.02172  -0.97926  -0.22073  -0.94826  -0.22073  -0.94826
 -4.26065   0.01971  -0.97827   0.01971  -0.97827  -0.22043  -0.95931  -0.22043  -0.95931
 -4.21053   0.01761  -0.97739   0.01761  -0.97739  -0.21969  -0.97032  -0.21969  -0.97032
 -4.16040   0.01562  -0.97661   0.01562  -0.97661  -0.21920  -0.98131  -0.21920  -0.98131
 -4.11028   0.01427  -0.97589   0.01427  -0.97589  -0.21935  -0.99230  -0.21935  -0.99230
 -4.06015   0.01401  -0.97519   0.01401  -0.97519  -0.21989  -1.00333  -0.21989  -1.00333
 -4.01003   0.01490  -0.97444   0.01490  -0.97444  -0.22000  -1.01435  -0.22000  -1.01435
 -3.95990   0.01656  -0.97361   0.01656  -0.97361  -0.21862  -1.02531  -0.21862  -1.02531
 -3.90977   0.01838  -0.97269   0.01838  -0.97269  -0.21487  -1.03608  -0.21487  -1.03608
 -3.85965   0.01998  -0.97169   0.01998  -0.97169  -0.20834  -1.04653  -0.20834  -1.04653
 -3.80952   0.02131  -0.97062   0.02131  -0.97062  -0.19903  -1.05650  -0.19903  -1.05650
 -3.75940   0.02271  -0.96948   0.02271  -0.96948  -0.18717  -1.06588  -0.18717  -1.06588
 -3.70927   0.02455  -0.96825   0.02455  -0.96825  -0.17315  -1.07456  -0.17315  -1.07456
 -3.65915   0.02712  -0.96689   0.02712  -0.96689  -0.15762  -1.08246  -0.15762  -1.08246
 -3.60902   0.03039  -0.96537   0.03039  -0.96537  -0.14154  -1.08956  -0.14154  -1.08956
 -3.55890   0.03404  -0.96366   0.03404  -0.96366  -0.12627  -1.09589  -0.12627  -1.09589
 -3.50877   0.03736  -0.96179   0.03736  -0.96179  -0.11328  -1.10157  -0.11328  -1.10157
 -3.45865   0.03939  -0.95982   0.03939  -0.95982  -0.10375  -1.10677  -0.10375  -1.10677
 -3.40852   0.03903  -0.95786   0.03903  -0.95786  -0.09813  -1.11169  -0.09813  -1.11169
 -3.35840   0.03540  -0.95609   0.03540  -0.95609  -0.09588  -1.11649  -0.09588  -1.11649
 -3.30827   0.02816  -0.95467   0.02816  -0.95467  -0.09567  -1.12129  -0.09567  -1.12129
 -3.25815   0.01775  -0.95378   0.01775  -0.95378  -0.09587  -1.12609  -0.09587  -1.12609
 -3.20802   0.00541  -0.95351   0.00541  -0.95351  -0.09533  -1.13087  -0.09533  -1.13087
 -3.15789  -0.00720  -0.95387  -0.00720  -0.95387  -0.09397  -1.13558  -0.09397  -1.13558
 -3.10777  -0.01840  -0.95480  -0.01840  -0.95480  -0.09310  -1.14025  -0.09310  -1.14025
 -3.05764  -0.02681  -0.95614  -0.02681  -0.95614  -0.09513  -1.14502  -0.09513  -1.14502
 -3.00752  -0.03150  -0.95772  -0.03150  -0.95772  -0.10274  -1.15017  -0.10274  -1.15017
 -2.95739  -0.03193  -0.95932  -0.03193  -0.95932  -0.11774  -1.15607  -0.11774  -1.15607
 -2.90727  -0.02795  -0.96072  -0.02795  -0.96072  -0.13988  -1.16308  -0.13988  -1.16308
 -2.85714  -0.01986  -0.96172  -0.01986  -0.96172  -0.16623  -1.17141  -0.16623  -1.17141
 -2.80702  -0.00850  -0.96214  -0.00850  -0.96214  -0.19152  -1.18101  -0.19152  -1.18101
 -2.75689   0.00487  -0.96190   0.00487  -0.96190  -0.20949  -1.19151  -0.20949  -1.19151
 -2.70677   0.01877  -0.96096   0.01877  -0.96096  -0.21499  -1.20229  -0.21499  -1.20229
 -2.65664   0.03190  -0.95936   0.03190  -0.95936  -0.20580  -1.21260  -0.20580  -1.21260
 -2.60652   0.04338  -0.95718   0.04338  -0.95718  -0.18327  -1.22179  -0.18327  -1.22179
 -2.55639   0.05279  -0.95454   0.05279  -0.95454  -0.15163  -1.22939  -0.15163  -1.22939
 -2.50627   0.06026  -0.95152   0.06026  -0.95152  -0.11629  -1.23522  -0.11629  -1.23522
 -2.45614   0.06635  -0.94819   0.06635  -0.94819  -0.08216  -1.23934  -0.08216  -1.23934
 -2.40602   0.07183  -0.94459   0.07183  -0.94459  -0.05257  -1.24197  -0.05257  -1.24197
 -2.35589   0.07738  -0.94071   0.07738  -0.94071  -0.02890  -1.24342  -0.02890  -1.24342
 -2.30576   0.08328  -0.93654   0.08328  -0.93654  -0.01090  -1.24397  -0.01090  -1.24397
 -2.25564   0.08926  -0.93206   0.08926  -0.93206   0.00280  -1.24383   0.00280  -1.24383
 -2.20551   0.09466  -0.92732   0.09466  -0.92732   0.01395  -1.24313   0.01395  -1.24313
 -2.15539   0.09870  -0.92237   0.09870  -0.92237   0.02401  -1.24193   0.02401  -1.24193
 -2.10526   0.10087  -0.91732   0.10087  -0.91732   0.03377  -1.24023   0.03377  -1.24023
 -2.05514   0.10111  -0.91225   0.10111  -0.91225   0.04335  -1.23806   0.04335  -1.23806
 -2.00501   0.09982  -0.90724   0.09982  -0.90724   0.05251  -1.23543   0.05251  -1.23543
 -1.95489   0.09775  -0.90234   0.09775  -0.90234   0.06103  -1.23237   0.06103  -1.23237
 -1.90476   0.09571  -0.89755   0.09571  -0.89755   0.06881  -1.22892   0.06881  -1.22892
 -1.85464   0.09428  -0.89282   0.09428  -0.89282   0.07566  -1.22513   0.07566  -1.22513
 -1.80451   0.09360  -0.88813   0.09360  -0.88813   0.08109  -1.22106   0.08109  -1.22106
 -1.75439   0.09336  -0.88345   0.09336  -0.88345   0.08429  -1.21684   0.08429  -1.21684
 -1.70426   0.09289  -0.87879   0.09289  -0.87879   0.08439  -1.21261   0.08439  -1.21261
 -1.65414   0.09156  -0.87420   0.09156  -0.87420   0.08092  -1.20855   0.08092  -1.20855
 -1.60401   0.08901  -0.86974   0.08901  -0.86974   0.07416  -1.20484   0.07416  -1.20484
 -1.55388   0.08537  -0.86546   0.08537  -0.86546   0.06525  -1.20157   0.06525  -1.20157
 -1.50376   0.08123  -0.86139   0.08123  -0.86139   0.05594  -1.19876   0.05594  -1.19876
 -1.45363   0.07735  -0.85751   0.07735  -0.85751   0.04820  -1.19635   0.04820  -1.19635
 -1.40351   0.07447  -0.85378   0.07447  -0.85378   0.04364  -1.19416   0.04364  -1.19416
 -1.35338   0.07304  -0.85012   0.07304  -0.85012   0.04314  -1.19200   0.04314  -1.19200
 -1.30326   0.07317  -0.84645   0.07317  -0.84645   0.04657  -1.18966   0.04657  -1.18966
 -1.25313   0.07474  -0.84271   0.07474  -0.84271   0.05295  -1.18701   0.05295  -1.18701
 -1.20301   0.07746  -0.83882   0.07746  -0.83882   0.06083  -1.18396   0.06083  -1.18396
 -1.15288   0.08106  -0.83476   0.08106  -0.83476   0.06870  -1.18051   0.06870  -1.18051
 -1.10276   0.08530  -0.83048   0.08530  -0.83048   0.07542  -1.17673   0.07542  -1.17673
 -1.05263   0.09009  -0.82597   0.09009  -0.82597   0.08032  -1.17271   0.08032  -1.17271
 -1.00251   0.09539  -0.82119   0.09539  -0.82119   0.08317  -1.16854   0.08317  -1.16854
 -0.95238   0.10124  -0.81611   0.10124  -0.81611   0.08398  -1.16433   0.08398  -1.16433
 -0.90226   0.10771  -0.81071   0.10771  -0.81071   0.08288  -1.16017   0.08288  -1.16017
 -0.85213   0.11496  -0.80495   0.11496  -0.80495   0.07995  -1.15617   0.07995  -1.15617
 -0.80201   0.12315  -0.79878   0.12315  -0.79878   0.07517  -1.15240   0.07517  -1.15240
 -0.75188   0.13239  -0.79214   0.13239  -0.79214   0.06861  -1.14896   0.06861  -1.14896
 -0.70175   0.14257  -0.78499   0.14257  -0.78499   0.06050  -1.14593   0.06050  -1.14593
 -0.65163   0.15338  -0.77731   0.15338  -0.77731   0.05137  -1.14335   0.05137  -1.14335
 -0.60150   0.16465  -0.76905   0.16465  -0.76905   0.04196  -1.14125   0.04196  -1.14125
 -0.55138   0.17688  -0.76019   0.17688  -0.76019   0.03301  -1.13959   0.03301  -1.13959
 -0.50125   0.19182  -0.75057   0.19182  -0.75057   0.02504  -1.13834   0.02504  -1.13834
 -0.45113   0.21235  -0.73993   0.21235  -0.73993   0.01831  -1.13742   0.01831  -1.13742
 -0.40100   0.24134  -0.72783   0.24134  -0.72783   0.01283  -1.13678   0.01283  -1.13678
 -0.35088   0.27958  -0.71382   0.27958  -0.71382   0.00855  -1.13635   0.00855  -1.13635
 -0.30075   0.32365  -0.69759   0.32365  -0.69759   0.00536  -1.13608   0.00536  -1.13608
 -0.25063   0.36526  -0.67928   0.36526  -0.67928   0.00313  -1.13592   0.00313  -1.13592
 -0.20050   0.39315  -0.65958   0.39315  -0.65958   0.00168  -1.13584   0.00168  -1.13584
 -0.15038   0.39720  -0.63967   0.39720  -0.63967   0.00083  -1.13580   0.00083  -1.13580
 -0.10025   0.37289  -0.62098   0.37289  -0.62098   0.00037  -1.13578   0.00037  -1.13578
 -0.05013   0.32340  -0.60477   0.32340  -0.60477   0.00015  -1.13577   0.00015  -1.13577
  0.00000   0.25837  -0.59182   0.25837  -0.59182   0.00006  -1.13577   0.00006  -1.13577
  0.05013   0.18991  -0.58230   0.18991  -0.58230   0.00002  -1.13577   0.00002  -1.13577
  0.10025   0.12839  -0.57586   0.12839  -0.57586   0.00001  -1.13577   0.00001  -1.13577
  0.15038   0.07982  -0.57186   0.07982  -0.57186   0.00000  -1.13577   0.00000  -1.13577
  0.20050   0.04563  -0.56957   0.04563  -0.56957   0.00000  -1.13577   0.00000  -1.13577
  0.25063   0.02398  -0.56837   0.02398  -0.56837   0.00000  -1.13577   0.00000  -1.13577
  0.30075   0.01162  -0.56779   0.01162  -0.56779   0.00000  -1.13577   0.00000  -1.13577
  0.35088   0.00528  -0.56752   0.00528  -0.56752   0.00000  -1.13577   0.00000  -1.13577
  0.40100   0.00248  -0.56740   0.00248  -0.56740  -0.00000  -1.13577  -0.00000  -1.13577
  0.45113   0.00163  -0.56732   0.00163  -0.56732  -0.00000  -1.13577  -0.00000  -1.13577
  0.50125   0.00180  -0.56723   0.00180  -0.56723  -0.00000  -1.13577  -0.00000  -1.13577
  0.55138   0.00251  -0.56710   0.00251  -0.56710  -0.00000  -1.13577  -0.00000  -1.13577
  0.60150   0.00342  -0.56693   0.00342  -0.56693  -0.00000  -1.13577  -0.00000  -1.13577
  0.65163   0.00422  -0.56672   0.00422  -0.56672  -0.00000  -1.13577  -0.00000  -1.13577
  0.70175   0.00465  -0.56648   0.00465  -0.56648  -0.00001  -1.13577  -0.00001  -1.13577
  0.75188   0.00460  -0.56625   0.00460  -0.56625  -0.00004  -1.13577  -0.00004  -1.13577
  0.80201   0.00411  -0.56605   0.00411  -0.56605  -0.00013  -1.13578  -0.00013  -1.13578
  0.85213   0.00341  -0.56588   0.00341  -0.56588  -0.00031  -1.13579  -0.00031  -1.13579
  0.90226   0.00276  -0.56574   0.00276  -0.56574  -0.00066  -1.13583  -0.00066  -1.13583
  0.95238   0.00236  -0.56562   0.00236  -0.56562  -0.00112  -1.13588  -0.00112  -1.13588
  1.00251   0.00233  -0.56550   0.00233  -0.56550  -0.00135  -1.13595  -0.00135  -1.13595
  1.05263   0.00271  -0.56537   0.00271  -0.56537  -0.00029  -1.13596  -0.00029  -1.13596
  1.10276   0.00350  -0.56519   0.00350  -0.56519   0.00422  -1.13575   0.00422  -1.13575
  1.15288   0.00471  -0.56496   0.00471  -0.56496   0.01558  -1.13497   0.01558  -1.13497
  1.20301   0.00626  -0.56464   0.00626  -0.56464   0.03778  -1.13308   0.03778  -1.13308
  1.25313   0.00796  -0.56424   0.00796  -0.56424   0.07366  -1.12939   0.07366  -1.12939
  1.30326   0.00954  -0.56376   0.00954  -0.56376   0.12258  -1.12324   0.12258  -1.12324
  1.35338   0.01068  -0.56323   0.01068  -0.56323   0.17870  -1.11428   0.17870  -1.11428
  1.40351   0.01112  -0.56267   0.01112  -0.56267   0.23222  -1.10264   0.23222  -1.10264
  1.45363   0.01075  -0.56213   0.01075  -0.56213   0.27432  -1.08889   0.27432  -1.08889
  1.50376   0.00964  -0.56165   0.00964  -0.56165   0.30435  -1.07364   0.30435  -1.07364
  1.55388   0.00805  -0.56125   0.00805  -0.56125   0.33449  -1.05687   0.33449  -1.05687
  1.60401   0.00634  -0.56093   0.00634  -0.56093   0.38684  -1.03748   0.38684  -1.03748
  1.65414   0.00481  -0.56069   0.00481  -0.56069   0.48176  -1.01333   0.48176  -1.01333
  1.70426   0.00367  -0.56050   0.00367  -0.56050   0.62244  -0.98213   0.62244  -0.98213
  1.75439   0.00296  -0.56035   0.00296  -0.56035   0.78530  -0.94277   0.78530  -0.94277
  1.80451   0.00260  -0.56022   0.00260  -0.56022   0.92483  -0.89641   0.92483  -0.89641
  1.85464   0.00249  -0.56010   0.00249  -0.56010   0.99269  -0.84665   0.99269  -0.84665
  1.90476   0.00251  -0.55997   0.00251  -0.55997   0.96111  -0.79848   0.96111  -0.79848
  1.95489   0.00261  -0.55984   0.00261  -0.55984   0.83613  -0.75657   0.83613  -0.75657
  2.00501   0.00277  -0.55970   0.00277  -0.55970   0.65307  -0.72383   0.65307  -0.72383
  2.05514   0.00299  -0.55955   0.00299  -0.55955   0.45838  -0.70085   0.45838  -0.70085
  2.10526   0.00325  -0.55939   0.00325  -0.55939   0.29007  -0.68631   0.29007  -0.68631
  2.15539   0.00353  -0.55921   0.00353  -0.55921   0.16706  -0.67794   0.16706  -0.67794
  2.20551   0.00375  -0.55903   0.00375  -0.55903   0.09005  -0.67343   0.09005  -0.67343
  2.25564   0.00384  -0.55883   0.00384  -0.55883   0.04925  -0.67096   0.04925  -0.67096
  2.30576   0.00376  -0.55865   0.00376  -0.55865   0.03294  -0.66931   0.03294  -0.66931
  2.35589   0.00350  -0.55847   0.00350  -0.55847   0.03274  -0.66767   0.03274  -0.66767
  2.40602   0.00309  -0.55832   0.00309  -0.55832   0.04483  -0.66542   0.04483  -0.66542
  2.45614   0.00259  -0.55819   0.00259  -0.55819   0.06809  -0.66201   0.06809  -0.66201
  2.50627   0.00204  -0.55808   0.00204  -0.55808   0.10099  -0.65694   0.10099  -0.65694
  2.55639   0.00151  -0.55801   0.00151  -0.55801   0.13896  -0.64998   0.13896  -0.64998
  2.60652   0.00103  -0.55796   0.00103  -0.55796   0.17385  -0.64126   0.17385  -0.64126
  2.65664   0.00065  -0.55792   0.00065  -0.55792   0.19619  -0.63143   0.19619  -0.63143
  2.70677   0.00037  -0.55791   0.00037  -0.55791   0.19914  -0.62145   0.19914  -0.62145
  2.75689   0.00019  -0.55790   0.00019  -0.55790   0.18171  -0.61234   0.18171  -0.61234
  2.80702   0.00009  -0.55789   0.00009  -0.55789   0.14926  -0.60486   0.14926  -0.60486
  2.85714   0.00004  -0.55789   0.00004  -0.55789   0.11075  -0.59931   0.11075  -0.59931
  2.90727   0.00001  -0.55789   0.00001  -0.55789   0.07473  -0.59556   0.07473  -0.59556
  2.95739   0.00000  -0.55789   0.00000  -0.55789   0.04646  -0.59323   0.04646  -0.59323
  3.00752   0.00000  -0.55789   0.00000  -0.55789   0.02725  -0.59187   0.02725  -0.59187
  3.05764   0.00000  -0.55789   0.00000  -0.55789   0.01571  -0.59108   0.01571  -0.59108
  3.10777   0.00000  -0.55789   0.00000  -0.55789   0.00947  -0.59060   0.00947  -0.59060
  3.15789   0.00000  -0.55789   0.00000  -0.55789   0.00640  -0.59028   0.00640  -0.59028
  3.20802   0.00000  -0.55789   0.00000  -0.55789   0.00508  -0.59003   0.00508  -0.59003
  3.25815   0.00000  -0.55789   0.00000  -0.55789   0.00468  -0.58979   0.00468  -0.58979
  3.30827   0.00000  -0.55789   0.00000  -0.55789   0.00480  -0.58955   0.00480  -0.58955
  3.35840   0.00000  -0.55789   0.00000  -0.55789   0.00528  -0.58929   0.00528  -0.58929
  3.40852   0.00000  -0.55789   0.00000  -0.55789   0.00612  -0.58898   0.00612  -0.58898
  3.45865   0.00000  -0.55789   0.00000  -0.55789   0.00746  -0.58861   0.00746  -0.58861
  3.50877   0.00000  -0.55789   0.00000  -0.55789   0.00952  -0.58813   0.00952  -0.58813
  3.55890   0.00000  -0.55789   0.00000  -0.55789   0.01255  -0.58750   0.01255  -0.58750
  3.60902   0.00000  -0.55789   0.00000  -0.55789   0.01669  -0.58666   0.01669  -0.58666
  3.65915   0.00000  -0.55789   0.00000  -0.55789   0.02177  -0.58557   0.02177  -0.58557
  3.70927   0.00000  -0.55789   0.00000  -0.55789   0.02721  -0.58421   0.02721  -0.58421
  3.75940   0.00000  -0.55789   0.00000  -0.55789   0.03213  -0.58260   0.03213  -0.58260
  3.80952   0.00000  -0.55789   0.00000  -0.55789   0.03558  -0.58082   0.03558  -0.58082
  3.85965   0.00000  -0.55789   0.00000  -0.55789   0.03695  -0.57896   0.03695  -0.57896
  3.90977   0.00000  -0.55789   0.00000  -0.55789   0.03621  -0.57715   0.03621  -0.57715
  3.95990   0.00000  -0.55789   0.00000  -0.55789   0.03392  -0.57545   0.03392  -0.57545
  4.01003   0.00000  -0.55789   0.00000  -0.55789   0.03092  -0.57390   0.03092  -0.57390
  4.06015   0.00000  -0.55789   0.00000  -0.55789   0.02792  -0.57250   0.02792  -0.57250
  4.11028   0.00000  -0.55789   0.00000  -0.55789   0.02523  -0.57123   0.02523  -0.57123
  4.16040   0.00000  -0.55789   0.00000  -0.55789   0.02271  -0.57010   0.02271  -0.57010
  4.21053   0.00000  -0.55789   0.00000  -0.55789   0.02007  -0.56909   0.02007  -0.56909
  4.26065   0.00000  -0.55789   0.00000  -0.55789   0.01716  -0.56823   0.01716  -0.56823
  4.31078   0.00000  -0.55789   0.00000  -0.55789   0.01413  -0.56752   0.01413  -0.56752
  4.36090   0.00000  -0.55789   0.00000  -0.55789   0.01133  -0.56695   0.01133  -0.56695
  4.41103   0.00000  -0.55789   0.00000  -0.55789   0.00907  -0.56650   0.00907  -0.56650
  4.46115   0.00000  -0.55789   0.00000  -0.55789   0.00745  -0.56612   0.00745  -0.56612
  4.51128   0.00000  -0.55789   0.00000  -0.55789   0.00636  -0.56581   0.00636  -0.56581
  4.56140   0.00000  -0.55789   0.00000  -0.55789   0.00555  -0.56553   0.00555  -0.56553
  4.61153   0.00000  -0.55789   0.00000  -0.55789   0.00481  -0.56529   0.00481  -0.56529
  4.66165   0.00000  -0.55789   0.00000  -0.55789   0.00401  -0.56509   0.00401  -0.56509
  4.71178   0.00000  -0.55789   0.00000  -0.55789   0.00314  -0.56493   0.00314  -0.56493
  4.76190   0.00000  -0.55789   0.00000  -0.55789   0.00228  -0.56481   0.00228  -0.56481
  4.81203   0.00000  -0.55789   0.00000  -0.55789   0.00151  -0.56474   0.00151  -0.56474
  4.86216   0.00000  -0.55789   0.00000  -0.55789   0.00091  -0.56469   0.00091  -0.56469
  4.91228   0.00000  -0.55789   0.00000  -0.55789   0.00050  -0.56467   0.00050  -0.56467
  4.96241   0.00000  -0.55789   0.00000  -0.55789   0.00025  -0.56465   0.00025  -0.56465
  5.01253   0.00000  -0.55789   0.00000  -0.55789   0.00011  -0.56465   0.00011  -0.56465
  5.06266   0.00000  -0.55789   0.00000  -0.55789   0.00004  -0.56465   0.00004  -0.56465
  5.11278   0.00000  -0.55789   0.00000  -0.55789   0.00002  -0.56465   0.00002  -0.56465
  5.16291   0.00000  -0.55789   0.00000  -0.55789   0.00000  -0.56465   0.00000  -0.56465
  5.21303   0.00000  -0.55789   0.00000  -0.55789   0.00000  -0.56465   0.00000  -0.56465
  5.26316   0.00000  -0.55789   0.00000  -0.55789   0.00000  -0.56465   0.00000  -0.56465
  5.31328   0.00000  -0.55789   0.00000  -0.55789   0.00000  -0.56465   0.00000  -0.56465
  5.36341   0.00000  -0.55789   0.00000  -0.55789   0.00000  -0.56465   0.00000  -0.56465
  5.41353   0.00000  -0.55789   0.00000  -0.55789   0.00000  -0.56465   0.00000  -0.56465
  5.46366   0.00000  -0.55789   0.00000  -0.55789   0.00000  -0.56465   0.00000  -0.56465
  5.51378   0.00000  -0.55789   0.00000  -0.55789   0.00000  -0.56465   0.00000  -0.56465
  5.56391   0.00000  -0.55789   0.00000  -0.55789   0.00000  -0.56465   0.00000  -0.56465
  5.61404   0.00000  -0.55789   0.00000  -0.55789   0.00000  -0.56465   0.00000  -0.56465
  5.66416   0.00000  -0.55789   0.00000  -0.55789   0.00000  -0.56465   0.00000  -0.56465
  5.71429   0.00000  -0.55789   0.00000  -0.55789   0.00000  -0.56465   0.00000  -0.56465
  5.76441   0.00000  -0.55789   0.00000  -0.55789   0.00000  -0.56465   0.00000  -0.56465
  5.81454   0.00000  -0.55789   0.00000  -0.55789   0.00000  -0.56465   0.00000  -0.56465
  5.86466   0.00001  -0.55789   0.00001  -0.55789   0.00000  -0.56465   0.00000  -0.56465
  5.91479   0.00002  -0.55789   0.00002  -0.55789   0.00000  -0.56465   0.00000  -0.56465
  5.96491   0.00005  -0.55788   0.00005  -0.55788   0.00000  -0.56465   0.00000  -0.56465
  6.01504   0.00013  -0.55788   0.00013  -0.55788   0.00000  -0.56465   0.00000  -0.56465
  6.06516   0.00032  -0.55786   0.00032  -0.55786   0.00001  -0.56465   0.00001  -0.56465
  6.11529   0.00068  -0.55783   0.00068  -0.55783   0.00003  -0.56464   0.00003  -0.56464
  6.16541   0.00131  -0.55776   0.00131  -0.55776   0.00008  -0.56464   0.00008  -0.56464
  6.21554   0.00235  -0.55764   0.00235  -0.55764   0.00020  -0.56463   0.00020  -0.56463
  6.26566   0.00387  -0.55745   0.00387  -0.55745   0.00044  -0.56461   0.00044  -0.56461
  6.31579   0.00594  -0.55715   0.00594  -0.55715   0.00089  -0.56456   0.00089  -0.56456
  6.36591   0.00848  -0.55673   0.00848  -0.55673   0.00164  -0.56448   0.00164  -0.56448
  6.41604   0.01130  -0.55616   0.01130  -0.55616   0.00278  -0.56434   0.00278  -0.56434
  6.46617   0.01407  -0.55546   0.01407  -0.55546   0.00437  -0.56412   0.00437  -0.56412
  6.51629   0.01638  -0.55463   0.01638  -0.55463   0.00640  -0.56380   0.00640  -0.56380
  6.56642   0.01792  -0.55374   0.01792  -0.55374   0.00874  -0.56336   0.00874  -0.56336
  6.61654   0.01861  -0.55280   0.01861  -0.55280   0.01115  -0.56281   0.01115  -0.56281
  6.66667   0.01868  -0.55187   0.01868  -0.55187   0.01330  -0.56214   0.01330  -0.56214
  6.71679   0.01869  -0.55093   0.01869  -0.55093   0.01487  -0.56139   0.01487  -0.56139
  6.76692   0.01937  -0.54996   0.01937  -0.54996   0.01569  -0.56061   0.01569  -0.56061
  6.81704   0.02129  -0.54889   0.02129  -0.54889   0.01583  -0.55981   0.01583  -0.55981
  6.86717   0.02469  -0.54765   0.02469  -0.54765   0.01565  -0.55903   0.01565  -0.55903
  6.91729   0.02933  -0.54618   0.02933  -0.54618   0.01573  -0.55824   0.01573  -0.55824
  6.96742   0.03463  -0.54445   0.03463  -0.54445   0.01667  -0.55741   0.01667  -0.55741
  7.01754   0.03996  -0.54245   0.03996  -0.54245   0.01880  -0.55646   0.01880  -0.55646
  7.06767   0.04486  -0.54020   0.04486  -0.54020   0.02212  -0.55535   0.02212  -0.55535
  7.11779   0.04909  -0.53774   0.04909  -0.53774   0.02624  -0.55404   0.02624  -0.55404
  7.16792   0.05265  -0.53510   0.05265  -0.53510   0.03065  -0.55250   0.03065  -0.55250
  7.21805   0.05571  -0.53231   0.05571  -0.53231   0.03493  -0.55075   0.03493  -0.55075
  7.26817   0.05854  -0.52937   0.05854  -0.52937   0.03887  -0.54880   0.03887  -0.54880
  7.31830   0.06146  -0.52629   0.06146  -0.52629   0.04251  -0.54667   0.04251  -0.54667
  7.36842   0.06474  -0.52304   0.06474  -0.52304   0.04595  -0.54437   0.04595  -0.54437
  7.41855   0.06844  -0.51961   0.06844  -0.51961   0.04932  -0.54190   0.04932  -0.54190
  7.46867   0.07232  -0.51599   0.07232  -0.51599   0.05267  -0.53926   0.05267  -0.53926
  7.51880   0.07583  -0.51219   0.07583  -0.51219   0.05600  -0.53645   0.05600  -0.53645
  7.56892   0.07823  -0.50827   0.07823  -0.50827   0.05927  -0.53348   0.05927  -0.53348
  7.61905   0.07892  -0.50431   0.07892  -0.50431   0.06251  -0.53035   0.06251  -0.53035
  7.66917   0.07785  -0.50041   0.07785  -0.50041   0.06564  -0.52706   0.06564  -0.52706
  7.71930   0.07565  -0.49662   0.07565  -0.49662   0.06844  -0.52363   0.06844  -0.52363
  7.76942   0.07347  -0.49293   0.07347  -0.49293   0.07045  -0.52009   0.07045  -0.52009
  7.81955   0.07248  -0.48930   0.07248  -0.48930   0.07114  -0.51653   0.07114  -0.51653
  7.86967   0.07313  -0.48564   0.07313  -0.48564   0.07026  -0.51301   0.07026  -0.51301
  7.91980   0.07481  -0.48189   0.07481  -0.48189   0.06814  -0.50959   0.06814  -0.50959
  7.96992   0.07614  -0.47807   0.07614  -0.47807   0.06571  -0.50630   0.06571  -0.50630
  8.02005   0.07574  -0.47427   0.07574  -0.47427   0.06411  -0.50308   0.06411  -0.50308
  8.07018   0.07305  -0.47061   0.07305  -0.47061   0.06409  -0.49987   0.06409  -0.49987
  8.12030   0.06854  -0.46718   0.06854  -0.46718   0.06554  -0.49659   0.06554  -0.49659
  8.17043   0.06342  -0.46400   0.06342  -0.46400   0.06758  -0.49320   0.06758  -0.49320
  8.22055   0.05903  -0.46104   0.05903  -0.46104   0.06910  -0.48973   0.06910  -0.48973
  8.27068   0.05639  -0.45821   0.05639  -0.45821   0.06933  -0.48626   0.06933  -0.48626
  8.32080   0.05610  -0.45540   0.05610  -0.45540   0.06823  -0.48284   0.06823  -0.48284
  8.37093   0.05841  -0.45247   0.05841  -0.45247   0.06642  -0.47951   0.06642  -0.47951
  8.42105   0.06331  -0.44930   0.06331  -0.44930   0.06489  -0.47626   0.06489  -0.47626
  8.47118   0.07055  -0.44576   0.07055  -0.44576   0.06462  -0.47302   0.06462  -0.47302
  8.52130   0.07958  -0.44177   0.07958  -0.44177   0.06624  -0.46970   0.06624  -0.46970
  8.57143   0.08957  -0.43728   0.08957  -0.43728   0.06986  -0.46620   0.06986  -0.46620
  8.62155   0.09963  -0.43229   0.09963  -0.43229   0.07514  -0.46243   0.07514  -0.46243
  8.67168   0.10906  -0.42682   0.10906  -0.42682   0.08144  -0.45835   0.08144  -0.45835
  8.72180   0.11755  -0.42093   0.11755  -0.42093   0.08811  -0.45393   0.08811  -0.45393
  8.77193   0.12503  -0.41466   0.12503  -0.41466   0.09474  -0.44918   0.09474  -0.44918
  8.82206   0.13137  -0.40808   0.13137  -0.40808   0.10135  -0.44410   0.10135  -0.44410
  8.87218   0.13617  -0.40125   0.13617  -0.40125   0.10823  -0.43868   0.10823  -0.43868
  8.92231   0.13881  -0.39429   0.13881  -0.39429   0.11561  -0.43288   0.11561  -0.43288
  8.97243   0.13884  -0.38733   0.13884  -0.38733   0.12322  -0.42671   0.12322  -0.42671
  9.02256   0.13635  -0.38050   0.13635  -0.38050   0.13019  -0.42018   0.13019  -0.42018
  9.07268   0.13208  -0.37388   0.13208  -0.37388   0.13527  -0.41340   0.13527  -0.41340
  9.12281   0.12713  -0.36751   0.12713  -0.36751   0.13740  -0.40651   0.13740  -0.40651
  9.17293   0.12251  -0.36137   0.12251  -0.36137   0.13621  -0.39969   0.13621  -0.39969
  9.22306   0.11871  -0.35541   0.11871  -0.35541   0.13222  -0.39306   0.13222  -0.39306
  9.27318   0.11555  -0.34962   0.11555  -0.34962   0.12661  -0.38671   0.12661  -0.38671
  9.32331   0.11244  -0.34399   0.11244  -0.34399   0.12069  -0.38066   0.12069  -0.38066
  9.37343   0.10872  -0.33854   0.10872  -0.33854   0.11543  -0.37488   0.11543  -0.37488
  9.42356   0.10408  -0.33332   0.10408  -0.33332   0.11106  -0.36931   0.11106  -0.36931
  9.47368   0.09879  -0.32837   0.09879  -0.32837   0.10714  -0.36394   0.10714  -0.36394
  9.52381   0.09356  -0.32368   0.09356  -0.32368   0.10299  -0.35878   0.10299  -0.35878
  9.57393   0.08927  -0.31920   0.08927  -0.31920   0.09818  -0.35385   0.09818  -0.35385
  9.62406   0.08665  -0.31486   0.08665  -0.31486   0.09289  -0.34920   0.09289  -0.34920
  9.67419   0.08618  -0.31054   0.08618  -0.31054   0.08781  -0.34480   0.08781  -0.34480
  9.72431   0.08812  -0.30612   0.08812  -0.30612   0.08377  -0.34060   0.08377  -0.34060
  9.77444   0.09250  -0.30149   0.09250  -0.30149   0.08146  -0.33651   0.08146  -0.33651
  9.82456   0.09897  -0.29653   0.09897  -0.29653   0.08127  -0.33244   0.08127  -0.33244
  9.87469   0.10670  -0.29118   0.10670  -0.29118   0.08345  -0.32826   0.08345  -0.32826
  9.92481   0.11444  -0.28544   0.11444  -0.28544   0.08808  -0.32384   0.08808  -0.32384
  9.97494   0.12084  -0.27938   0.12084  -0.27938   0.09500  -0.31908   0.09500  -0.31908
 10.02506   0.12491  -0.27312   0.12491  -0.27312   0.10358  -0.31389   0.10358  -0.31389