ESCALE ; pCOHP file generated by LOBSTER. Energy is shifted such that the Fermi level lies at 0 eV.
         2          2        401  -6.04511e+00   1.40050e+01   3.97995e+00 
Average
No.1:Ni55->O103(2.033823641994152)
-10.02506   0.00000  -0.38267   0.00000  -0.38267   0.00000  -0.36702   0.00000  -0.36702
 -9.97494   0.00000  -0.38267   0.00000  -0.38267   0.00000  -0.36702   0.00000  -0.36702
 -9.92481   0.00000  -0.38267   0.00000  -0.38267   0.00000  -0.36702   0.00000  -0.36702
 -9.87469   0.00000  -0.38267   0.00000  -0.38267   0.00000  -0.36702   0.00000  -0.36702
 -9.82456   0.00000  -0.38267   0.00000  -0.38267   0.00000  -0.36702   0.00000  -0.36702
 -9.77444   0.00000  -0.38267   0.00000  -0.38267   0.00000  -0.36702   0.00000  -0.36702
 -9.72431   0.00000  -0.38267   0.00000  -0.38267   0.00000  -0.36702   0.00000  -0.36702
 -9.67419   0.00000  -0.38267   0.00000  -0.38267   0.00000  -0.36702   0.00000  -0.36702
 -9.62406   0.00000  -0.38267   0.00000  -0.38267   0.00000  -0.36702   0.00000  -0.36702
 -9.57393   0.00000  -0.38267   0.00000  -0.38267   0.00000  -0.36702   0.00000  -0.36702
 -9.52381   0.00000  -0.38267   0.00000  -0.38267   0.00000  -0.36702   0.00000  -0.36702
 -9.47368   0.00000  -0.38267   0.00000  -0.38267   0.00000  -0.36702   0.00000  -0.36702
 -9.42356   0.00000  -0.38267   0.00000  -0.38267   0.00000  -0.36702   0.00000  -0.36702
 -9.37343   0.00000  -0.38267   0.00000  -0.38267   0.00000  -0.36702   0.00000  -0.36702
 -9.32331   0.00000  -0.38267   0.00000  -0.38267   0.00000  -0.36702   0.00000  -0.36702
 -9.27318   0.00000  -0.38267   0.00000  -0.38267   0.00000  -0.36702   0.00000  -0.36702
 -9.22306   0.00000  -0.38267   0.00000  -0.38267   0.00000  -0.36702   0.00000  -0.36702
 -9.17293   0.00000  -0.38267   0.00000  -0.38267   0.00000  -0.36702   0.00000  -0.36702
 -9.12281   0.00000  -0.38267   0.00000  -0.38267   0.00000  -0.36702   0.00000  -0.36702
 -9.07268   0.00000  -0.38267   0.00000  -0.38267   0.00000  -0.36702   0.00000  -0.36702
 -9.02256   0.00000  -0.38267   0.00000  -0.38267   0.00000  -0.36702   0.00000  -0.36702
 -8.97243   0.00000  -0.38267   0.00000  -0.38267   0.00000  -0.36702   0.00000  -0.36702
 -8.92231   0.00000  -0.38267   0.00000  -0.38267   0.00000  -0.36702   0.00000  -0.36702
 -8.87218   0.00000  -0.38267   0.00000  -0.38267   0.00000  -0.36702   0.00000  -0.36702
 -8.82206  -0.00000  -0.38267  -0.00000  -0.38267   0.00000  -0.36702   0.00000  -0.36702
 -8.77193  -0.00000  -0.38267  -0.00000  -0.38267   0.00000  -0.36702   0.00000  -0.36702
 -8.72180  -0.00000  -0.38267  -0.00000  -0.38267   0.00000  -0.36702   0.00000  -0.36702
 -8.67168  -0.00000  -0.38267  -0.00000  -0.38267   0.00000  -0.36702   0.00000  -0.36702
 -8.62155  -0.00000  -0.38267  -0.00000  -0.38267   0.00000  -0.36702   0.00000  -0.36702
 -8.57143  -0.00000  -0.38267  -0.00000  -0.38267   0.00000  -0.36702   0.00000  -0.36702
 -8.52130  -0.00000  -0.38267  -0.00000  -0.38267   0.00000  -0.36702   0.00000  -0.36702
 -8.47118  -0.00000  -0.38267  -0.00000  -0.38267   0.00000  -0.36702   0.00000  -0.36702
 -8.42105  -0.00000  -0.38267  -0.00000  -0.38267   0.00000  -0.36702   0.00000  -0.36702
 -8.37093  -0.00000  -0.38267  -0.00000  -0.38267   0.00000  -0.36702   0.00000  -0.36702
 -8.32080  -0.00000  -0.38267  -0.00000  -0.38267   0.00000  -0.36702   0.00000  -0.36702
 -8.27068  -0.00000  -0.38267  -0.00000  -0.38267   0.00000  -0.36702   0.00000  -0.36702
 -8.22055  -0.00000  -0.38267  -0.00000  -0.38267   0.00000  -0.36702   0.00000  -0.36702
 -8.17043  -0.00001  -0.38267  -0.00001  -0.38267   0.00000  -0.36702   0.00000  -0.36702
 -8.12030  -0.00002  -0.38267  -0.00002  -0.38267   0.00000  -0.36702   0.00000  -0.36702
 -8.07018  -0.00005  -0.38267  -0.00005  -0.38267   0.00000  -0.36702   0.00000  -0.36702
 -8.02005  -0.00012  -0.38268  -0.00012  -0.38268   0.00000  -0.36702   0.00000  -0.36702
 -7.96992  -0.00026  -0.38269  -0.00026  -0.38269   0.00000  -0.36702   0.00000  -0.36702
 -7.91980  -0.00050  -0.38272  -0.00050  -0.38272   0.00000  -0.36702   0.00000  -0.36702
 -7.86967  -0.00086  -0.38276  -0.00086  -0.38276   0.00000  -0.36702   0.00000  -0.36702
 -7.81955  -0.00131  -0.38282  -0.00131  -0.38282   0.00000  -0.36702   0.00000  -0.36702
 -7.76942  -0.00179  -0.38291  -0.00179  -0.38291   0.00000  -0.36702   0.00000  -0.36702
 -7.71930  -0.00220  -0.38302  -0.00220  -0.38302   0.00000  -0.36702   0.00000  -0.36702
 -7.66917  -0.00241  -0.38315  -0.00241  -0.38315  -0.00000  -0.36702  -0.00000  -0.36702
 -7.61905  -0.00237  -0.38326  -0.00237  -0.38326  -0.00000  -0.36702  -0.00000  -0.36702
 -7.56892  -0.00210  -0.38337  -0.00210  -0.38337  -0.00000  -0.36702  -0.00000  -0.36702
 -7.51880  -0.00169  -0.38345  -0.00169  -0.38345  -0.00000  -0.36702  -0.00000  -0.36702
 -7.46867  -0.00126  -0.38352  -0.00126  -0.38352  -0.00000  -0.36702  -0.00000  -0.36702
 -7.41855  -0.00094  -0.38356  -0.00094  -0.38356  -0.00000  -0.36702  -0.00000  -0.36702
 -7.36842  -0.00086  -0.38361  -0.00086  -0.38361  -0.00000  -0.36702  -0.00000  -0.36702
 -7.31830  -0.00112  -0.38366  -0.00112  -0.38366  -0.00000  -0.36702  -0.00000  -0.36702
 -7.26817  -0.00178  -0.38375  -0.00178  -0.38375  -0.00000  -0.36702  -0.00000  -0.36702
 -7.21805  -0.00285  -0.38390  -0.00285  -0.38390  -0.00000  -0.36702  -0.00000  -0.36702
 -7.16792  -0.00424  -0.38411  -0.00424  -0.38411  -0.00000  -0.36702  -0.00000  -0.36702
 -7.11779  -0.00585  -0.38440  -0.00585  -0.38440  -0.00000  -0.36702  -0.00000  -0.36702
 -7.06767  -0.00770  -0.38479  -0.00770  -0.38479  -0.00001  -0.36702  -0.00001  -0.36702
 -7.01754  -0.01020  -0.38530  -0.01020  -0.38530  -0.00002  -0.36703  -0.00002  -0.36703
 -6.96742  -0.01445  -0.38602  -0.01445  -0.38602  -0.00009  -0.36703  -0.00009  -0.36703
 -6.91729  -0.02222  -0.38714  -0.02222  -0.38714  -0.00032  -0.36705  -0.00032  -0.36705
 -6.86717  -0.03567  -0.38892  -0.03567  -0.38892  -0.00099  -0.36710  -0.00099  -0.36710
 -6.81704  -0.05672  -0.39177  -0.05672  -0.39177  -0.00273  -0.36723  -0.00273  -0.36723
 -6.76692  -0.08620  -0.39609  -0.08620  -0.39609  -0.00677  -0.36757  -0.00677  -0.36757
 -6.71679  -0.12317  -0.40226  -0.12317  -0.40226  -0.01501  -0.36832  -0.01501  -0.36832
 -6.66667  -0.16492  -0.41053  -0.16492  -0.41053  -0.02984  -0.36982  -0.02984  -0.36982
 -6.61654  -0.20793  -0.42095  -0.20793  -0.42095  -0.05329  -0.37249  -0.05329  -0.37249
 -6.56642  -0.24946  -0.43346  -0.24946  -0.43346  -0.08565  -0.37678  -0.08565  -0.37678
 -6.51629  -0.28866  -0.44793  -0.28866  -0.44793  -0.12422  -0.38301  -0.12422  -0.38301
 -6.46617  -0.32646  -0.46429  -0.32646  -0.46429  -0.16299  -0.39118  -0.16299  -0.39118
 -6.41604  -0.36424  -0.48255  -0.36424  -0.48255  -0.19412  -0.40091  -0.19412  -0.40091
 -6.36591  -0.40232  -0.50271  -0.40232  -0.50271  -0.21075  -0.41148  -0.21075  -0.41148
 -6.31579  -0.43913  -0.52473  -0.43913  -0.52473  -0.20971  -0.42199  -0.20971  -0.42199
 -6.26566  -0.47122  -0.54834  -0.47122  -0.54834  -0.19272  -0.43165  -0.19272  -0.43165
 -6.21554  -0.49374  -0.57309  -0.49374  -0.57309  -0.16532  -0.43993  -0.16532  -0.43993
 -6.16541  -0.50135  -0.59822  -0.50135  -0.59822  -0.13446  -0.44667  -0.13446  -0.44667
 -6.11529  -0.48979  -0.62278  -0.48979  -0.62278  -0.10600  -0.45199  -0.10600  -0.45199
 -6.06516  -0.45809  -0.64574  -0.45809  -0.64574  -0.08336  -0.45617  -0.08336  -0.45617
 -6.01504  -0.40990  -0.66628  -0.40990  -0.66628  -0.06753  -0.45955  -0.06753  -0.45955
 -5.96491  -0.35294  -0.68397  -0.35294  -0.68397  -0.05783  -0.46245  -0.05783  -0.46245
 -5.91479  -0.29632  -0.69883  -0.29632  -0.69883  -0.05298  -0.46511  -0.05298  -0.46511
 -5.86466  -0.24746  -0.71123  -0.24746  -0.71123  -0.05185  -0.46770  -0.05185  -0.46770
 -5.81454  -0.21036  -0.72178  -0.21036  -0.72178  -0.05366  -0.47039  -0.05366  -0.47039
 -5.76441  -0.18566  -0.73108  -0.18566  -0.73108  -0.05801  -0.47330  -0.05801  -0.47330
 -5.71429  -0.17195  -0.73970  -0.17195  -0.73970  -0.06450  -0.47653  -0.06450  -0.47653
 -5.66416  -0.16703  -0.74807  -0.16703  -0.74807  -0.07262  -0.48018  -0.07262  -0.48018
 -5.61404  -0.16844  -0.75652  -0.16844  -0.75652  -0.08172  -0.48427  -0.08172  -0.48427
 -5.56391  -0.17340  -0.76521  -0.17340  -0.76521  -0.09144  -0.48885  -0.09144  -0.48885
 -5.51378  -0.17876  -0.77417  -0.17876  -0.77417  -0.10212  -0.49397  -0.10212  -0.49397
 -5.46366  -0.18137  -0.78326  -0.18137  -0.78326  -0.11487  -0.49973  -0.11487  -0.49973
 -5.41353  -0.17900  -0.79223  -0.17900  -0.79223  -0.13085  -0.50629  -0.13085  -0.50629
 -5.36341  -0.17119  -0.80081  -0.17119  -0.80081  -0.15011  -0.51381  -0.15011  -0.51381
 -5.31328  -0.15952  -0.80881  -0.15952  -0.80881  -0.17066  -0.52237  -0.17066  -0.52237
 -5.26316  -0.14691  -0.81617  -0.14691  -0.81617  -0.18878  -0.53183  -0.18878  -0.53183
 -5.21303  -0.13629  -0.82300  -0.13629  -0.82300  -0.20058  -0.54189  -0.20058  -0.54189
 -5.16291  -0.12939  -0.82949  -0.12939  -0.82949  -0.20385  -0.55210  -0.20385  -0.55210
 -5.11278  -0.12618  -0.83581  -0.12618  -0.83581  -0.19907  -0.56208  -0.19907  -0.56208
 -5.06266  -0.12519  -0.84209  -0.12519  -0.84209  -0.18877  -0.57154  -0.18877  -0.57154
 -5.01253  -0.12422  -0.84832  -0.12422  -0.84832  -0.17604  -0.58037  -0.17604  -0.58037
 -4.96241  -0.12121  -0.85439  -0.12121  -0.85439  -0.16317  -0.58855  -0.16317  -0.58855
 -4.91228  -0.11490  -0.86015  -0.11490  -0.86015  -0.15120  -0.59613  -0.15120  -0.59613
 -4.86216  -0.10511  -0.86542  -0.10511  -0.86542  -0.14046  -0.60317  -0.14046  -0.60317
 -4.81203  -0.09271  -0.87007  -0.09271  -0.87007  -0.13108  -0.60974  -0.13108  -0.60974
 -4.76190  -0.07920  -0.87404  -0.07920  -0.87404  -0.12326  -0.61592  -0.12326  -0.61592
 -4.71178  -0.06613  -0.87735  -0.06613  -0.87735  -0.11702  -0.62178  -0.11702  -0.62178
 -4.66165  -0.05452  -0.88009  -0.05452  -0.88009  -0.11210  -0.62740  -0.11210  -0.62740
 -4.61153  -0.04459  -0.88232  -0.04459  -0.88232  -0.10790  -0.63281  -0.10790  -0.63281
 -4.56140  -0.03598  -0.88412  -0.03598  -0.88412  -0.10383  -0.63801  -0.10383  -0.63801
 -4.51128  -0.02826  -0.88554  -0.02826  -0.88554  -0.09957  -0.64300  -0.09957  -0.64300
 -4.46115  -0.02128  -0.88661  -0.02128  -0.88661  -0.09516  -0.64777  -0.09516  -0.64777
 -4.41103  -0.01512  -0.88736  -0.01512  -0.88736  -0.09089  -0.65233  -0.09089  -0.65233
 -4.36090  -0.00986  -0.88786  -0.00986  -0.88786  -0.08707  -0.65669  -0.08707  -0.65669
 -4.31078  -0.00531  -0.88812  -0.00531  -0.88812  -0.08381  -0.66089  -0.08381  -0.66089
 -4.26065  -0.00109  -0.88818  -0.00109  -0.88818  -0.08104  -0.66496  -0.08104  -0.66496
 -4.21053   0.00312  -0.88802   0.00312  -0.88802  -0.07872  -0.66890  -0.07872  -0.66890
 -4.16040   0.00741  -0.88765   0.00741  -0.88765  -0.07700  -0.67276  -0.07700  -0.67276
 -4.11028   0.01159  -0.88707   0.01159  -0.88707  -0.07621  -0.67658  -0.07621  -0.67658
 -4.06015   0.01536  -0.88630   0.01536  -0.88630  -0.07659  -0.68042  -0.07659  -0.68042
 -4.01003   0.01835  -0.88538   0.01835  -0.88538  -0.07797  -0.68433  -0.07797  -0.68433
 -3.95990   0.02015  -0.88437   0.02015  -0.88437  -0.07972  -0.68833  -0.07972  -0.68833
 -3.90977   0.02041  -0.88335   0.02041  -0.88335  -0.08105  -0.69239  -0.08105  -0.69239
 -3.85965   0.01894  -0.88240   0.01894  -0.88240  -0.08132  -0.69646  -0.08132  -0.69646
 -3.80952   0.01588  -0.88160   0.01588  -0.88160  -0.08018  -0.70048  -0.08018  -0.70048
 -3.75940   0.01180  -0.88101   0.01180  -0.88101  -0.07739  -0.70436  -0.07739  -0.70436
 -3.70927   0.00771  -0.88062   0.00771  -0.88062  -0.07266  -0.70800  -0.07266  -0.70800
 -3.65915   0.00488  -0.88038   0.00488  -0.88038  -0.06569  -0.71130  -0.06569  -0.71130
 -3.60902   0.00448  -0.88016   0.00448  -0.88016  -0.05650  -0.71413  -0.05650  -0.71413
 -3.55890   0.00721  -0.87979   0.00721  -0.87979  -0.04564  -0.71642  -0.04564  -0.71642
 -3.50877   0.01290  -0.87915   0.01290  -0.87915  -0.03424  -0.71813  -0.03424  -0.71813
 -3.45865   0.02020  -0.87813   0.02020  -0.87813  -0.02377  -0.71932  -0.02377  -0.71932
 -3.40852   0.02678  -0.87679   0.02678  -0.87679  -0.01565  -0.72011  -0.01565  -0.72011
 -3.35840   0.02985  -0.87530   0.02985  -0.87530  -0.01095  -0.72066  -0.01095  -0.72066
 -3.30827   0.02707  -0.87394   0.02707  -0.87394  -0.01021  -0.72117  -0.01021  -0.72117
 -3.25815   0.01752  -0.87306   0.01752  -0.87306  -0.01354  -0.72185  -0.01354  -0.72185
 -3.20802   0.00220  -0.87295   0.00220  -0.87295  -0.02073  -0.72289  -0.02073  -0.72289
 -3.15789  -0.01605  -0.87375  -0.01605  -0.87375  -0.03148  -0.72447  -0.03148  -0.72447
 -3.10777  -0.03342  -0.87543  -0.03342  -0.87543  -0.04556  -0.72675  -0.04556  -0.72675
 -3.05764  -0.04616  -0.87774  -0.04616  -0.87774  -0.06288  -0.72990  -0.06288  -0.72990
 -3.00752  -0.05150  -0.88033  -0.05150  -0.88033  -0.08346  -0.73408  -0.08346  -0.73408
 -2.95739  -0.04815  -0.88274  -0.04815  -0.88274  -0.10740  -0.73947  -0.10740  -0.73947
 -2.90727  -0.03631  -0.88456  -0.03631  -0.88456  -0.13463  -0.74622  -0.13463  -0.74622
 -2.85714  -0.01749  -0.88544  -0.01749  -0.88544  -0.16440  -0.75446  -0.16440  -0.75446
 -2.80702   0.00590  -0.88514   0.00590  -0.88514  -0.19476  -0.76422  -0.19476  -0.76422
 -2.75689   0.03085  -0.88359   0.03085  -0.88359  -0.22239  -0.77537  -0.22239  -0.77537
 -2.70677   0.05432  -0.88087   0.05432  -0.88087  -0.24314  -0.78755  -0.24314  -0.78755
 -2.65664   0.07377  -0.87717   0.07377  -0.87717  -0.25344  -0.80026  -0.25344  -0.80026
 -2.60652   0.08756  -0.87278   0.08756  -0.87278  -0.25170  -0.81287  -0.25170  -0.81287
 -2.55639   0.09530  -0.86801   0.09530  -0.86801  -0.23904  -0.82486  -0.23904  -0.82486
 -2.50627   0.09768  -0.86311   0.09768  -0.86311  -0.21887  -0.83583  -0.21887  -0.83583
 -2.45614   0.09615  -0.85829   0.09615  -0.85829  -0.19548  -0.84563  -0.19548  -0.84563
 -2.40602   0.09232  -0.85366   0.09232  -0.85366  -0.17239  -0.85427  -0.17239  -0.85427
 -2.35589   0.08756  -0.84927   0.08756  -0.84927  -0.15130  -0.86185  -0.15130  -0.86185
 -2.30576   0.08275  -0.84513   0.08275  -0.84513  -0.13207  -0.86847  -0.13207  -0.86847
 -2.25564   0.07839  -0.84120   0.07839  -0.84120  -0.11355  -0.87416  -0.11355  -0.87416
 -2.20551   0.07482  -0.83745   0.07482  -0.83745  -0.09483  -0.87892  -0.09483  -0.87892
 -2.15539   0.07233  -0.83382   0.07233  -0.83382  -0.07620  -0.88274  -0.07620  -0.88274
 -2.10526   0.07108  -0.83026   0.07108  -0.83026  -0.05927  -0.88571  -0.05927  -0.88571
 -2.05514   0.07093  -0.82670   0.07093  -0.82670  -0.04641  -0.88803  -0.04641  -0.88803
 -2.00501   0.07147  -0.82312   0.07147  -0.82312  -0.03968  -0.89002  -0.03968  -0.89002
 -1.95489   0.07212  -0.81951   0.07212  -0.81951  -0.03988  -0.89202  -0.03988  -0.89202
 -1.90476   0.07246  -0.81587   0.07246  -0.81587  -0.04591  -0.89432  -0.04591  -0.89432
 -1.85464   0.07238  -0.81225   0.07238  -0.81225  -0.05486  -0.89707  -0.05486  -0.89707
 -1.80451   0.07204  -0.80863   0.07204  -0.80863  -0.06276  -0.90022  -0.06276  -0.90022
 -1.75439   0.07164  -0.80504   0.07164  -0.80504  -0.06593  -0.90352  -0.06593  -0.90352
 -1.70426   0.07127  -0.80147   0.07127  -0.80147  -0.06228  -0.90664  -0.06228  -0.90664
 -1.65414   0.07086  -0.79792   0.07086  -0.79792  -0.05184  -0.90924  -0.05184  -0.90924
 -1.60401   0.07031  -0.79439   0.07031  -0.79439  -0.03644  -0.91107  -0.03644  -0.91107
 -1.55388   0.06960  -0.79091   0.06960  -0.79091  -0.01876  -0.91201  -0.01876  -0.91201
 -1.50376   0.06882  -0.78746   0.06882  -0.78746  -0.00134  -0.91208  -0.00134  -0.91208
 -1.45363   0.06805  -0.78405   0.06805  -0.78405   0.01401  -0.91137   0.01401  -0.91137
 -1.40351   0.06731  -0.78067   0.06731  -0.78067   0.02644  -0.91005   0.02644  -0.91005
 -1.35338   0.06650  -0.77734   0.06650  -0.77734   0.03601  -0.90824   0.03601  -0.90824
 -1.30326   0.06543  -0.77406   0.06543  -0.77406   0.04327  -0.90607   0.04327  -0.90607
 -1.25313   0.06388  -0.77086   0.06388  -0.77086   0.04881  -0.90363   0.04881  -0.90363
 -1.20301   0.06178  -0.76776   0.06178  -0.76776   0.05293  -0.90097   0.05293  -0.90097
 -1.15288   0.05929  -0.76479   0.05929  -0.76479   0.05559  -0.89819   0.05559  -0.89819
 -1.10276   0.05691  -0.76193   0.05691  -0.76193   0.05664  -0.89535   0.05664  -0.89535
 -1.05263   0.05535  -0.75916   0.05535  -0.75916   0.05617  -0.89253   0.05617  -0.89253
 -1.00251   0.05536  -0.75638   0.05536  -0.75638   0.05460  -0.88980   0.05460  -0.88980
 -0.95238   0.05758  -0.75350   0.05758  -0.75350   0.05250  -0.88717   0.05250  -0.88717
 -0.90226   0.06253  -0.75036   0.06253  -0.75036   0.05015  -0.88465   0.05015  -0.88465
 -0.85213   0.07074  -0.74682   0.07074  -0.74682   0.04740  -0.88228   0.04740  -0.88228
 -0.80201   0.08277  -0.74267   0.08277  -0.74267   0.04380  -0.88008   0.04380  -0.88008
 -0.75188   0.09906  -0.73770   0.09906  -0.73770   0.03893  -0.87813   0.03893  -0.87813
 -0.70175   0.11952  -0.73171   0.11952  -0.73171   0.03280  -0.87648   0.03280  -0.87648
 -0.65163   0.14312  -0.72454   0.14312  -0.72454   0.02589  -0.87519   0.02589  -0.87519
 -0.60150   0.16788  -0.71612   0.16788  -0.71612   0.01898  -0.87424   0.01898  -0.87424
 -0.55138   0.19137  -0.70653   0.19137  -0.70653   0.01286  -0.87359   0.01286  -0.87359
 -0.50125   0.21145  -0.69593   0.21145  -0.69593   0.00803  -0.87319   0.00803  -0.87319
 -0.45113   0.22707  -0.68455   0.22707  -0.68455   0.00462  -0.87296   0.00462  -0.87296
 -0.40100   0.23883  -0.67258   0.23883  -0.67258   0.00246  -0.87283   0.00246  -0.87283
 -0.35088   0.24904  -0.66010   0.24904  -0.66010   0.00122  -0.87277   0.00122  -0.87277
 -0.30075   0.26120  -0.64700   0.26120  -0.64700   0.00057  -0.87274   0.00057  -0.87274
 -0.25063   0.27898  -0.63302   0.27898  -0.63302   0.00025  -0.87273   0.00025  -0.87273
 -0.20050   0.30482  -0.61774   0.30482  -0.61774   0.00011  -0.87273   0.00011  -0.87273
 -0.15038   0.33820  -0.60079   0.33820  -0.60079   0.00004  -0.87272   0.00004  -0.87272
 -0.10025   0.37421  -0.58203   0.37421  -0.58203   0.00002  -0.87272   0.00002  -0.87272
 -0.05013   0.40344  -0.56181   0.40344  -0.56181   0.00001  -0.87272   0.00001  -0.87272
  0.00000   0.41430  -0.54104   0.41430  -0.54104   0.00000  -0.87272   0.00000  -0.87272
  0.05013   0.39766  -0.52111   0.39766  -0.52111   0.00000  -0.87272   0.00000  -0.87272
  0.10025   0.35173  -0.50348   0.35173  -0.50348   0.00000  -0.87272   0.00000  -0.87272
  0.15038   0.28379  -0.48925   0.28379  -0.48925   0.00000  -0.87272   0.00000  -0.87272
  0.20050   0.20739  -0.47886   0.20739  -0.47886   0.00000  -0.87272   0.00000  -0.87272
  0.25063   0.13662  -0.47201   0.13662  -0.47201   0.00000  -0.87272   0.00000  -0.87272
  0.30075   0.08090  -0.46795   0.08090  -0.46795   0.00000  -0.87272   0.00000  -0.87272
  0.35088   0.04308  -0.46580   0.04308  -0.46580   0.00000  -0.87272   0.00000  -0.87272
  0.40100   0.02089  -0.46475   0.02089  -0.46475  -0.00000  -0.87272  -0.00000  -0.87272
  0.45113   0.00978  -0.46426   0.00978  -0.46426  -0.00000  -0.87272  -0.00000  -0.87272
  0.50125   0.00536  -0.46399   0.00536  -0.46399  -0.00000  -0.87272  -0.00000  -0.87272
  0.55138   0.00444  -0.46377   0.00444  -0.46377  -0.00000  -0.87272  -0.00000  -0.87272
  0.60150   0.00503  -0.46351   0.00503  -0.46351  -0.00000  -0.87272  -0.00000  -0.87272
  0.65163   0.00597  -0.46322   0.00597  -0.46322  -0.00000  -0.87272  -0.00000  -0.87272
  0.70175   0.00658  -0.46289   0.00658  -0.46289  -0.00000  -0.87272  -0.00000  -0.87272
  0.75188   0.00654  -0.46256   0.00654  -0.46256  -0.00001  -0.87272  -0.00001  -0.87272
  0.80201   0.00588  -0.46226   0.00588  -0.46226  -0.00003  -0.87272  -0.00003  -0.87272
  0.85213   0.00489  -0.46202   0.00489  -0.46202  -0.00007  -0.87273  -0.00007  -0.87273
  0.90226   0.00397  -0.46182   0.00397  -0.46182  -0.00018  -0.87274  -0.00018  -0.87274
  0.95238   0.00344  -0.46165   0.00344  -0.46165  -0.00037  -0.87276  -0.00037  -0.87276
  1.00251   0.00344  -0.46147   0.00344  -0.46147  -0.00070  -0.87279  -0.00070  -0.87279
  1.05263   0.00396  -0.46128   0.00396  -0.46128  -0.00115  -0.87285  -0.00115  -0.87285
  1.10276   0.00493  -0.46103   0.00493  -0.46103  -0.00163  -0.87293  -0.00163  -0.87293
  1.15288   0.00633  -0.46071   0.00633  -0.46071  -0.00196  -0.87303  -0.00196  -0.87303
  1.20301   0.00822  -0.46030   0.00822  -0.46030  -0.00186  -0.87312  -0.00186  -0.87312
  1.25313   0.01065  -0.45976   0.01065  -0.45976  -0.00108  -0.87318  -0.00108  -0.87318
  1.30326   0.01347  -0.45909   0.01347  -0.45909   0.00051  -0.87315   0.00051  -0.87315
  1.35338   0.01625  -0.45828   0.01625  -0.45828   0.00276  -0.87301   0.00276  -0.87301
  1.40351   0.01834  -0.45736   0.01834  -0.45736   0.00527  -0.87275   0.00527  -0.87275
  1.45363   0.01906  -0.45640   0.01906  -0.45640   0.00751  -0.87237   0.00751  -0.87237
  1.50376   0.01809  -0.45549   0.01809  -0.45549   0.00908  -0.87192   0.00908  -0.87192
  1.55388   0.01561  -0.45471   0.01561  -0.45471   0.00998  -0.87142   0.00998  -0.87142
  1.60401   0.01225  -0.45410   0.01225  -0.45410   0.01056  -0.87089   0.01056  -0.87089
  1.65414   0.00884  -0.45365   0.00884  -0.45365   0.01134  -0.87032   0.01134  -0.87032
  1.70426   0.00599  -0.45335   0.00599  -0.45335   0.01257  -0.86969   0.01257  -0.86969
  1.75439   0.00399  -0.45315   0.00399  -0.45315   0.01402  -0.86899   0.01402  -0.86899
  1.80451   0.00279  -0.45301   0.00279  -0.45301   0.01504  -0.86823   0.01504  -0.86823
  1.85464   0.00217  -0.45291   0.00217  -0.45291   0.01500  -0.86748   0.01500  -0.86748
  1.90476   0.00188  -0.45281   0.00188  -0.45281   0.01365  -0.86680   0.01365  -0.86680
  1.95489   0.00172  -0.45272   0.00172  -0.45272   0.01136  -0.86623   0.01136  -0.86623
  2.00501   0.00160  -0.45264   0.00160  -0.45264   0.00888  -0.86578   0.00888  -0.86578
  2.05514   0.00146  -0.45257   0.00146  -0.45257   0.00703  -0.86543   0.00703  -0.86543
  2.10526   0.00132  -0.45251   0.00132  -0.45251   0.00634  -0.86511   0.00634  -0.86511
  2.15539   0.00116  -0.45245   0.00116  -0.45245   0.00690  -0.86477   0.00690  -0.86477
  2.20551   0.00101  -0.45240   0.00101  -0.45240   0.00839  -0.86434   0.00839  -0.86434
  2.25564   0.00085  -0.45235   0.00085  -0.45235   0.01028  -0.86383   0.01028  -0.86383
  2.30576   0.00069  -0.45232   0.00069  -0.45232   0.01211  -0.86322   0.01211  -0.86322
  2.35589   0.00054  -0.45229   0.00054  -0.45229   0.01372  -0.86253   0.01372  -0.86253
  2.40602   0.00040  -0.45227   0.00040  -0.45227   0.01542  -0.86176   0.01542  -0.86176
  2.45614   0.00028  -0.45226   0.00028  -0.45226   0.01812  -0.86085   0.01812  -0.86085
  2.50627   0.00018  -0.45225   0.00018  -0.45225   0.02399  -0.85965   0.02399  -0.85965
  2.55639   0.00011  -0.45224   0.00011  -0.45224   0.03783  -0.85776   0.03783  -0.85776
  2.60652   0.00006  -0.45224   0.00006  -0.45224   0.06895  -0.85430   0.06895  -0.85430
  2.65664   0.00003  -0.45224   0.00003  -0.45224   0.13200  -0.84768   0.13200  -0.84768
  2.70677   0.00002  -0.45224   0.00002  -0.45224   0.24386  -0.83546   0.24386  -0.83546
  2.75689   0.00001  -0.45224   0.00001  -0.45224   0.41458  -0.81468   0.41458  -0.81468
  2.80702   0.00000  -0.45224   0.00000  -0.45224   0.63455  -0.78287   0.63455  -0.78287
  2.85714   0.00000  -0.45224   0.00000  -0.45224   0.86622  -0.73945   0.86622  -0.73945
  2.90727   0.00000  -0.45224   0.00000  -0.45224   1.05079  -0.68678   1.05079  -0.68678
  2.95739   0.00000  -0.45224   0.00000  -0.45224   1.13160  -0.63006   1.13160  -0.63006
  3.00752   0.00000  -0.45224   0.00000  -0.45224   1.08246  -0.57580   1.08246  -0.57580
  3.05764   0.00000  -0.45224   0.00000  -0.45224   0.92143  -0.52961   0.92143  -0.52961
  3.10777   0.00000  -0.45224   0.00000  -0.45224   0.70024  -0.49451   0.70024  -0.49451
  3.15789   0.00000  -0.45224   0.00000  -0.45224   0.47754  -0.47058   0.47754  -0.47058
  3.20802   0.00000  -0.45224   0.00000  -0.45224   0.29463  -0.45581   0.29463  -0.45581
  3.25815   0.00000  -0.45224   0.00000  -0.45224   0.16657  -0.44746   0.16657  -0.44746
  3.30827   0.00000  -0.45224   0.00000  -0.45224   0.08818  -0.44304   0.08818  -0.44304
  3.35840   0.00000  -0.45224   0.00000  -0.45224   0.04544  -0.44076   0.04544  -0.44076
  3.40852   0.00000  -0.45224   0.00000  -0.45224   0.02439  -0.43954   0.02439  -0.43954
  3.45865   0.00000  -0.45224   0.00000  -0.45224   0.01492  -0.43879   0.01492  -0.43879
  3.50877   0.00000  -0.45224   0.00000  -0.45224   0.01090  -0.43824   0.01090  -0.43824
  3.55890   0.00000  -0.45224   0.00000  -0.45224   0.00908  -0.43779   0.00908  -0.43779
  3.60902   0.00000  -0.45224   0.00000  -0.45224   0.00790  -0.43739   0.00790  -0.43739
  3.65915   0.00000  -0.45224   0.00000  -0.45224   0.00682  -0.43705   0.00682  -0.43705
  3.70927   0.00000  -0.45224   0.00000  -0.45224   0.00575  -0.43676   0.00575  -0.43676
  3.75940   0.00000  -0.45224   0.00000  -0.45224   0.00485  -0.43652   0.00485  -0.43652
  3.80952   0.00000  -0.45224   0.00000  -0.45224   0.00435  -0.43630   0.00435  -0.43630
  3.85965   0.00000  -0.45224   0.00000  -0.45224   0.00448  -0.43608   0.00448  -0.43608
  3.90977   0.00000  -0.45224   0.00000  -0.45224   0.00542  -0.43581   0.00542  -0.43581
  3.95990   0.00000  -0.45224   0.00000  -0.45224   0.00720  -0.43544   0.00720  -0.43544
  4.01003   0.00000  -0.45224   0.00000  -0.45224   0.00966  -0.43496   0.00966  -0.43496
  4.06015   0.00000  -0.45224   0.00000  -0.45224   0.01232  -0.43434   0.01232  -0.43434
  4.11028   0.00000  -0.45224   0.00000  -0.45224   0.01450  -0.43362   0.01450  -0.43362
  4.16040   0.00000  -0.45224   0.00000  -0.45224   0.01558  -0.43283   0.01558  -0.43283
  4.21053   0.00000  -0.45224   0.00000  -0.45224   0.01525  -0.43207   0.01525  -0.43207
  4.26065   0.00000  -0.45224   0.00000  -0.45224   0.01364  -0.43139   0.01364  -0.43139
  4.31078   0.00000  -0.45224   0.00000  -0.45224   0.01125  -0.43082   0.01125  -0.43082
  4.36090   0.00000  -0.45224   0.00000  -0.45224   0.00869  -0.43039   0.00869  -0.43039
  4.41103   0.00000  -0.45224   0.00000  -0.45224   0.00639  -0.43007   0.00639  -0.43007
  4.46115   0.00000  -0.45224   0.00000  -0.45224   0.00457  -0.42984   0.00457  -0.42984
  4.51128   0.00000  -0.45224   0.00000  -0.45224   0.00323  -0.42968   0.00323  -0.42968
  4.56140   0.00000  -0.45224   0.00000  -0.45224   0.00226  -0.42956   0.00226  -0.42956
  4.61153   0.00000  -0.45224   0.00000  -0.45224   0.00156  -0.42949   0.00156  -0.42949
  4.66165   0.00000  -0.45224   0.00000  -0.45224   0.00105  -0.42943   0.00105  -0.42943
  4.71178   0.00000  -0.45224   0.00000  -0.45224   0.00068  -0.42940   0.00068  -0.42940
  4.76190   0.00000  -0.45224   0.00000  -0.45224   0.00041  -0.42938   0.00041  -0.42938
  4.81203   0.00000  -0.45224   0.00000  -0.45224   0.00024  -0.42937   0.00024  -0.42937
  4.86216   0.00000  -0.45224   0.00000  -0.45224   0.00013  -0.42936   0.00013  -0.42936
  4.91228   0.00000  -0.45224   0.00000  -0.45224   0.00006  -0.42936   0.00006  -0.42936
  4.96241   0.00000  -0.45224   0.00000  -0.45224   0.00003  -0.42936   0.00003  -0.42936
  5.01253   0.00000  -0.45224   0.00000  -0.45224   0.00001  -0.42935   0.00001  -0.42935
  5.06266   0.00000  -0.45224   0.00000  -0.45224   0.00000  -0.42935   0.00000  -0.42935
  5.11278   0.00000  -0.45224   0.00000  -0.45224   0.00000  -0.42935   0.00000  -0.42935
  5.16291   0.00000  -0.45224   0.00000  -0.45224   0.00000  -0.42935   0.00000  -0.42935
  5.21303   0.00000  -0.45224   0.00000  -0.45224   0.00000  -0.42935   0.00000  -0.42935
  5.26316   0.00000  -0.45224   0.00000  -0.45224   0.00000  -0.42935   0.00000  -0.42935
  5.31328   0.00000  -0.45224   0.00000  -0.45224   0.00000  -0.42935   0.00000  -0.42935
  5.36341   0.00000  -0.45224   0.00000  -0.45224   0.00000  -0.42935   0.00000  -0.42935
  5.41353   0.00000  -0.45224   0.00000  -0.45224   0.00000  -0.42935   0.00000  -0.42935
  5.46366   0.00000  -0.45224   0.00000  -0.45224   0.00000  -0.42935   0.00000  -0.42935
  5.51378   0.00000  -0.45224   0.00000  -0.45224   0.00000  -0.42935   0.00000  -0.42935
  5.56391   0.00000  -0.45224   0.00000  -0.45224   0.00000  -0.42935   0.00000  -0.42935
  5.61404   0.00000  -0.45224   0.00000  -0.45224   0.00000  -0.42935   0.00000  -0.42935
  5.66416   0.00000  -0.45224   0.00000  -0.45224   0.00000  -0.42935   0.00000  -0.42935
  5.71429   0.00000  -0.45224   0.00000  -0.45224   0.00000  -0.42935   0.00000  -0.42935
  5.76441   0.00000  -0.45224   0.00000  -0.45224   0.00000  -0.42935   0.00000  -0.42935
  5.81454   0.00000  -0.45224   0.00000  -0.45224   0.00000  -0.42935   0.00000  -0.42935
  5.86466   0.00001  -0.45224   0.00001  -0.45224   0.00000  -0.42935   0.00000  -0.42935
  5.91479   0.00003  -0.45224   0.00003  -0.45224   0.00000  -0.42935   0.00000  -0.42935
  5.96491   0.00009  -0.45223   0.00009  -0.45223   0.00000  -0.42935   0.00000  -0.42935
  6.01504   0.00023  -0.45222   0.00023  -0.45222   0.00001  -0.42935   0.00001  -0.42935
  6.06516   0.00054  -0.45219   0.00054  -0.45219   0.00002  -0.42935   0.00002  -0.42935
  6.11529   0.00116  -0.45213   0.00116  -0.45213   0.00006  -0.42935   0.00006  -0.42935
  6.16541   0.00226  -0.45202   0.00226  -0.45202   0.00016  -0.42934   0.00016  -0.42934
  6.21554   0.00404  -0.45182   0.00404  -0.45182   0.00040  -0.42932   0.00040  -0.42932
  6.26566   0.00671  -0.45148   0.00671  -0.45148   0.00088  -0.42928   0.00088  -0.42928
  6.31579   0.01032  -0.45097   0.01032  -0.45097   0.00177  -0.42919   0.00177  -0.42919
  6.36591   0.01479  -0.45022   0.01479  -0.45022   0.00326  -0.42903   0.00326  -0.42903
  6.41604   0.01973  -0.44923   0.01973  -0.44923   0.00554  -0.42875   0.00554  -0.42875
  6.46617   0.02452  -0.44801   0.02452  -0.44801   0.00873  -0.42831   0.00873  -0.42831
  6.51629   0.02841  -0.44658   0.02841  -0.44658   0.01279  -0.42767   0.01279  -0.42767
  6.56642   0.03080  -0.44504   0.03080  -0.44504   0.01747  -0.42679   0.01747  -0.42679
  6.61654   0.03150  -0.44346   0.03150  -0.44346   0.02222  -0.42568   0.02222  -0.42568
  6.66667   0.03090  -0.44191   0.03090  -0.44191   0.02636  -0.42436   0.02636  -0.42436
  6.71679   0.02992  -0.44041   0.02992  -0.44041   0.02921  -0.42290   0.02921  -0.42290
  6.76692   0.02973  -0.43892   0.02973  -0.43892   0.03042  -0.42137   0.03042  -0.42137
  6.81704   0.03125  -0.43735   0.03125  -0.43735   0.03011  -0.41986   0.03011  -0.41986
  6.86717   0.03468  -0.43561   0.03468  -0.43561   0.02902  -0.41841   0.02902  -0.41841
  6.91729   0.03936  -0.43364   0.03936  -0.43364   0.02828  -0.41699   0.02828  -0.41699
  6.96742   0.04405  -0.43143   0.04405  -0.43143   0.02899  -0.41554   0.02899  -0.41554
  7.01754   0.04753  -0.42905   0.04753  -0.42905   0.03173  -0.41395   0.03173  -0.41395
  7.06767   0.04914  -0.42659   0.04914  -0.42659   0.03621  -0.41213   0.03621  -0.41213
  7.11779   0.04909  -0.42413   0.04909  -0.42413   0.04134  -0.41006   0.04134  -0.41006
  7.16792   0.04833  -0.42170   0.04833  -0.42170   0.04571  -0.40777   0.04571  -0.40777
  7.21805   0.04815  -0.41929   0.04815  -0.41929   0.04818  -0.40535   0.04818  -0.40535
  7.26817   0.04963  -0.41680   0.04963  -0.41680   0.04844  -0.40292   0.04844  -0.40292
  7.31830   0.05310  -0.41414   0.05310  -0.41414   0.04714  -0.40056   0.04714  -0.40056
  7.36842   0.05786  -0.41124   0.05786  -0.41124   0.04576  -0.39827   0.04576  -0.39827
  7.41855   0.06241  -0.40811   0.06241  -0.40811   0.04593  -0.39597   0.04593  -0.39597
  7.46867   0.06506  -0.40485   0.06506  -0.40485   0.04870  -0.39352   0.04870  -0.39352
  7.51880   0.06470  -0.40161   0.06470  -0.40161   0.05392  -0.39082   0.05392  -0.39082
  7.56892   0.06140  -0.39853   0.06140  -0.39853   0.06015  -0.38781   0.06015  -0.38781
  7.61905   0.05631  -0.39571   0.05631  -0.39571   0.06532  -0.38453   0.06532  -0.38453
  7.66917   0.05110  -0.39315   0.05110  -0.39315   0.06757  -0.38115   0.06757  -0.38115
  7.71930   0.04717  -0.39078   0.04717  -0.39078   0.06616  -0.37783   0.06616  -0.37783
  7.76942   0.04522  -0.38852   0.04522  -0.38852   0.06168  -0.37474   0.06168  -0.37474
  7.81955   0.04510  -0.38626   0.04510  -0.38626   0.05572  -0.37194   0.05572  -0.37194
  7.86967   0.04609  -0.38395   0.04609  -0.38395   0.05015  -0.36943   0.05015  -0.36943
  7.91980   0.04725  -0.38158   0.04725  -0.38158   0.04642  -0.36710   0.04642  -0.36710
  7.96992   0.04777  -0.37918   0.04777  -0.37918   0.04514  -0.36484   0.04514  -0.36484
  8.02005   0.04723  -0.37682   0.04723  -0.37682   0.04600  -0.36254   0.04600  -0.36254
  8.07018   0.04566  -0.37453   0.04566  -0.37453   0.04803  -0.36013   0.04803  -0.36013
  8.12030   0.04337  -0.37235   0.04337  -0.37235   0.04999  -0.35762   0.04999  -0.35762
  8.17043   0.04089  -0.37030   0.04089  -0.37030   0.05087  -0.35507   0.05087  -0.35507
  8.22055   0.03893  -0.36835   0.03893  -0.36835   0.05028  -0.35255   0.05028  -0.35255
  8.27068   0.03849  -0.36642   0.03849  -0.36642   0.04844  -0.35012   0.04844  -0.35012
  8.32080   0.04073  -0.36438   0.04073  -0.36438   0.04600  -0.34782   0.04600  -0.34782
  8.37093   0.04669  -0.36204   0.04669  -0.36204   0.04390  -0.34562   0.04390  -0.34562
  8.42105   0.05672  -0.35920   0.05672  -0.35920   0.04325  -0.34345   0.04325  -0.34345
  8.47118   0.07012  -0.35568   0.07012  -0.35568   0.04530  -0.34118   0.04530  -0.34118
  8.52130   0.08507  -0.35142   0.08507  -0.35142   0.05111  -0.33862   0.05111  -0.33862
  8.57143   0.09904  -0.34645   0.09904  -0.34645   0.06100  -0.33556   0.06100  -0.33556
  8.62155   0.10964  -0.34096   0.10964  -0.34096   0.07403  -0.33185   0.07403  -0.33185
  8.67168   0.11546  -0.33517   0.11546  -0.33517   0.08803  -0.32744   0.08803  -0.32744
  8.72180   0.11657  -0.32933   0.11657  -0.32933   0.10020  -0.32241   0.10020  -0.32241
  8.77193   0.11435  -0.32360   0.11435  -0.32360   0.10826  -0.31699   0.10826  -0.31699
  8.82206   0.11072  -0.31805   0.11072  -0.31805   0.11136  -0.31141   0.11136  -0.31141
  8.87218   0.10724  -0.31267   0.10724  -0.31267   0.11035  -0.30587   0.11035  -0.30587
  8.92231   0.10464  -0.30743   0.10464  -0.30743   0.10710  -0.30051   0.10710  -0.30051
  8.97243   0.10283  -0.30227   0.10283  -0.30227   0.10352  -0.29532   0.10352  -0.29532
  9.02256   0.10135  -0.29719   0.10135  -0.29719   0.10070  -0.29027   0.10070  -0.29027
  9.07268   0.09981  -0.29219   0.09981  -0.29219   0.09876  -0.28532   0.09876  -0.28532
  9.12281   0.09807  -0.28727   0.09807  -0.28727   0.09718  -0.28045   0.09718  -0.28045
  9.17293   0.09613  -0.28245   0.09613  -0.28245   0.09540  -0.27567   0.09540  -0.27567
  9.22306   0.09390  -0.27775   0.09390  -0.27775   0.09313  -0.27100   0.09313  -0.27100
  9.27318   0.09119  -0.27318   0.09119  -0.27318   0.09048  -0.26646   0.09048  -0.26646
  9.32331   0.08775  -0.26878   0.08775  -0.26878   0.08761  -0.26207   0.08761  -0.26207
  9.37343   0.08353  -0.26459   0.08353  -0.26459   0.08458  -0.25783   0.08458  -0.25783
  9.42356   0.07874  -0.26064   0.07874  -0.26064   0.08127  -0.25376   0.08127  -0.25376
  9.47368   0.07387  -0.25694   0.07387  -0.25694   0.07755  -0.24987   0.07755  -0.24987
  9.52381   0.06947  -0.25346   0.06947  -0.25346   0.07345  -0.24619   0.07345  -0.24619
  9.57393   0.06604  -0.25015   0.06604  -0.25015   0.06924  -0.24272   0.06924  -0.24272
  9.62406   0.06393  -0.24694   0.06393  -0.24694   0.06529  -0.23945   0.06529  -0.23945
  9.67419   0.06342  -0.24376   0.06342  -0.24376   0.06195  -0.23634   0.06195  -0.23634
  9.72431   0.06464  -0.24052   0.06464  -0.24052   0.05945  -0.23336   0.05945  -0.23336
  9.77444   0.06753  -0.23714   0.06753  -0.23714   0.05794  -0.23046   0.05794  -0.23046
  9.82456   0.07172  -0.23354   0.07172  -0.23354   0.05759  -0.22757   0.05759  -0.22757
  9.87469   0.07648  -0.22971   0.07648  -0.22971   0.05860  -0.22463   0.05860  -0.22463
  9.92481   0.08086  -0.22566   0.08086  -0.22566   0.06108  -0.22157   0.06108  -0.22157
  9.97494   0.08395  -0.22145   0.08395  -0.22145   0.06482  -0.21832   0.06482  -0.21832
 10.02506   0.08525  -0.21718   0.08525  -0.21718   0.06918  -0.21485   0.06918  -0.21485