ESCALE ; pCOHP file generated by LOBSTER. Energy is shifted such that the Fermi level lies at 0 eV.
         2          2        401  -6.04511e+00   1.40050e+01   3.97995e+00 
Average
No.1:Ni55->O83(1.8878332800248669)
-10.02506   0.00000  -0.59354   0.00000  -0.59354   0.00000  -0.58128   0.00000  -0.58128
 -9.97494   0.00000  -0.59354   0.00000  -0.59354   0.00000  -0.58128   0.00000  -0.58128
 -9.92481   0.00000  -0.59354   0.00000  -0.59354   0.00000  -0.58128   0.00000  -0.58128
 -9.87469   0.00000  -0.59354   0.00000  -0.59354   0.00000  -0.58128   0.00000  -0.58128
 -9.82456   0.00000  -0.59354   0.00000  -0.59354   0.00000  -0.58128   0.00000  -0.58128
 -9.77444   0.00000  -0.59354   0.00000  -0.59354   0.00000  -0.58128   0.00000  -0.58128
 -9.72431   0.00000  -0.59354   0.00000  -0.59354   0.00000  -0.58128   0.00000  -0.58128
 -9.67419   0.00000  -0.59354   0.00000  -0.59354   0.00000  -0.58128   0.00000  -0.58128
 -9.62406   0.00000  -0.59354   0.00000  -0.59354   0.00000  -0.58128   0.00000  -0.58128
 -9.57393   0.00000  -0.59354   0.00000  -0.59354   0.00000  -0.58128   0.00000  -0.58128
 -9.52381   0.00000  -0.59354   0.00000  -0.59354   0.00000  -0.58128   0.00000  -0.58128
 -9.47368   0.00000  -0.59354   0.00000  -0.59354   0.00000  -0.58128   0.00000  -0.58128
 -9.42356   0.00000  -0.59354   0.00000  -0.59354   0.00000  -0.58128   0.00000  -0.58128
 -9.37343   0.00000  -0.59354   0.00000  -0.59354   0.00000  -0.58128   0.00000  -0.58128
 -9.32331   0.00000  -0.59354   0.00000  -0.59354   0.00000  -0.58128   0.00000  -0.58128
 -9.27318   0.00000  -0.59354   0.00000  -0.59354   0.00000  -0.58128   0.00000  -0.58128
 -9.22306   0.00000  -0.59354   0.00000  -0.59354   0.00000  -0.58128   0.00000  -0.58128
 -9.17293   0.00000  -0.59354   0.00000  -0.59354   0.00000  -0.58128   0.00000  -0.58128
 -9.12281   0.00000  -0.59354   0.00000  -0.59354   0.00000  -0.58128   0.00000  -0.58128
 -9.07268   0.00000  -0.59354   0.00000  -0.59354   0.00000  -0.58128   0.00000  -0.58128
 -9.02256   0.00000  -0.59354   0.00000  -0.59354   0.00000  -0.58128   0.00000  -0.58128
 -8.97243   0.00000  -0.59354   0.00000  -0.59354   0.00000  -0.58128   0.00000  -0.58128
 -8.92231   0.00000  -0.59354   0.00000  -0.59354   0.00000  -0.58128   0.00000  -0.58128
 -8.87218  -0.00000  -0.59354  -0.00000  -0.59354   0.00000  -0.58128   0.00000  -0.58128
 -8.82206  -0.00000  -0.59354  -0.00000  -0.59354   0.00000  -0.58128   0.00000  -0.58128
 -8.77193  -0.00000  -0.59354  -0.00000  -0.59354   0.00000  -0.58128   0.00000  -0.58128
 -8.72180  -0.00000  -0.59354  -0.00000  -0.59354   0.00000  -0.58128   0.00000  -0.58128
 -8.67168  -0.00000  -0.59354  -0.00000  -0.59354   0.00000  -0.58128   0.00000  -0.58128
 -8.62155  -0.00000  -0.59354  -0.00000  -0.59354   0.00000  -0.58128   0.00000  -0.58128
 -8.57143  -0.00000  -0.59354  -0.00000  -0.59354   0.00000  -0.58128   0.00000  -0.58128
 -8.52130  -0.00000  -0.59354  -0.00000  -0.59354   0.00000  -0.58128   0.00000  -0.58128
 -8.47118  -0.00000  -0.59354  -0.00000  -0.59354   0.00000  -0.58128   0.00000  -0.58128
 -8.42105  -0.00000  -0.59354  -0.00000  -0.59354   0.00000  -0.58128   0.00000  -0.58128
 -8.37093  -0.00000  -0.59354  -0.00000  -0.59354   0.00000  -0.58128   0.00000  -0.58128
 -8.32080  -0.00000  -0.59354  -0.00000  -0.59354   0.00000  -0.58128   0.00000  -0.58128
 -8.27068  -0.00000  -0.59354  -0.00000  -0.59354   0.00000  -0.58128   0.00000  -0.58128
 -8.22055  -0.00000  -0.59354  -0.00000  -0.59354   0.00000  -0.58128   0.00000  -0.58128
 -8.17043  -0.00000  -0.59354  -0.00000  -0.59354   0.00000  -0.58128   0.00000  -0.58128
 -8.12030  -0.00000  -0.59354  -0.00000  -0.59354   0.00000  -0.58128   0.00000  -0.58128
 -8.07018  -0.00001  -0.59354  -0.00001  -0.59354   0.00000  -0.58128   0.00000  -0.58128
 -8.02005  -0.00002  -0.59354  -0.00002  -0.59354   0.00000  -0.58128   0.00000  -0.58128
 -7.96992  -0.00004  -0.59355  -0.00004  -0.59355   0.00000  -0.58128   0.00000  -0.58128
 -7.91980  -0.00008  -0.59355  -0.00008  -0.59355   0.00000  -0.58128   0.00000  -0.58128
 -7.86967  -0.00014  -0.59356  -0.00014  -0.59356   0.00000  -0.58128   0.00000  -0.58128
 -7.81955  -0.00023  -0.59357  -0.00023  -0.59357   0.00000  -0.58128   0.00000  -0.58128
 -7.76942  -0.00033  -0.59359  -0.00033  -0.59359   0.00000  -0.58128   0.00000  -0.58128
 -7.71930  -0.00043  -0.59361  -0.00043  -0.59361   0.00000  -0.58128   0.00000  -0.58128
 -7.66917  -0.00050  -0.59363  -0.00050  -0.59363  -0.00000  -0.58128  -0.00000  -0.58128
 -7.61905  -0.00053  -0.59366  -0.00053  -0.59366  -0.00000  -0.58128  -0.00000  -0.58128
 -7.56892  -0.00050  -0.59368  -0.00050  -0.59368  -0.00000  -0.58128  -0.00000  -0.58128
 -7.51880  -0.00043  -0.59371  -0.00043  -0.59371  -0.00000  -0.58128  -0.00000  -0.58128
 -7.46867  -0.00035  -0.59372  -0.00035  -0.59372  -0.00000  -0.58128  -0.00000  -0.58128
 -7.41855  -0.00029  -0.59374  -0.00029  -0.59374  -0.00000  -0.58128  -0.00000  -0.58128
 -7.36842  -0.00032  -0.59375  -0.00032  -0.59375  -0.00000  -0.58128  -0.00000  -0.58128
 -7.31830  -0.00047  -0.59378  -0.00047  -0.59378  -0.00000  -0.58128  -0.00000  -0.58128
 -7.26817  -0.00082  -0.59382  -0.00082  -0.59382  -0.00000  -0.58128  -0.00000  -0.58128
 -7.21805  -0.00143  -0.59389  -0.00143  -0.59389  -0.00000  -0.58128  -0.00000  -0.58128
 -7.16792  -0.00247  -0.59401  -0.00247  -0.59401  -0.00000  -0.58128  -0.00000  -0.58128
 -7.11779  -0.00437  -0.59423  -0.00437  -0.59423  -0.00000  -0.58128  -0.00000  -0.58128
 -7.06767  -0.00819  -0.59464  -0.00819  -0.59464  -0.00001  -0.58128  -0.00001  -0.58128
 -7.01754  -0.01606  -0.59545  -0.01606  -0.59545  -0.00004  -0.58128  -0.00004  -0.58128
 -6.96742  -0.03153  -0.59703  -0.03153  -0.59703  -0.00016  -0.58129  -0.00016  -0.58129
 -6.91729  -0.05924  -0.60000  -0.05924  -0.60000  -0.00055  -0.58132  -0.00055  -0.58132
 -6.86717  -0.10359  -0.60519  -0.10359  -0.60519  -0.00171  -0.58140  -0.00171  -0.58140
 -6.81704  -0.16626  -0.61353  -0.16626  -0.61353  -0.00474  -0.58164  -0.00474  -0.58164
 -6.76692  -0.24369  -0.62574  -0.24369  -0.62574  -0.01176  -0.58223  -0.01176  -0.58223
 -6.71679  -0.32617  -0.64209  -0.32617  -0.64209  -0.02608  -0.58354  -0.02608  -0.58354
 -6.66667  -0.40008  -0.66214  -0.40008  -0.66214  -0.05184  -0.58614  -0.05184  -0.58614
 -6.61654  -0.45291  -0.68485  -0.45291  -0.68485  -0.09247  -0.59077  -0.09247  -0.59077
 -6.56642  -0.47842  -0.70883  -0.47842  -0.70883  -0.14834  -0.59821  -0.14834  -0.59821
 -6.51629  -0.47872  -0.73282  -0.47872  -0.73282  -0.21453  -0.60896  -0.21453  -0.60896
 -6.46617  -0.46206  -0.75598  -0.46206  -0.75598  -0.28057  -0.62303  -0.28057  -0.62303
 -6.41604  -0.43825  -0.77795  -0.43825  -0.77795  -0.33327  -0.63973  -0.33327  -0.63973
 -6.36591  -0.41474  -0.79874  -0.41474  -0.79874  -0.36188  -0.65787  -0.36188  -0.65787
 -6.31579  -0.39519  -0.81855  -0.39519  -0.81855  -0.36275  -0.67605  -0.36275  -0.67605
 -6.26566  -0.37985  -0.83759  -0.37985  -0.83759  -0.34079  -0.69314  -0.34079  -0.69314
 -6.21554  -0.36641  -0.85596  -0.36641  -0.85596  -0.30657  -0.70850  -0.30657  -0.70850
 -6.16541  -0.35109  -0.87355  -0.35109  -0.87355  -0.27110  -0.72209  -0.27110  -0.72209
 -6.11529  -0.33026  -0.89011  -0.33026  -0.89011  -0.24117  -0.73418  -0.24117  -0.73418
 -6.06516  -0.30279  -0.90529  -0.30279  -0.90529  -0.21794  -0.74510  -0.21794  -0.74510
 -6.01504  -0.27171  -0.91891  -0.27171  -0.91891  -0.19877  -0.75507  -0.19877  -0.75507
 -5.96491  -0.24374  -0.93112  -0.24374  -0.93112  -0.18063  -0.76412  -0.18063  -0.76412
 -5.91479  -0.22681  -0.94249  -0.22681  -0.94249  -0.16280  -0.77228  -0.16280  -0.77228
 -5.86466  -0.22705  -0.95387  -0.22705  -0.95387  -0.14756  -0.77968  -0.14756  -0.77968
 -5.81454  -0.24687  -0.96625  -0.24687  -0.96625  -0.13908  -0.78665  -0.13908  -0.78665
 -5.76441  -0.28461  -0.98051  -0.28461  -0.98051  -0.14148  -0.79374  -0.14148  -0.79374
 -5.71429  -0.33508  -0.99731  -0.33508  -0.99731  -0.15687  -0.80161  -0.15687  -0.80161
 -5.66416  -0.39046  -1.01688  -0.39046  -1.01688  -0.18395  -0.81083  -0.18395  -0.81083
 -5.61404  -0.44169  -1.03902  -0.44169  -1.03902  -0.21772  -0.82174  -0.21772  -0.82174
 -5.56391  -0.48031  -1.06310  -0.48031  -1.06310  -0.25054  -0.83430  -0.25054  -0.83430
 -5.51378  -0.50037  -1.08818  -0.50037  -1.08818  -0.27466  -0.84807  -0.27466  -0.84807
 -5.46366  -0.49943  -1.11321  -0.49943  -1.11321  -0.28509  -0.86236  -0.28509  -0.86236
 -5.41353  -0.47856  -1.13720  -0.47856  -1.13720  -0.28132  -0.87646  -0.28132  -0.87646
 -5.36341  -0.44165  -1.15934  -0.44165  -1.15934  -0.26705  -0.88984  -0.26705  -0.88984
 -5.31328  -0.39451  -1.17911  -0.39451  -1.17911  -0.24839  -0.90229  -0.24839  -0.90229
 -5.26316  -0.34376  -1.19634  -0.34376  -1.19634  -0.23180  -0.91391  -0.23180  -0.91391
 -5.21303  -0.29542  -1.21115  -0.29542  -1.21115  -0.22264  -0.92507  -0.22264  -0.92507
 -5.16291  -0.25362  -1.22386  -0.25362  -1.22386  -0.22444  -0.93632  -0.22444  -0.93632
 -5.11278  -0.22024  -1.23490  -0.22024  -1.23490  -0.23845  -0.94828  -0.23845  -0.94828
 -5.06266  -0.19536  -1.24470  -0.19536  -1.24470  -0.26325  -0.96147  -0.26325  -0.96147
 -5.01253  -0.17841  -1.25364  -0.17841  -1.25364  -0.29472  -0.97624  -0.29472  -0.97624
 -4.96241  -0.16888  -1.26210  -0.16888  -1.26210  -0.32680  -0.99263  -0.32680  -0.99263
 -4.91228  -0.16638  -1.27044  -0.16638  -1.27044  -0.35307  -1.01032  -0.35307  -1.01032
 -4.86216  -0.16996  -1.27896  -0.16996  -1.27896  -0.36857  -1.02880  -0.36857  -1.02880
 -4.81203  -0.17759  -1.28786  -0.17759  -1.28786  -0.37106  -1.04740  -0.37106  -1.04740
 -4.76190  -0.18601  -1.29719  -0.18601  -1.29719  -0.36109  -1.06550  -0.36109  -1.06550
 -4.71178  -0.19139  -1.30678  -0.19139  -1.30678  -0.34116  -1.08260  -0.34116  -1.08260
 -4.66165  -0.19047  -1.31633  -0.19047  -1.31633  -0.31462  -1.09837  -0.31462  -1.09837
 -4.61153  -0.18168  -1.32544  -0.18168  -1.32544  -0.28485  -1.11265  -0.28485  -1.11265
 -4.56140  -0.16571  -1.33374  -0.16571  -1.33374  -0.25482  -1.12542  -0.25482  -1.12542
 -4.51128  -0.14531  -1.34103  -0.14531  -1.34103  -0.22680  -1.13679  -0.22680  -1.13679
 -4.46115  -0.12423  -1.34725  -0.12423  -1.34725  -0.20218  -1.14692  -0.20218  -1.14692
 -4.41103  -0.10592  -1.35256  -0.10592  -1.35256  -0.18143  -1.15602  -0.18143  -1.15602
 -4.36090  -0.09233  -1.35719  -0.09233  -1.35719  -0.16439  -1.16426  -0.16439  -1.16426
 -4.31078  -0.08348  -1.36138  -0.08348  -1.36138  -0.15063  -1.17181  -0.15063  -1.17181
 -4.26065  -0.07783  -1.36528  -0.07783  -1.36528  -0.13984  -1.17882  -0.13984  -1.17882
 -4.21053  -0.07331  -1.36895  -0.07331  -1.36895  -0.13193  -1.18543  -0.13193  -1.18543
 -4.16040  -0.06834  -1.37238  -0.06834  -1.37238  -0.12710  -1.19180  -0.12710  -1.19180
 -4.11028  -0.06234  -1.37550  -0.06234  -1.37550  -0.12577  -1.19811  -0.12577  -1.19811
 -4.06015  -0.05553  -1.37829  -0.05553  -1.37829  -0.12850  -1.20455  -0.12850  -1.20455
 -4.01003  -0.04831  -1.38071  -0.04831  -1.38071  -0.13579  -1.21135  -0.13579  -1.21135
 -3.95990  -0.04081  -1.38275  -0.04081  -1.38275  -0.14763  -1.21875  -0.14763  -1.21875
 -3.90977  -0.03270  -1.38439  -0.03270  -1.38439  -0.16316  -1.22693  -0.16316  -1.22693
 -3.85965  -0.02345  -1.38557  -0.02345  -1.38557  -0.18054  -1.23598  -0.18054  -1.23598
 -3.80952  -0.01273  -1.38621  -0.01273  -1.38621  -0.19726  -1.24587  -0.19726  -1.24587
 -3.75940  -0.00068  -1.38624  -0.00068  -1.38624  -0.21073  -1.25643  -0.21073  -1.25643
 -3.70927   0.01204  -1.38564   0.01204  -1.38564  -0.21905  -1.26741  -0.21905  -1.26741
 -3.65915   0.02436  -1.38441   0.02436  -1.38441  -0.22150  -1.27851  -0.22150  -1.27851
 -3.60902   0.03504  -1.38266   0.03504  -1.38266  -0.21879  -1.28948  -0.21879  -1.28948
 -3.55890   0.04300  -1.38050   0.04300  -1.38050  -0.21289  -1.30015  -0.21289  -1.30015
 -3.50877   0.04765  -1.37811   0.04765  -1.37811  -0.20649  -1.31050  -0.20649  -1.31050
 -3.45865   0.04913  -1.37565   0.04913  -1.37565  -0.20218  -1.32064  -0.20218  -1.32064
 -3.40852   0.04813  -1.37324   0.04813  -1.37324  -0.20177  -1.33075  -0.20177  -1.33075
 -3.35840   0.04557  -1.37096   0.04557  -1.37096  -0.20575  -1.34106  -0.20575  -1.34106
 -3.30827   0.04215  -1.36884   0.04215  -1.36884  -0.21300  -1.35174  -0.21300  -1.35174
 -3.25815   0.03817  -1.36693   0.03817  -1.36693  -0.22084  -1.36281  -0.22084  -1.36281
 -3.20802   0.03378  -1.36524   0.03378  -1.36524  -0.22558  -1.37412  -0.22558  -1.37412
 -3.15789   0.02939  -1.36376   0.02939  -1.36376  -0.22349  -1.38532  -0.22349  -1.38532
 -3.10777   0.02594  -1.36246   0.02594  -1.36246  -0.21233  -1.39596  -0.21233  -1.39596
 -3.05764   0.02483  -1.36122   0.02483  -1.36122  -0.19233  -1.40560  -0.19233  -1.40560
 -3.00752   0.02751  -1.35984   0.02751  -1.35984  -0.16612  -1.41393  -0.16612  -1.41393
 -2.95739   0.03508  -1.35808   0.03508  -1.35808  -0.13751  -1.42082  -0.13751  -1.42082
 -2.90727   0.04790  -1.35568   0.04790  -1.35568  -0.10982  -1.42633  -0.10982  -1.42633
 -2.85714   0.06540  -1.35240   0.06540  -1.35240  -0.08500  -1.43059  -0.08500  -1.43059
 -2.80702   0.08607  -1.34809   0.08607  -1.34809  -0.06355  -1.43377  -0.06355  -1.43377
 -2.75689   0.10766  -1.34269   0.10766  -1.34269  -0.04502  -1.43603  -0.04502  -1.43603
 -2.70677   0.12768  -1.33629   0.12768  -1.33629  -0.02831  -1.43745  -0.02831  -1.43745
 -2.65664   0.14404  -1.32907   0.14404  -1.32907  -0.01169  -1.43804  -0.01169  -1.43804
 -2.60652   0.15553  -1.32128   0.15553  -1.32128   0.00694  -1.43769   0.00694  -1.43769
 -2.55639   0.16214  -1.31315   0.16214  -1.31315   0.02951  -1.43621   0.02951  -1.43621
 -2.50627   0.16494  -1.30488   0.16494  -1.30488   0.05688  -1.43336   0.05688  -1.43336
 -2.45614   0.16567  -1.29658   0.16567  -1.29658   0.08815  -1.42894   0.08815  -1.42894
 -2.40602   0.16617  -1.28825   0.16617  -1.28825   0.12071  -1.42289   0.12071  -1.42289
 -2.35589   0.16783  -1.27983   0.16783  -1.27983   0.15102  -1.41532   0.15102  -1.41532
 -2.30576   0.17124  -1.27125   0.17124  -1.27125   0.17575  -1.40651   0.17575  -1.40651
 -2.25564   0.17607  -1.26243   0.17607  -1.26243   0.19292  -1.39684   0.19292  -1.39684
 -2.20551   0.18109  -1.25335   0.18109  -1.25335   0.20246  -1.38669   0.20246  -1.38669
 -2.15539   0.18460  -1.24409   0.18460  -1.24409   0.20611  -1.37636   0.20611  -1.37636
 -2.10526   0.18495  -1.23482   0.18495  -1.23482   0.20661  -1.36600   0.20661  -1.36600
 -2.05514   0.18120  -1.22574   0.18120  -1.22574   0.20668  -1.35564   0.20668  -1.35564
 -2.00501   0.17347  -1.21705   0.17347  -1.21705   0.20810  -1.34521   0.20810  -1.34521
 -1.95489   0.16300  -1.20888   0.16300  -1.20888   0.21146  -1.33461   0.21146  -1.33461
 -1.90476   0.15162  -1.20128   0.15162  -1.20128   0.21642  -1.32377   0.21642  -1.32377
 -1.85464   0.14113  -1.19420   0.14113  -1.19420   0.22219  -1.31263   0.22219  -1.31263
 -1.80451   0.13264  -1.18755   0.13264  -1.18755   0.22767  -1.30122   0.22767  -1.30122
 -1.75439   0.12622  -1.18123   0.12622  -1.18123   0.23138  -1.28962   0.23138  -1.28962
 -1.70426   0.12103  -1.17516   0.12103  -1.17516   0.23159  -1.27801   0.23159  -1.27801
 -1.65414   0.11581  -1.16935   0.11581  -1.16935   0.22681  -1.26664   0.22681  -1.26664
 -1.60401   0.10957  -1.16386   0.10957  -1.16386   0.21659  -1.25578   0.21659  -1.25578
 -1.55388   0.10208  -1.15875   0.10208  -1.15875   0.20191  -1.24566   0.20191  -1.24566
 -1.50376   0.09384  -1.15404   0.09384  -1.15404   0.18481  -1.23640   0.18481  -1.23640
 -1.45363   0.08572  -1.14974   0.08572  -1.14974   0.16758  -1.22800   0.16758  -1.22800
 -1.40351   0.07840  -1.14582   0.07840  -1.14582   0.15200  -1.22038   0.15200  -1.22038
 -1.35338   0.07219  -1.14220   0.07219  -1.14220   0.13887  -1.21342   0.13887  -1.21342
 -1.30326   0.06717  -1.13883   0.06717  -1.13883   0.12818  -1.20699   0.12818  -1.20699
 -1.25313   0.06334  -1.13565   0.06334  -1.13565   0.11941  -1.20101   0.11941  -1.20101
 -1.20301   0.06080  -1.13261   0.06080  -1.13261   0.11200  -1.19540   0.11200  -1.19540
 -1.15288   0.05960  -1.12962   0.05960  -1.12962   0.10556  -1.19010   0.10556  -1.19010
 -1.10276   0.05967  -1.12663   0.05967  -1.12663   0.10000  -1.18509   0.10000  -1.18509
 -1.05263   0.06082  -1.12358   0.06082  -1.12358   0.09537  -1.18031   0.09537  -1.18031
 -1.00251   0.06279  -1.12043   0.06279  -1.12043   0.09173  -1.17571   0.09173  -1.17571
 -0.95238   0.06541  -1.11715   0.06541  -1.11715   0.08879  -1.17126   0.08879  -1.17126
 -0.90226   0.06869  -1.11371   0.06869  -1.11371   0.08592  -1.16696   0.08592  -1.16696
 -0.85213   0.07280  -1.11006   0.07280  -1.11006   0.08210  -1.16284   0.08210  -1.16284
 -0.80201   0.07803  -1.10615   0.07803  -1.10615   0.07634  -1.15901   0.07634  -1.15901
 -0.75188   0.08466  -1.10191   0.08466  -1.10191   0.06804  -1.15560   0.06804  -1.15560
 -0.70175   0.09267  -1.09726   0.09267  -1.09726   0.05736  -1.15273   0.05736  -1.15273
 -0.65163   0.10152  -1.09217   0.10152  -1.09217   0.04527  -1.15046   0.04527  -1.15046
 -0.60150   0.11015  -1.08665   0.11015  -1.08665   0.03320  -1.14879   0.03320  -1.14879
 -0.55138   0.11719  -1.08078   0.11719  -1.08078   0.02253  -1.14767   0.02253  -1.14767
 -0.50125   0.12138  -1.07469   0.12138  -1.07469   0.01413  -1.14696   0.01413  -1.14696
 -0.45113   0.12206  -1.06857   0.12206  -1.06857   0.00822  -1.14655   0.00822  -1.14655
 -0.40100   0.11945  -1.06259   0.11945  -1.06259   0.00447  -1.14632   0.00447  -1.14632
 -0.35088   0.11465  -1.05684   0.11465  -1.05684   0.00229  -1.14621   0.00229  -1.14621
 -0.30075   0.10923  -1.05137   0.10923  -1.05137   0.00112  -1.14615   0.00112  -1.14615
 -0.25063   0.10465  -1.04612   0.10465  -1.04612   0.00053  -1.14612   0.00053  -1.14612
 -0.20050   0.10175  -1.04102   0.10175  -1.04102   0.00024  -1.14611   0.00024  -1.14611
 -0.15038   0.10040  -1.03599   0.10040  -1.03599   0.00010  -1.14611   0.00010  -1.14611
 -0.10025   0.09956  -1.03100   0.09956  -1.03100   0.00004  -1.14610   0.00004  -1.14610
 -0.05013   0.09755  -1.02611   0.09755  -1.02611   0.00002  -1.14610   0.00002  -1.14610
  0.00000   0.09259  -1.02147   0.09259  -1.02147   0.00001  -1.14610   0.00001  -1.14610
  0.05013   0.08353  -1.01728   0.08353  -1.01728   0.00000  -1.14610   0.00000  -1.14610
  0.10025   0.07053  -1.01374   0.07053  -1.01374   0.00000  -1.14610   0.00000  -1.14610
  0.15038   0.05524  -1.01097   0.05524  -1.01097   0.00000  -1.14610   0.00000  -1.14610
  0.20050   0.04059  -1.00894   0.04059  -1.00894   0.00000  -1.14610   0.00000  -1.14610
  0.25063   0.03040  -1.00742   0.03040  -1.00742   0.00000  -1.14610   0.00000  -1.14610
  0.30075   0.02971  -1.00593   0.02971  -1.00593   0.00000  -1.14610   0.00000  -1.14610
  0.35088   0.04584  -1.00363   0.04584  -1.00363   0.00000  -1.14610   0.00000  -1.14610
  0.40100   0.08929  -0.99915   0.08929  -0.99915   0.00000  -1.14610   0.00000  -1.14610
  0.45113   0.17203  -0.99053   0.17203  -0.99053   0.00000  -1.14610   0.00000  -1.14610
  0.50125   0.30148  -0.97542   0.30148  -0.97542   0.00000  -1.14610   0.00000  -1.14610
  0.55138   0.47131  -0.95179   0.47131  -0.95179   0.00000  -1.14610   0.00000  -1.14610
  0.60150   0.65454  -0.91899   0.65454  -0.91899   0.00000  -1.14610   0.00000  -1.14610
  0.65163   0.80699  -0.87853   0.80699  -0.87853   0.00001  -1.14610   0.00001  -1.14610
  0.70175   0.88344  -0.83425   0.88344  -0.83425   0.00003  -1.14610   0.00003  -1.14610
  0.75188   0.85940  -0.79117   0.85940  -0.79117   0.00011  -1.14610   0.00011  -1.14610
  0.80201   0.74434  -0.75386   0.74434  -0.75386   0.00034  -1.14608   0.00034  -1.14608
  0.85213   0.57696  -0.72494   0.57696  -0.72494   0.00097  -1.14603   0.00097  -1.14603
  0.90226   0.40581  -0.70460   0.40581  -0.70460   0.00244  -1.14591   0.00244  -1.14591
  0.95238   0.26844  -0.69115   0.26844  -0.69115   0.00549  -1.14563   0.00549  -1.14563
  1.00251   0.18089  -0.68208   0.18089  -0.68208   0.01102  -1.14508   0.01102  -1.14508
  1.05263   0.13985  -0.67507   0.13985  -0.67507   0.01979  -1.14409   0.01979  -1.14409
  1.10276   0.13167  -0.66847   0.13167  -0.66847   0.03185  -1.14249   0.03185  -1.14249
  1.15288   0.14084  -0.66141   0.14084  -0.66141   0.04607  -1.14018   0.04607  -1.14018
  1.20301   0.15456  -0.65366   0.15456  -0.65366   0.06001  -1.13717   0.06001  -1.13717
  1.25313   0.16389  -0.64545   0.16389  -0.64545   0.07057  -1.13364   0.07057  -1.13364
  1.30326   0.16366  -0.63724   0.16366  -0.63724   0.07509  -1.12987   0.07509  -1.12987
  1.35338   0.15228  -0.62961   0.15228  -0.62961   0.07246  -1.12624   0.07246  -1.12624
  1.40351   0.13149  -0.62302   0.13149  -0.62302   0.06354  -1.12306   0.06354  -1.12306
  1.45363   0.10536  -0.61774   0.10536  -0.61774   0.05077  -1.12051   0.05077  -1.12051
  1.50376   0.07864  -0.61380   0.07864  -0.61380   0.03723  -1.11864   0.03723  -1.11864
  1.55388   0.05517  -0.61103   0.05517  -0.61103   0.02562  -1.11736   0.02562  -1.11736
  1.60401   0.03697  -0.60918   0.03697  -0.60918   0.01764  -1.11648   0.01764  -1.11648
  1.65414   0.02435  -0.60796   0.02435  -0.60796   0.01388  -1.11578   0.01388  -1.11578
  1.70426   0.01646  -0.60713   0.01646  -0.60713   0.01398  -1.11508   0.01398  -1.11508
  1.75439   0.01204  -0.60653   0.01204  -0.60653   0.01700  -1.11423   0.01700  -1.11423
  1.80451   0.00984  -0.60604   0.00984  -0.60604   0.02202  -1.11312   0.02202  -1.11312
  1.85464   0.00886  -0.60559   0.00886  -0.60559   0.02926  -1.11166   0.02926  -1.11166
  1.90476   0.00839  -0.60517   0.00839  -0.60517   0.04204  -1.10955   0.04204  -1.10955
  1.95489   0.00799  -0.60477   0.00799  -0.60477   0.06905  -1.10609   0.06905  -1.10609
  2.00501   0.00746  -0.60440   0.00746  -0.60440   0.12542  -1.09980   0.12542  -1.09980
  2.05514   0.00677  -0.60406   0.00677  -0.60406   0.22973  -1.08829   0.22973  -1.08829
  2.10526   0.00598  -0.60376   0.00598  -0.60376   0.39482  -1.06850   0.39482  -1.06850
  2.15539   0.00518  -0.60350   0.00518  -0.60350   0.61421  -1.03771   0.61421  -1.03771
  2.20551   0.00444  -0.60328   0.00444  -0.60328   0.85220  -0.99499   0.85220  -0.99499
  2.25564   0.00379  -0.60308   0.00379  -0.60308   1.04868  -0.94243   1.04868  -0.94243
  2.30576   0.00323  -0.60292   0.00323  -0.60292   1.14222  -0.88517   1.14222  -0.88517
  2.35589   0.00272  -0.60279   0.00272  -0.60279   1.10059  -0.83001   1.10059  -0.83001
  2.40602   0.00224  -0.60267   0.00224  -0.60267   0.93836  -0.78297   0.93836  -0.78297
  2.45614   0.00179  -0.60259   0.00179  -0.60259   0.70875  -0.74744   0.70875  -0.74744
  2.50627   0.00136  -0.60252   0.00136  -0.60252   0.47589  -0.72359   0.47589  -0.72359
  2.55639   0.00096  -0.60247   0.00096  -0.60247   0.28725  -0.70919   0.28725  -0.70919
  2.60652   0.00064  -0.60244   0.00064  -0.60244   0.16206  -0.70107   0.16206  -0.70107
  2.65664   0.00038  -0.60242   0.00038  -0.60242   0.09685  -0.69621   0.09685  -0.69621
  2.70677   0.00021  -0.60241   0.00021  -0.60241   0.07803  -0.69230   0.07803  -0.69230
  2.75689   0.00011  -0.60240   0.00011  -0.60240   0.09113  -0.68773   0.09113  -0.68773
  2.80702   0.00005  -0.60240   0.00005  -0.60240   0.12324  -0.68156   0.12324  -0.68156
  2.85714   0.00002  -0.60240   0.00002  -0.60240   0.16153  -0.67346   0.16153  -0.67346
  2.90727   0.00001  -0.60240   0.00001  -0.60240   0.19266  -0.66380   0.19266  -0.66380
  2.95739   0.00000  -0.60240   0.00000  -0.60240   0.20541  -0.65351   0.20541  -0.65351
  3.00752   0.00000  -0.60240   0.00000  -0.60240   0.19485  -0.64374   0.19485  -0.64374
  3.05764   0.00000  -0.60240   0.00000  -0.60240   0.16440  -0.63550   0.16440  -0.63550
  3.10777   0.00000  -0.60240   0.00000  -0.60240   0.12368  -0.62930   0.12368  -0.62930
  3.15789   0.00000  -0.60240   0.00000  -0.60240   0.08342  -0.62512   0.08342  -0.62512
  3.20802   0.00000  -0.60240   0.00000  -0.60240   0.05100  -0.62256   0.05100  -0.62256
  3.25815   0.00000  -0.60240   0.00000  -0.60240   0.02891  -0.62111   0.02891  -0.62111
  3.30827   0.00000  -0.60240   0.00000  -0.60240   0.01589  -0.62032   0.01589  -0.62032
  3.35840   0.00000  -0.60240   0.00000  -0.60240   0.00918  -0.61986   0.00918  -0.61986
  3.40852   0.00000  -0.60240   0.00000  -0.60240   0.00619  -0.61955   0.00619  -0.61955
  3.45865   0.00000  -0.60240   0.00000  -0.60240   0.00508  -0.61929   0.00508  -0.61929
  3.50877   0.00000  -0.60240   0.00000  -0.60240   0.00477  -0.61905   0.00477  -0.61905
  3.55890   0.00000  -0.60240   0.00000  -0.60240   0.00467  -0.61882   0.00467  -0.61882
  3.60902   0.00000  -0.60240   0.00000  -0.60240   0.00451  -0.61859   0.00451  -0.61859
  3.65915   0.00000  -0.60240   0.00000  -0.60240   0.00422  -0.61838   0.00422  -0.61838
  3.70927   0.00000  -0.60240   0.00000  -0.60240   0.00391  -0.61818   0.00391  -0.61818
  3.75940   0.00000  -0.60240   0.00000  -0.60240   0.00379  -0.61799   0.00379  -0.61799
  3.80952   0.00000  -0.60240   0.00000  -0.60240   0.00414  -0.61779   0.00414  -0.61779
  3.85965   0.00000  -0.60240   0.00000  -0.60240   0.00526  -0.61752   0.00526  -0.61752
  3.90977   0.00000  -0.60240   0.00000  -0.60240   0.00733  -0.61716   0.00733  -0.61716
  3.95990   0.00000  -0.60240   0.00000  -0.60240   0.01031  -0.61664   0.01031  -0.61664
  4.01003   0.00000  -0.60240   0.00000  -0.60240   0.01386  -0.61594   0.01386  -0.61594
  4.06015   0.00000  -0.60240   0.00000  -0.60240   0.01734  -0.61507   0.01734  -0.61507
  4.11028   0.00000  -0.60240   0.00000  -0.60240   0.01995  -0.61407   0.01995  -0.61407
  4.16040   0.00000  -0.60240   0.00000  -0.60240   0.02102  -0.61302   0.02102  -0.61302
  4.21053   0.00000  -0.60240   0.00000  -0.60240   0.02026  -0.61201   0.02026  -0.61201
  4.26065   0.00000  -0.60240   0.00000  -0.60240   0.01789  -0.61111   0.01789  -0.61111
  4.31078   0.00000  -0.60240   0.00000  -0.60240   0.01453  -0.61038   0.01453  -0.61038
  4.36090   0.00000  -0.60240   0.00000  -0.60240   0.01093  -0.60983   0.01093  -0.60983
  4.41103   0.00000  -0.60240   0.00000  -0.60240   0.00771  -0.60945   0.00771  -0.60945
  4.46115   0.00000  -0.60240   0.00000  -0.60240   0.00519  -0.60919   0.00519  -0.60919
  4.51128   0.00000  -0.60240   0.00000  -0.60240   0.00340  -0.60902   0.00340  -0.60902
  4.56140   0.00000  -0.60240   0.00000  -0.60240   0.00220  -0.60890   0.00220  -0.60890
  4.61153   0.00000  -0.60240   0.00000  -0.60240   0.00143  -0.60883   0.00143  -0.60883
  4.66165   0.00000  -0.60240   0.00000  -0.60240   0.00092  -0.60879   0.00092  -0.60879
  4.71178   0.00000  -0.60240   0.00000  -0.60240   0.00059  -0.60876   0.00059  -0.60876
  4.76190   0.00000  -0.60240   0.00000  -0.60240   0.00036  -0.60874   0.00036  -0.60874
  4.81203   0.00000  -0.60240   0.00000  -0.60240   0.00021  -0.60873   0.00021  -0.60873
  4.86216   0.00000  -0.60240   0.00000  -0.60240   0.00011  -0.60872   0.00011  -0.60872
  4.91228   0.00000  -0.60240   0.00000  -0.60240   0.00005  -0.60872   0.00005  -0.60872
  4.96241   0.00000  -0.60240   0.00000  -0.60240   0.00002  -0.60872   0.00002  -0.60872
  5.01253   0.00000  -0.60240   0.00000  -0.60240   0.00001  -0.60872   0.00001  -0.60872
  5.06266   0.00000  -0.60240   0.00000  -0.60240   0.00000  -0.60872   0.00000  -0.60872
  5.11278   0.00000  -0.60240   0.00000  -0.60240   0.00000  -0.60872   0.00000  -0.60872
  5.16291   0.00000  -0.60240   0.00000  -0.60240   0.00000  -0.60872   0.00000  -0.60872
  5.21303   0.00000  -0.60240   0.00000  -0.60240   0.00000  -0.60872   0.00000  -0.60872
  5.26316   0.00000  -0.60240   0.00000  -0.60240   0.00000  -0.60872   0.00000  -0.60872
  5.31328   0.00000  -0.60240   0.00000  -0.60240   0.00000  -0.60872   0.00000  -0.60872
  5.36341   0.00000  -0.60240   0.00000  -0.60240   0.00000  -0.60872   0.00000  -0.60872
  5.41353   0.00000  -0.60240   0.00000  -0.60240   0.00000  -0.60872   0.00000  -0.60872
  5.46366   0.00000  -0.60240   0.00000  -0.60240   0.00000  -0.60872   0.00000  -0.60872
  5.51378   0.00000  -0.60240   0.00000  -0.60240   0.00000  -0.60872   0.00000  -0.60872
  5.56391   0.00000  -0.60240   0.00000  -0.60240   0.00000  -0.60872   0.00000  -0.60872
  5.61404   0.00000  -0.60240   0.00000  -0.60240   0.00000  -0.60872   0.00000  -0.60872
  5.66416   0.00000  -0.60240   0.00000  -0.60240   0.00000  -0.60872   0.00000  -0.60872
  5.71429   0.00000  -0.60240   0.00000  -0.60240   0.00000  -0.60872   0.00000  -0.60872
  5.76441   0.00000  -0.60240   0.00000  -0.60240   0.00000  -0.60872   0.00000  -0.60872
  5.81454   0.00000  -0.60240   0.00000  -0.60240   0.00000  -0.60872   0.00000  -0.60872
  5.86466   0.00001  -0.60240   0.00001  -0.60240   0.00000  -0.60872   0.00000  -0.60872
  5.91479   0.00004  -0.60240   0.00004  -0.60240   0.00000  -0.60872   0.00000  -0.60872
  5.96491   0.00011  -0.60239   0.00011  -0.60239   0.00000  -0.60872   0.00000  -0.60872
  6.01504   0.00029  -0.60238   0.00029  -0.60238   0.00001  -0.60872   0.00001  -0.60872
  6.06516   0.00069  -0.60234   0.00069  -0.60234   0.00003  -0.60872   0.00003  -0.60872
  6.11529   0.00147  -0.60227   0.00147  -0.60227   0.00009  -0.60871   0.00009  -0.60871
  6.16541   0.00287  -0.60212   0.00287  -0.60212   0.00024  -0.60870   0.00024  -0.60870
  6.21554   0.00514  -0.60187   0.00514  -0.60187   0.00058  -0.60867   0.00058  -0.60867
  6.26566   0.00851  -0.60144   0.00851  -0.60144   0.00129  -0.60861   0.00129  -0.60861
  6.31579   0.01309  -0.60078   0.01309  -0.60078   0.00259  -0.60848   0.00259  -0.60848
  6.36591   0.01874  -0.59984   0.01874  -0.59984   0.00477  -0.60824   0.00477  -0.60824
  6.41604   0.02499  -0.59859   0.02499  -0.59859   0.00809  -0.60783   0.00809  -0.60783
  6.46617   0.03104  -0.59704   0.03104  -0.59704   0.01271  -0.60720   0.01271  -0.60720
  6.51629   0.03596  -0.59523   0.03596  -0.59523   0.01859  -0.60626   0.01859  -0.60626
  6.56642   0.03899  -0.59328   0.03899  -0.59328   0.02532  -0.60499   0.02532  -0.60499
  6.61654   0.03988  -0.59128   0.03988  -0.59128   0.03214  -0.60338   0.03214  -0.60338
  6.66667   0.03913  -0.58932   0.03913  -0.58932   0.03804  -0.60148   0.03804  -0.60148
  6.71679   0.03790  -0.58742   0.03790  -0.58742   0.04206  -0.59937   0.04206  -0.59937
  6.76692   0.03765  -0.58553   0.03765  -0.58553   0.04369  -0.59718   0.04369  -0.59718
  6.81704   0.03953  -0.58355   0.03953  -0.58355   0.04313  -0.59502   0.04313  -0.59502
  6.86717   0.04380  -0.58135   0.04380  -0.58135   0.04143  -0.59294   0.04143  -0.59294
  6.91729   0.04963  -0.57887   0.04963  -0.57887   0.04020  -0.59093   0.04020  -0.59093
  6.96742   0.05545  -0.57609   0.05545  -0.57609   0.04102  -0.58887   0.04102  -0.58887
  7.01754   0.05973  -0.57309   0.05973  -0.57309   0.04468  -0.58663   0.04468  -0.58663
  7.06767   0.06165  -0.57000   0.06165  -0.57000   0.05076  -0.58409   0.05076  -0.58409
  7.11779   0.06148  -0.56692   0.06148  -0.56692   0.05770  -0.58119   0.05770  -0.58119
  7.16792   0.06043  -0.56389   0.06043  -0.56389   0.06350  -0.57801   0.06350  -0.57801
  7.21805   0.06020  -0.56088   0.06020  -0.56088   0.06659  -0.57467   0.06659  -0.57467
  7.26817   0.06223  -0.55776   0.06223  -0.55776   0.06655  -0.57134   0.06655  -0.57134
  7.31830   0.06699  -0.55440   0.06699  -0.55440   0.06437  -0.56811   0.06437  -0.56811
  7.36842   0.07363  -0.55071   0.07363  -0.55071   0.06218  -0.56499   0.06218  -0.56499
  7.41855   0.08018  -0.54669   0.08018  -0.54669   0.06238  -0.56187   0.06238  -0.56187
  7.46867   0.08436  -0.54246   0.08436  -0.54246   0.06647  -0.55854   0.06647  -0.55854
  7.51880   0.08468  -0.53822   0.08468  -0.53822   0.07421  -0.55482   0.07421  -0.55482
  7.56892   0.08117  -0.53415   0.08117  -0.53415   0.08354  -0.55063   0.08354  -0.55063
  7.61905   0.07534  -0.53037   0.07534  -0.53037   0.09141  -0.54605   0.09141  -0.54605
  7.66917   0.06933  -0.52690   0.06933  -0.52690   0.09514  -0.54128   0.09514  -0.54128
  7.71930   0.06494  -0.52364   0.06494  -0.52364   0.09368  -0.53658   0.09368  -0.53658
  7.76942   0.06299  -0.52048   0.06299  -0.52048   0.08793  -0.53217   0.08793  -0.53217
  7.81955   0.06328  -0.51731   0.06328  -0.51731   0.08024  -0.52815   0.08024  -0.52815
  7.86967   0.06484  -0.51406   0.06484  -0.51406   0.07322  -0.52448   0.07322  -0.52448
  7.91980   0.06640  -0.51073   0.06640  -0.51073   0.06879  -0.52103   0.06879  -0.52103
  7.96992   0.06681  -0.50738   0.06681  -0.50738   0.06760  -0.51764   0.06760  -0.51764
  8.02005   0.06551  -0.50410   0.06551  -0.50410   0.06909  -0.51418   0.06909  -0.51418
  8.07018   0.06265  -0.50096   0.06265  -0.50096   0.07172  -0.51059   0.07172  -0.51059
  8.12030   0.05899  -0.49800   0.05899  -0.49800   0.07370  -0.50689   0.07370  -0.50689
  8.17043   0.05561  -0.49522   0.05561  -0.49522   0.07367  -0.50320   0.07367  -0.50320
  8.22055   0.05372  -0.49252   0.05372  -0.49252   0.07133  -0.49962   0.07133  -0.49962
  8.27068   0.05452  -0.48979   0.05452  -0.48979   0.06747  -0.49624   0.06747  -0.49624
  8.32080   0.05914  -0.48683   0.05914  -0.48683   0.06361  -0.49305   0.06361  -0.49305
  8.37093   0.06833  -0.48340   0.06833  -0.48340   0.06149  -0.48997   0.06149  -0.48997
  8.42105   0.08196  -0.47929   0.08196  -0.47929   0.06272  -0.48683   0.06272  -0.48683
  8.47118   0.09874  -0.47434   0.09874  -0.47434   0.06852  -0.48339   0.06852  -0.48339
  8.52130   0.11621  -0.46852   0.11621  -0.46852   0.07935  -0.47942   0.07935  -0.47942
  8.57143   0.13139  -0.46193   0.13139  -0.46193   0.09442  -0.47468   0.09442  -0.47468
  8.62155   0.14171  -0.45483   0.14171  -0.45483   0.11153  -0.46909   0.11153  -0.46909
  8.67168   0.14597  -0.44751   0.14597  -0.44751   0.12749  -0.46270   0.12749  -0.46270
  8.72180   0.14470  -0.44026   0.14470  -0.44026   0.13924  -0.45572   0.13924  -0.45572
  8.77193   0.13978  -0.43325   0.13978  -0.43325   0.14497  -0.44846   0.14497  -0.44846
  8.82206   0.13349  -0.42656   0.13349  -0.42656   0.14478  -0.44120   0.14478  -0.44120
  8.87218   0.12759  -0.42016   0.12759  -0.42016   0.14037  -0.43416   0.14037  -0.43416
  8.92231   0.12284  -0.41401   0.12284  -0.41401   0.13406  -0.42744   0.13406  -0.42744
  8.97243   0.11911  -0.40804   0.11911  -0.40804   0.12783  -0.42103   0.12783  -0.42103
  9.02256   0.11589  -0.40223   0.11589  -0.40223   0.12267  -0.41489   0.12267  -0.41489
  9.07268   0.11268  -0.39658   0.11268  -0.39658   0.11865  -0.40894   0.11865  -0.40894
  9.12281   0.10915  -0.39111   0.10915  -0.39111   0.11529  -0.40316   0.11529  -0.40316
  9.17293   0.10511  -0.38584   0.10511  -0.38584   0.11199  -0.39755   0.11199  -0.39755
  9.22306   0.10041  -0.38081   0.10041  -0.38081   0.10835  -0.39211   0.10835  -0.39211
  9.27318   0.09502  -0.37604   0.09502  -0.37604   0.10422  -0.38689   0.10422  -0.38689
  9.32331   0.08909  -0.37158   0.08909  -0.37158   0.09961  -0.38190   0.09961  -0.38190
  9.37343   0.08307  -0.36741   0.08307  -0.36741   0.09462  -0.37715   0.09462  -0.37715
  9.42356   0.07759  -0.36352   0.07759  -0.36352   0.08939  -0.37267   0.08939  -0.37267
  9.47368   0.07336  -0.35985   0.07336  -0.35985   0.08416  -0.36846   0.08416  -0.36846
  9.52381   0.07094  -0.35629   0.07094  -0.35629   0.07925  -0.36448   0.07925  -0.36448
  9.57393   0.07063  -0.35275   0.07063  -0.35275   0.07513  -0.36072   0.07513  -0.36072
  9.62406   0.07241  -0.34912   0.07241  -0.34912   0.07230  -0.35709   0.07230  -0.35709
  9.67419   0.07610  -0.34531   0.07610  -0.34531   0.07114  -0.35353   0.07114  -0.35353
  9.72431   0.08150  -0.34122   0.08150  -0.34122   0.07186  -0.34993   0.07186  -0.34993
  9.77444   0.08843  -0.33679   0.08843  -0.33679   0.07440  -0.34620   0.07440  -0.34620
  9.82456   0.09658  -0.33195   0.09658  -0.33195   0.07860  -0.34226   0.07860  -0.34226
  9.87469   0.10529  -0.32667   0.10529  -0.32667   0.08429  -0.33803   0.08429  -0.33803
  9.92481   0.11352  -0.32098   0.11352  -0.32098   0.09125  -0.33346   0.09125  -0.33346
  9.97494   0.12004  -0.31496   0.12004  -0.31496   0.09912  -0.32849   0.09912  -0.32849
 10.02506   0.12394  -0.30875   0.12394  -0.30875   0.10721  -0.32311   0.10721  -0.32311