ESCALE ; pCOHP file generated by LOBSTER. Energy is shifted such that the Fermi level lies at 0 eV.
         2          2        401  -6.04511e+00   1.40050e+01   3.97995e+00 
Average
No.1:Ni59->O105(9.2707791790692902)
-10.02506   0.00000  -0.00000   0.00000  -0.00000   0.00000  -0.00000   0.00000  -0.00000
 -9.97494   0.00000  -0.00000   0.00000  -0.00000   0.00000  -0.00000   0.00000  -0.00000
 -9.92481   0.00000  -0.00000   0.00000  -0.00000   0.00000  -0.00000   0.00000  -0.00000
 -9.87469   0.00000  -0.00000   0.00000  -0.00000   0.00000  -0.00000   0.00000  -0.00000
 -9.82456   0.00000  -0.00000   0.00000  -0.00000   0.00000  -0.00000   0.00000  -0.00000
 -9.77444   0.00000  -0.00000   0.00000  -0.00000   0.00000  -0.00000   0.00000  -0.00000
 -9.72431   0.00000  -0.00000   0.00000  -0.00000   0.00000  -0.00000   0.00000  -0.00000
 -9.67419   0.00000  -0.00000   0.00000  -0.00000   0.00000  -0.00000   0.00000  -0.00000
 -9.62406   0.00000  -0.00000   0.00000  -0.00000   0.00000  -0.00000   0.00000  -0.00000
 -9.57393   0.00000  -0.00000   0.00000  -0.00000   0.00000  -0.00000   0.00000  -0.00000
 -9.52381   0.00000  -0.00000   0.00000  -0.00000   0.00000  -0.00000   0.00000  -0.00000
 -9.47368   0.00000  -0.00000   0.00000  -0.00000   0.00000  -0.00000   0.00000  -0.00000
 -9.42356   0.00000  -0.00000   0.00000  -0.00000   0.00000  -0.00000   0.00000  -0.00000
 -9.37343   0.00000  -0.00000   0.00000  -0.00000   0.00000  -0.00000   0.00000  -0.00000
 -9.32331   0.00000  -0.00000   0.00000  -0.00000   0.00000  -0.00000   0.00000  -0.00000
 -9.27318   0.00000  -0.00000   0.00000  -0.00000   0.00000  -0.00000   0.00000  -0.00000
 -9.22306   0.00000  -0.00000   0.00000  -0.00000   0.00000  -0.00000   0.00000  -0.00000
 -9.17293   0.00000  -0.00000   0.00000  -0.00000   0.00000  -0.00000   0.00000  -0.00000
 -9.12281   0.00000  -0.00000   0.00000  -0.00000   0.00000  -0.00000   0.00000  -0.00000
 -9.07268   0.00000  -0.00000   0.00000  -0.00000   0.00000  -0.00000   0.00000  -0.00000
 -9.02256   0.00000  -0.00000   0.00000  -0.00000   0.00000  -0.00000   0.00000  -0.00000
 -8.97243   0.00000  -0.00000   0.00000  -0.00000   0.00000  -0.00000   0.00000  -0.00000
 -8.92231   0.00000  -0.00000   0.00000  -0.00000   0.00000  -0.00000   0.00000  -0.00000
 -8.87218   0.00000  -0.00000   0.00000  -0.00000   0.00000  -0.00000   0.00000  -0.00000
 -8.82206  -0.00000  -0.00000  -0.00000  -0.00000   0.00000  -0.00000   0.00000  -0.00000
 -8.77193   0.00000  -0.00000   0.00000  -0.00000   0.00000  -0.00000   0.00000  -0.00000
 -8.72180  -0.00000  -0.00000  -0.00000  -0.00000   0.00000  -0.00000   0.00000  -0.00000
 -8.67168  -0.00000  -0.00000  -0.00000  -0.00000   0.00000  -0.00000   0.00000  -0.00000
 -8.62155  -0.00000  -0.00000  -0.00000  -0.00000   0.00000  -0.00000   0.00000  -0.00000
 -8.57143  -0.00000  -0.00000  -0.00000  -0.00000   0.00000  -0.00000   0.00000  -0.00000
 -8.52130  -0.00000  -0.00000  -0.00000  -0.00000   0.00000  -0.00000   0.00000  -0.00000
 -8.47118  -0.00000  -0.00000  -0.00000  -0.00000   0.00000  -0.00000   0.00000  -0.00000
 -8.42105  -0.00000  -0.00000  -0.00000  -0.00000   0.00000  -0.00000   0.00000  -0.00000
 -8.37093  -0.00000  -0.00000  -0.00000  -0.00000   0.00000  -0.00000   0.00000  -0.00000
 -8.32080  -0.00000  -0.00000  -0.00000  -0.00000   0.00000  -0.00000   0.00000  -0.00000
 -8.27068  -0.00000  -0.00000  -0.00000  -0.00000   0.00000  -0.00000   0.00000  -0.00000
 -8.22055  -0.00000  -0.00000  -0.00000  -0.00000   0.00000  -0.00000   0.00000  -0.00000
 -8.17043  -0.00000  -0.00000  -0.00000  -0.00000   0.00000  -0.00000   0.00000  -0.00000
 -8.12030  -0.00000  -0.00000  -0.00000  -0.00000   0.00000  -0.00000   0.00000  -0.00000
 -8.07018  -0.00000  -0.00000  -0.00000  -0.00000   0.00000  -0.00000   0.00000  -0.00000
 -8.02005  -0.00000  -0.00000  -0.00000  -0.00000   0.00000  -0.00000   0.00000  -0.00000
 -7.96992  -0.00000  -0.00000  -0.00000  -0.00000   0.00000  -0.00000   0.00000  -0.00000
 -7.91980  -0.00000  -0.00000  -0.00000  -0.00000   0.00000  -0.00000   0.00000  -0.00000
 -7.86967  -0.00000  -0.00000  -0.00000  -0.00000   0.00000  -0.00000   0.00000  -0.00000
 -7.81955  -0.00000  -0.00000  -0.00000  -0.00000   0.00000  -0.00000   0.00000  -0.00000
 -7.76942  -0.00000  -0.00000  -0.00000  -0.00000   0.00000  -0.00000   0.00000  -0.00000
 -7.71930  -0.00000  -0.00000  -0.00000  -0.00000   0.00000  -0.00000   0.00000  -0.00000
 -7.66917  -0.00000  -0.00000  -0.00000  -0.00000  -0.00000  -0.00000  -0.00000  -0.00000
 -7.61905  -0.00000  -0.00000  -0.00000  -0.00000   0.00000  -0.00000   0.00000  -0.00000
 -7.56892  -0.00000  -0.00000  -0.00000  -0.00000   0.00000  -0.00000   0.00000  -0.00000
 -7.51880   0.00000  -0.00000   0.00000  -0.00000   0.00000  -0.00000   0.00000  -0.00000
 -7.46867   0.00000  -0.00000   0.00000  -0.00000   0.00000  -0.00000   0.00000  -0.00000
 -7.41855   0.00000  -0.00000   0.00000  -0.00000   0.00000  -0.00000   0.00000  -0.00000
 -7.36842   0.00000  -0.00000   0.00000  -0.00000   0.00000  -0.00000   0.00000  -0.00000
 -7.31830   0.00000  -0.00000   0.00000  -0.00000   0.00000  -0.00000   0.00000  -0.00000
 -7.26817   0.00000  -0.00000   0.00000  -0.00000   0.00000  -0.00000   0.00000  -0.00000
 -7.21805   0.00000  -0.00000   0.00000  -0.00000   0.00000  -0.00000   0.00000  -0.00000
 -7.16792   0.00000  -0.00000   0.00000  -0.00000   0.00000  -0.00000   0.00000  -0.00000
 -7.11779   0.00000  -0.00000   0.00000  -0.00000   0.00000  -0.00000   0.00000  -0.00000
 -7.06767   0.00000  -0.00000   0.00000  -0.00000   0.00000  -0.00000   0.00000  -0.00000
 -7.01754   0.00000  -0.00000   0.00000  -0.00000   0.00000  -0.00000   0.00000  -0.00000
 -6.96742   0.00000  -0.00000   0.00000  -0.00000   0.00000  -0.00000   0.00000  -0.00000
 -6.91729   0.00001  -0.00000   0.00001  -0.00000   0.00000  -0.00000   0.00000  -0.00000
 -6.86717   0.00001  -0.00000   0.00001  -0.00000   0.00000  -0.00000   0.00000  -0.00000
 -6.81704   0.00002  -0.00000   0.00002  -0.00000   0.00000  -0.00000   0.00000  -0.00000
 -6.76692   0.00002  -0.00000   0.00002  -0.00000   0.00000  -0.00000   0.00000  -0.00000
 -6.71679   0.00003   0.00000   0.00003   0.00000   0.00001  -0.00000   0.00001  -0.00000
 -6.66667   0.00003   0.00000   0.00003   0.00000   0.00001  -0.00000   0.00001  -0.00000
 -6.61654   0.00003   0.00000   0.00003   0.00000   0.00002  -0.00000   0.00002  -0.00000
 -6.56642   0.00004   0.00001   0.00004   0.00001   0.00002  -0.00000   0.00002  -0.00000
 -6.51629   0.00004   0.00001   0.00004   0.00001   0.00003   0.00000   0.00003   0.00000
 -6.46617   0.00005   0.00001   0.00005   0.00001   0.00003   0.00000   0.00003   0.00000
 -6.41604   0.00006   0.00001   0.00006   0.00001   0.00002   0.00000   0.00002   0.00000
 -6.36591   0.00006   0.00002   0.00006   0.00002   0.00002   0.00000   0.00002   0.00000
 -6.31579   0.00005   0.00002   0.00005   0.00002   0.00001   0.00000   0.00001   0.00000
 -6.26566   0.00004   0.00002   0.00004   0.00002   0.00000   0.00000   0.00000   0.00000
 -6.21554   0.00003   0.00002   0.00003   0.00002   0.00000   0.00000   0.00000   0.00000
 -6.16541   0.00001   0.00002   0.00001   0.00002   0.00000   0.00000   0.00000   0.00000
 -6.11529   0.00000   0.00002   0.00000   0.00002   0.00001   0.00000   0.00001   0.00000
 -6.06516  -0.00001   0.00002  -0.00001   0.00002   0.00002   0.00001   0.00002   0.00001
 -6.01504  -0.00001   0.00002  -0.00001   0.00002   0.00002   0.00001   0.00002   0.00001
 -5.96491  -0.00001   0.00002  -0.00001   0.00002   0.00002   0.00001   0.00002   0.00001
 -5.91479  -0.00001   0.00002  -0.00001   0.00002   0.00002   0.00001   0.00002   0.00001
 -5.86466  -0.00002   0.00002  -0.00002   0.00002   0.00002   0.00001   0.00002   0.00001
 -5.81454  -0.00002   0.00002  -0.00002   0.00002   0.00001   0.00001   0.00001   0.00001
 -5.76441  -0.00002   0.00002  -0.00002   0.00002   0.00001   0.00001   0.00001   0.00001
 -5.71429  -0.00002   0.00002  -0.00002   0.00002  -0.00000   0.00001  -0.00000   0.00001
 -5.66416  -0.00002   0.00002  -0.00002   0.00002  -0.00002   0.00001  -0.00002   0.00001
 -5.61404  -0.00002   0.00001  -0.00002   0.00001  -0.00003   0.00001  -0.00003   0.00001
 -5.56391  -0.00002   0.00001  -0.00002   0.00001  -0.00004   0.00001  -0.00004   0.00001
 -5.51378  -0.00003   0.00001  -0.00003   0.00001  -0.00005   0.00000  -0.00005   0.00000
 -5.46366  -0.00004   0.00001  -0.00004   0.00001  -0.00005   0.00000  -0.00005   0.00000
 -5.41353  -0.00006   0.00001  -0.00006   0.00001  -0.00005  -0.00000  -0.00005  -0.00000
 -5.36341  -0.00008   0.00000  -0.00008   0.00000  -0.00005  -0.00000  -0.00005  -0.00000
 -5.31328  -0.00010  -0.00000  -0.00010  -0.00000  -0.00004  -0.00001  -0.00004  -0.00001
 -5.26316  -0.00013  -0.00001  -0.00013  -0.00001  -0.00003  -0.00001  -0.00003  -0.00001
 -5.21303  -0.00015  -0.00002  -0.00015  -0.00002  -0.00002  -0.00001  -0.00002  -0.00001
 -5.16291  -0.00018  -0.00003  -0.00018  -0.00003  -0.00000  -0.00001  -0.00000  -0.00001
 -5.11278  -0.00019  -0.00004  -0.00019  -0.00004   0.00002  -0.00001   0.00002  -0.00001
 -5.06266  -0.00018  -0.00004  -0.00018  -0.00004   0.00005  -0.00001   0.00005  -0.00001
 -5.01253  -0.00016  -0.00005  -0.00016  -0.00005   0.00008  -0.00000   0.00008  -0.00000
 -4.96241  -0.00011  -0.00006  -0.00011  -0.00006   0.00012   0.00000   0.00012   0.00000
 -4.91228  -0.00007  -0.00006  -0.00007  -0.00006   0.00015   0.00001   0.00015   0.00001
 -4.86216  -0.00002  -0.00006  -0.00002  -0.00006   0.00016   0.00002   0.00016   0.00002
 -4.81203   0.00002  -0.00006   0.00002  -0.00006   0.00014   0.00003   0.00014   0.00003
 -4.76190   0.00005  -0.00006   0.00005  -0.00006   0.00009   0.00003   0.00009   0.00003
 -4.71178   0.00008  -0.00006   0.00008  -0.00006   0.00001   0.00003   0.00001   0.00003
 -4.66165   0.00010  -0.00005   0.00010  -0.00005  -0.00008   0.00003  -0.00008   0.00003
 -4.61153   0.00012  -0.00004   0.00012  -0.00004  -0.00017   0.00002  -0.00017   0.00002
 -4.56140   0.00014  -0.00004   0.00014  -0.00004  -0.00023   0.00001  -0.00023   0.00001
 -4.51128   0.00015  -0.00003   0.00015  -0.00003  -0.00025  -0.00001  -0.00025  -0.00001
 -4.46115   0.00015  -0.00002   0.00015  -0.00002  -0.00023  -0.00002  -0.00023  -0.00002
 -4.41103   0.00014  -0.00001   0.00014  -0.00001  -0.00018  -0.00003  -0.00018  -0.00003
 -4.36090   0.00011  -0.00001   0.00011  -0.00001  -0.00011  -0.00003  -0.00011  -0.00003
 -4.31078   0.00008  -0.00001   0.00008  -0.00001  -0.00005  -0.00003  -0.00005  -0.00003
 -4.26065   0.00005  -0.00000   0.00005  -0.00000   0.00001  -0.00003   0.00001  -0.00003
 -4.21053   0.00002  -0.00000   0.00002  -0.00000   0.00006  -0.00003   0.00006  -0.00003
 -4.16040   0.00000  -0.00000   0.00000  -0.00000   0.00009  -0.00003   0.00009  -0.00003
 -4.11028  -0.00001  -0.00000  -0.00001  -0.00000   0.00011  -0.00002   0.00011  -0.00002
 -4.06015  -0.00002  -0.00000  -0.00002  -0.00000   0.00012  -0.00001   0.00012  -0.00001
 -4.01003  -0.00002  -0.00000  -0.00002  -0.00000   0.00013  -0.00001   0.00013  -0.00001
 -3.95990  -0.00001  -0.00001  -0.00001  -0.00001   0.00012  -0.00000   0.00012  -0.00000
 -3.90977  -0.00001  -0.00001  -0.00001  -0.00001   0.00011   0.00000   0.00011   0.00000
 -3.85965  -0.00000  -0.00001  -0.00000  -0.00001   0.00009   0.00001   0.00009   0.00001
 -3.80952   0.00000  -0.00001   0.00000  -0.00001   0.00006   0.00001   0.00006   0.00001
 -3.75940  -0.00000  -0.00001  -0.00000  -0.00001   0.00002   0.00001   0.00002   0.00001
 -3.70927  -0.00001  -0.00001  -0.00001  -0.00001  -0.00002   0.00001  -0.00002   0.00001
 -3.65915  -0.00001  -0.00001  -0.00001  -0.00001  -0.00006   0.00001  -0.00006   0.00001
 -3.60902  -0.00001  -0.00001  -0.00001  -0.00001  -0.00009   0.00000  -0.00009   0.00000
 -3.55890  -0.00000  -0.00001  -0.00000  -0.00001  -0.00011  -0.00000  -0.00011  -0.00000
 -3.50877   0.00002  -0.00001   0.00002  -0.00001  -0.00012  -0.00001  -0.00012  -0.00001
 -3.45865   0.00007  -0.00000   0.00007  -0.00000  -0.00012  -0.00001  -0.00012  -0.00001
 -3.40852   0.00014   0.00000   0.00014   0.00000  -0.00011  -0.00002  -0.00011  -0.00002
 -3.35840   0.00021   0.00001   0.00021   0.00001  -0.00008  -0.00002  -0.00008  -0.00002
 -3.30827   0.00027   0.00003   0.00027   0.00003  -0.00004  -0.00003  -0.00004  -0.00003
 -3.25815   0.00030   0.00004   0.00030   0.00004  -0.00000  -0.00003  -0.00000  -0.00003
 -3.20802   0.00029   0.00006   0.00029   0.00006   0.00004  -0.00002   0.00004  -0.00002
 -3.15789   0.00025   0.00007   0.00025   0.00007   0.00008  -0.00002   0.00008  -0.00002
 -3.10777   0.00017   0.00008   0.00017   0.00008   0.00012  -0.00001   0.00012  -0.00001
 -3.05764   0.00008   0.00008   0.00008   0.00008   0.00014  -0.00001   0.00014  -0.00001
 -3.00752  -0.00000   0.00008  -0.00000   0.00008   0.00016   0.00000   0.00016   0.00000
 -2.95739  -0.00006   0.00008  -0.00006   0.00008   0.00016   0.00001   0.00016   0.00001
 -2.90727  -0.00010   0.00007  -0.00010   0.00007   0.00016   0.00002   0.00016   0.00002
 -2.85714  -0.00011   0.00007  -0.00011   0.00007   0.00014   0.00002   0.00014   0.00002
 -2.80702  -0.00011   0.00006  -0.00011   0.00006   0.00013   0.00003   0.00013   0.00003
 -2.75689  -0.00012   0.00006  -0.00012   0.00006   0.00011   0.00004   0.00011   0.00004
 -2.70677  -0.00013   0.00005  -0.00013   0.00005   0.00010   0.00004   0.00010   0.00004
 -2.65664  -0.00015   0.00004  -0.00015   0.00004   0.00009   0.00005   0.00009   0.00005
 -2.60652  -0.00017   0.00003  -0.00017   0.00003   0.00009   0.00005   0.00009   0.00005
 -2.55639  -0.00018   0.00003  -0.00018   0.00003   0.00008   0.00006   0.00008   0.00006
 -2.50627  -0.00019   0.00002  -0.00019   0.00002   0.00007   0.00006   0.00007   0.00006
 -2.45614  -0.00019   0.00001  -0.00019   0.00001   0.00004   0.00006   0.00004   0.00006
 -2.40602  -0.00017  -0.00000  -0.00017  -0.00000   0.00001   0.00006   0.00001   0.00006
 -2.35589  -0.00015  -0.00001  -0.00015  -0.00001  -0.00004   0.00006  -0.00004   0.00006
 -2.30576  -0.00013  -0.00002  -0.00013  -0.00002  -0.00009   0.00005  -0.00009   0.00005
 -2.25564  -0.00010  -0.00002  -0.00010  -0.00002  -0.00014   0.00005  -0.00014   0.00005
 -2.20551  -0.00007  -0.00002  -0.00007  -0.00002  -0.00019   0.00004  -0.00019   0.00004
 -2.15539  -0.00005  -0.00003  -0.00005  -0.00003  -0.00022   0.00003  -0.00022   0.00003
 -2.10526  -0.00003  -0.00003  -0.00003  -0.00003  -0.00024   0.00001  -0.00024   0.00001
 -2.05514  -0.00002  -0.00003  -0.00002  -0.00003  -0.00022   0.00000  -0.00022   0.00000
 -2.00501  -0.00002  -0.00003  -0.00002  -0.00003  -0.00019  -0.00001  -0.00019  -0.00001
 -1.95489  -0.00001  -0.00003  -0.00001  -0.00003  -0.00013  -0.00001  -0.00013  -0.00001
 -1.90476  -0.00000  -0.00003  -0.00000  -0.00003  -0.00008  -0.00002  -0.00008  -0.00002
 -1.85464   0.00001  -0.00003   0.00001  -0.00003  -0.00003  -0.00002  -0.00003  -0.00002
 -1.80451   0.00002  -0.00003   0.00002  -0.00003   0.00002  -0.00002   0.00002  -0.00002
 -1.75439   0.00003  -0.00003   0.00003  -0.00003   0.00005  -0.00001   0.00005  -0.00001
 -1.70426   0.00004  -0.00003   0.00004  -0.00003   0.00006  -0.00001   0.00006  -0.00001
 -1.65414   0.00003  -0.00002   0.00003  -0.00002   0.00007  -0.00001   0.00007  -0.00001
 -1.60401   0.00002  -0.00002   0.00002  -0.00002   0.00007  -0.00000   0.00007  -0.00000
 -1.55388  -0.00001  -0.00002  -0.00001  -0.00002   0.00006  -0.00000   0.00006  -0.00000
 -1.50376  -0.00003  -0.00003  -0.00003  -0.00003   0.00004  -0.00000   0.00004  -0.00000
 -1.45363  -0.00006  -0.00003  -0.00006  -0.00003   0.00001   0.00000   0.00001   0.00000
 -1.40351  -0.00007  -0.00003  -0.00007  -0.00003  -0.00001   0.00000  -0.00001   0.00000
 -1.35338  -0.00007  -0.00004  -0.00007  -0.00004  -0.00004  -0.00000  -0.00004  -0.00000
 -1.30326  -0.00007  -0.00004  -0.00007  -0.00004  -0.00006  -0.00000  -0.00006  -0.00000
 -1.25313  -0.00006  -0.00004  -0.00006  -0.00004  -0.00007  -0.00001  -0.00007  -0.00001
 -1.20301  -0.00005  -0.00004  -0.00005  -0.00004  -0.00009  -0.00001  -0.00009  -0.00001
 -1.15288  -0.00004  -0.00005  -0.00004  -0.00005  -0.00010  -0.00002  -0.00010  -0.00002
 -1.10276  -0.00003  -0.00005  -0.00003  -0.00005  -0.00010  -0.00002  -0.00010  -0.00002
 -1.05263  -0.00002  -0.00005  -0.00002  -0.00005  -0.00010  -0.00003  -0.00010  -0.00003
 -1.00251  -0.00001  -0.00005  -0.00001  -0.00005  -0.00010  -0.00003  -0.00010  -0.00003
 -0.95238   0.00001  -0.00005   0.00001  -0.00005  -0.00009  -0.00004  -0.00009  -0.00004
 -0.90226   0.00002  -0.00005   0.00002  -0.00005  -0.00007  -0.00004  -0.00007  -0.00004
 -0.85213   0.00003  -0.00005   0.00003  -0.00005  -0.00005  -0.00004  -0.00005  -0.00004
 -0.80201   0.00003  -0.00004   0.00003  -0.00004  -0.00003  -0.00005  -0.00003  -0.00005
 -0.75188   0.00003  -0.00004   0.00003  -0.00004  -0.00001  -0.00005  -0.00001  -0.00005
 -0.70175   0.00003  -0.00004   0.00003  -0.00004   0.00001  -0.00005   0.00001  -0.00005
 -0.65163   0.00002  -0.00004   0.00002  -0.00004   0.00002  -0.00004   0.00002  -0.00004
 -0.60150   0.00001  -0.00004   0.00001  -0.00004   0.00002  -0.00004   0.00002  -0.00004
 -0.55138   0.00001  -0.00004   0.00001  -0.00004   0.00002  -0.00004   0.00002  -0.00004
 -0.50125   0.00001  -0.00004   0.00001  -0.00004   0.00001  -0.00004   0.00001  -0.00004
 -0.45113   0.00001  -0.00004   0.00001  -0.00004   0.00001  -0.00004   0.00001  -0.00004
 -0.40100   0.00000  -0.00004   0.00000  -0.00004   0.00000  -0.00004   0.00000  -0.00004
 -0.35088   0.00000  -0.00004   0.00000  -0.00004   0.00000  -0.00004   0.00000  -0.00004
 -0.30075   0.00000  -0.00004   0.00000  -0.00004   0.00000  -0.00004   0.00000  -0.00004
 -0.25063  -0.00000  -0.00004  -0.00000  -0.00004   0.00000  -0.00004   0.00000  -0.00004
 -0.20050  -0.00000  -0.00004  -0.00000  -0.00004   0.00000  -0.00004   0.00000  -0.00004
 -0.15038  -0.00000  -0.00004  -0.00000  -0.00004   0.00000  -0.00004   0.00000  -0.00004
 -0.10025  -0.00000  -0.00004  -0.00000  -0.00004   0.00000  -0.00004   0.00000  -0.00004
 -0.05013  -0.00000  -0.00004  -0.00000  -0.00004   0.00000  -0.00004   0.00000  -0.00004
  0.00000  -0.00000  -0.00004  -0.00000  -0.00004   0.00000  -0.00004   0.00000  -0.00004
  0.05013  -0.00000  -0.00004  -0.00000  -0.00004   0.00000  -0.00004   0.00000  -0.00004
  0.10025  -0.00000  -0.00004  -0.00000  -0.00004   0.00000  -0.00004   0.00000  -0.00004
  0.15038  -0.00000  -0.00004  -0.00000  -0.00004   0.00000  -0.00004   0.00000  -0.00004
  0.20050  -0.00000  -0.00004  -0.00000  -0.00004   0.00000  -0.00004   0.00000  -0.00004
  0.25063  -0.00000  -0.00004  -0.00000  -0.00004   0.00000  -0.00004   0.00000  -0.00004
  0.30075  -0.00000  -0.00004  -0.00000  -0.00004   0.00000  -0.00004   0.00000  -0.00004
  0.35088  -0.00000  -0.00004  -0.00000  -0.00004   0.00000  -0.00004   0.00000  -0.00004
  0.40100  -0.00000  -0.00004  -0.00000  -0.00004   0.00000  -0.00004   0.00000  -0.00004
  0.45113  -0.00000  -0.00004  -0.00000  -0.00004   0.00000  -0.00004   0.00000  -0.00004
  0.50125  -0.00000  -0.00004  -0.00000  -0.00004   0.00000  -0.00004   0.00000  -0.00004
  0.55138  -0.00001  -0.00004  -0.00001  -0.00004   0.00000  -0.00004   0.00000  -0.00004
  0.60150  -0.00001  -0.00004  -0.00001  -0.00004   0.00000  -0.00004   0.00000  -0.00004
  0.65163  -0.00001  -0.00004  -0.00001  -0.00004   0.00000  -0.00004   0.00000  -0.00004
  0.70175  -0.00001  -0.00004  -0.00001  -0.00004   0.00000  -0.00004   0.00000  -0.00004
  0.75188  -0.00001  -0.00004  -0.00001  -0.00004   0.00000  -0.00004   0.00000  -0.00004
  0.80201  -0.00000  -0.00004  -0.00000  -0.00004   0.00000  -0.00004   0.00000  -0.00004
  0.85213   0.00000  -0.00004   0.00000  -0.00004   0.00000  -0.00004   0.00000  -0.00004
  0.90226   0.00001  -0.00004   0.00001  -0.00004   0.00000  -0.00004   0.00000  -0.00004
  0.95238   0.00001  -0.00004   0.00001  -0.00004   0.00000  -0.00004   0.00000  -0.00004
  1.00251   0.00001  -0.00004   0.00001  -0.00004   0.00000  -0.00004   0.00000  -0.00004
  1.05263   0.00001  -0.00004   0.00001  -0.00004   0.00000  -0.00004   0.00000  -0.00004
  1.10276   0.00001  -0.00004   0.00001  -0.00004   0.00000  -0.00004   0.00000  -0.00004
  1.15288   0.00001  -0.00004   0.00001  -0.00004   0.00001  -0.00004   0.00001  -0.00004
  1.20301   0.00001  -0.00004   0.00001  -0.00004   0.00001  -0.00004   0.00001  -0.00004
  1.25313   0.00001  -0.00004   0.00001  -0.00004   0.00001  -0.00004   0.00001  -0.00004
  1.30326   0.00001  -0.00004   0.00001  -0.00004   0.00001  -0.00004   0.00001  -0.00004
  1.35338   0.00001  -0.00004   0.00001  -0.00004   0.00002  -0.00004   0.00002  -0.00004
  1.40351   0.00001  -0.00004   0.00001  -0.00004   0.00002  -0.00004   0.00002  -0.00004
  1.45363   0.00002  -0.00004   0.00002  -0.00004   0.00001  -0.00004   0.00001  -0.00004
  1.50376   0.00002  -0.00003   0.00002  -0.00003   0.00001  -0.00004   0.00001  -0.00004
  1.55388   0.00002  -0.00003   0.00002  -0.00003   0.00001  -0.00004   0.00001  -0.00004
  1.60401   0.00002  -0.00003   0.00002  -0.00003   0.00000  -0.00004   0.00000  -0.00004
  1.65414   0.00001  -0.00003   0.00001  -0.00003   0.00000  -0.00004   0.00000  -0.00004
  1.70426   0.00001  -0.00003   0.00001  -0.00003   0.00000  -0.00004   0.00000  -0.00004
  1.75439   0.00001  -0.00003   0.00001  -0.00003   0.00000  -0.00004   0.00000  -0.00004
  1.80451   0.00000  -0.00003   0.00000  -0.00003  -0.00000  -0.00004  -0.00000  -0.00004
  1.85464   0.00000  -0.00003   0.00000  -0.00003  -0.00000  -0.00004  -0.00000  -0.00004
  1.90476   0.00000  -0.00003   0.00000  -0.00003  -0.00000  -0.00004  -0.00000  -0.00004
  1.95489   0.00000  -0.00003   0.00000  -0.00003  -0.00000  -0.00004  -0.00000  -0.00004
  2.00501   0.00001  -0.00003   0.00001  -0.00003  -0.00000  -0.00004  -0.00000  -0.00004
  2.05514   0.00001  -0.00003   0.00001  -0.00003  -0.00000  -0.00004  -0.00000  -0.00004
  2.10526   0.00001  -0.00003   0.00001  -0.00003  -0.00000  -0.00004  -0.00000  -0.00004
  2.15539   0.00001  -0.00003   0.00001  -0.00003  -0.00000  -0.00004  -0.00000  -0.00004
  2.20551   0.00001  -0.00003   0.00001  -0.00003  -0.00000  -0.00004  -0.00000  -0.00004
  2.25564   0.00001  -0.00003   0.00001  -0.00003  -0.00000  -0.00004  -0.00000  -0.00004
  2.30576   0.00001  -0.00003   0.00001  -0.00003   0.00000  -0.00004   0.00000  -0.00004
  2.35589   0.00001  -0.00003   0.00001  -0.00003   0.00000  -0.00004   0.00000  -0.00004
  2.40602   0.00001  -0.00003   0.00001  -0.00003   0.00000  -0.00004   0.00000  -0.00004
  2.45614   0.00000  -0.00003   0.00000  -0.00003   0.00000  -0.00004   0.00000  -0.00004
  2.50627   0.00000  -0.00003   0.00000  -0.00003   0.00000  -0.00004   0.00000  -0.00004
  2.55639   0.00000  -0.00003   0.00000  -0.00003   0.00000  -0.00004   0.00000  -0.00004
  2.60652   0.00000  -0.00003   0.00000  -0.00003  -0.00000  -0.00004  -0.00000  -0.00004
  2.65664   0.00000  -0.00003   0.00000  -0.00003  -0.00000  -0.00004  -0.00000  -0.00004
  2.70677   0.00000  -0.00003   0.00000  -0.00003  -0.00000  -0.00004  -0.00000  -0.00004
  2.75689   0.00000  -0.00003   0.00000  -0.00003  -0.00000  -0.00004  -0.00000  -0.00004
  2.80702   0.00000  -0.00003   0.00000  -0.00003  -0.00000  -0.00004  -0.00000  -0.00004
  2.85714   0.00000  -0.00003   0.00000  -0.00003  -0.00000  -0.00004  -0.00000  -0.00004
  2.90727   0.00000  -0.00003   0.00000  -0.00003  -0.00000  -0.00004  -0.00000  -0.00004
  2.95739   0.00000  -0.00003   0.00000  -0.00003  -0.00001  -0.00004  -0.00001  -0.00004
  3.00752   0.00000  -0.00003   0.00000  -0.00003  -0.00001  -0.00004  -0.00001  -0.00004
  3.05764   0.00000  -0.00003   0.00000  -0.00003  -0.00002  -0.00004  -0.00002  -0.00004
  3.10777   0.00000  -0.00003   0.00000  -0.00003  -0.00002  -0.00004  -0.00002  -0.00004
  3.15789   0.00000  -0.00003   0.00000  -0.00003  -0.00003  -0.00004  -0.00003  -0.00004
  3.20802   0.00000  -0.00003   0.00000  -0.00003  -0.00003  -0.00004  -0.00003  -0.00004
  3.25815   0.00000  -0.00003   0.00000  -0.00003  -0.00003  -0.00004  -0.00003  -0.00004
  3.30827   0.00000  -0.00003   0.00000  -0.00003  -0.00003  -0.00004  -0.00003  -0.00004
  3.35840   0.00000  -0.00003   0.00000  -0.00003  -0.00002  -0.00005  -0.00002  -0.00005
  3.40852   0.00000  -0.00003   0.00000  -0.00003  -0.00002  -0.00005  -0.00002  -0.00005
  3.45865   0.00000  -0.00003   0.00000  -0.00003  -0.00001  -0.00005  -0.00001  -0.00005
  3.50877   0.00000  -0.00003   0.00000  -0.00003  -0.00000  -0.00005  -0.00000  -0.00005
  3.55890  -0.00000  -0.00003  -0.00000  -0.00003   0.00001  -0.00005   0.00001  -0.00005
  3.60902   0.00000  -0.00003   0.00000  -0.00003   0.00001  -0.00005   0.00001  -0.00005
  3.65915   0.00000  -0.00003   0.00000  -0.00003   0.00002  -0.00005   0.00002  -0.00005
  3.70927   0.00000  -0.00003   0.00000  -0.00003   0.00002  -0.00004   0.00002  -0.00004
  3.75940   0.00000  -0.00003   0.00000  -0.00003   0.00001  -0.00004   0.00001  -0.00004
  3.80952   0.00000  -0.00003   0.00000  -0.00003   0.00001  -0.00004   0.00001  -0.00004
  3.85965   0.00000  -0.00003   0.00000  -0.00003   0.00000  -0.00004   0.00000  -0.00004
  3.90977   0.00000  -0.00003   0.00000  -0.00003   0.00000  -0.00004   0.00000  -0.00004
  3.95990   0.00000  -0.00003   0.00000  -0.00003   0.00000  -0.00004   0.00000  -0.00004
  4.01003   0.00000  -0.00003   0.00000  -0.00003   0.00000  -0.00004   0.00000  -0.00004
  4.06015   0.00000  -0.00003   0.00000  -0.00003   0.00000  -0.00004   0.00000  -0.00004
  4.11028   0.00000  -0.00003   0.00000  -0.00003   0.00000  -0.00004   0.00000  -0.00004
  4.16040   0.00000  -0.00003   0.00000  -0.00003   0.00000  -0.00004   0.00000  -0.00004
  4.21053   0.00000  -0.00003   0.00000  -0.00003   0.00000  -0.00004   0.00000  -0.00004
  4.26065   0.00000  -0.00003   0.00000  -0.00003   0.00000  -0.00004   0.00000  -0.00004
  4.31078   0.00000  -0.00003   0.00000  -0.00003   0.00001  -0.00004   0.00001  -0.00004
  4.36090   0.00000  -0.00003   0.00000  -0.00003   0.00001  -0.00004   0.00001  -0.00004
  4.41103   0.00000  -0.00003   0.00000  -0.00003   0.00001  -0.00004   0.00001  -0.00004
  4.46115   0.00000  -0.00003   0.00000  -0.00003   0.00001  -0.00004   0.00001  -0.00004
  4.51128   0.00000  -0.00003   0.00000  -0.00003   0.00001  -0.00004   0.00001  -0.00004
  4.56140   0.00000  -0.00003   0.00000  -0.00003   0.00001  -0.00004   0.00001  -0.00004
  4.61153   0.00000  -0.00003   0.00000  -0.00003   0.00001  -0.00004   0.00001  -0.00004
  4.66165   0.00000  -0.00003   0.00000  -0.00003   0.00000  -0.00004   0.00000  -0.00004
  4.71178   0.00000  -0.00003   0.00000  -0.00003   0.00000  -0.00004   0.00000  -0.00004
  4.76190   0.00000  -0.00003   0.00000  -0.00003   0.00000  -0.00004   0.00000  -0.00004
  4.81203   0.00000  -0.00003   0.00000  -0.00003   0.00000  -0.00004   0.00000  -0.00004
  4.86216   0.00000  -0.00003   0.00000  -0.00003   0.00000  -0.00004   0.00000  -0.00004
  4.91228   0.00000  -0.00003   0.00000  -0.00003   0.00000  -0.00004   0.00000  -0.00004
  4.96241   0.00000  -0.00003   0.00000  -0.00003   0.00000  -0.00004   0.00000  -0.00004
  5.01253   0.00000  -0.00003   0.00000  -0.00003   0.00000  -0.00004   0.00000  -0.00004
  5.06266   0.00000  -0.00003   0.00000  -0.00003   0.00000  -0.00004   0.00000  -0.00004
  5.11278   0.00000  -0.00003   0.00000  -0.00003   0.00000  -0.00004   0.00000  -0.00004
  5.16291   0.00000  -0.00003   0.00000  -0.00003   0.00000  -0.00004   0.00000  -0.00004
  5.21303   0.00000  -0.00003   0.00000  -0.00003   0.00000  -0.00004   0.00000  -0.00004
  5.26316  -0.00000  -0.00003  -0.00000  -0.00003   0.00000  -0.00004   0.00000  -0.00004
  5.31328  -0.00000  -0.00003  -0.00000  -0.00003   0.00000  -0.00004   0.00000  -0.00004
  5.36341  -0.00000  -0.00003  -0.00000  -0.00003   0.00000  -0.00004   0.00000  -0.00004
  5.41353  -0.00000  -0.00003  -0.00000  -0.00003   0.00000  -0.00004   0.00000  -0.00004
  5.46366  -0.00000  -0.00003  -0.00000  -0.00003   0.00000  -0.00004   0.00000  -0.00004
  5.51378  -0.00000  -0.00003  -0.00000  -0.00003   0.00000  -0.00004   0.00000  -0.00004
  5.56391  -0.00000  -0.00003  -0.00000  -0.00003  -0.00000  -0.00004  -0.00000  -0.00004
  5.61404  -0.00000  -0.00003  -0.00000  -0.00003  -0.00000  -0.00004  -0.00000  -0.00004
  5.66416  -0.00000  -0.00003  -0.00000  -0.00003  -0.00000  -0.00004  -0.00000  -0.00004
  5.71429  -0.00000  -0.00003  -0.00000  -0.00003  -0.00000  -0.00004  -0.00000  -0.00004
  5.76441  -0.00000  -0.00003  -0.00000  -0.00003  -0.00000  -0.00004  -0.00000  -0.00004
  5.81454  -0.00000  -0.00003  -0.00000  -0.00003  -0.00000  -0.00004  -0.00000  -0.00004
  5.86466  -0.00000  -0.00003  -0.00000  -0.00003  -0.00000  -0.00004  -0.00000  -0.00004
  5.91479  -0.00000  -0.00003  -0.00000  -0.00003  -0.00000  -0.00004  -0.00000  -0.00004
  5.96491  -0.00000  -0.00003  -0.00000  -0.00003  -0.00000  -0.00004  -0.00000  -0.00004
  6.01504  -0.00000  -0.00003  -0.00000  -0.00003  -0.00000  -0.00004  -0.00000  -0.00004
  6.06516  -0.00000  -0.00003  -0.00000  -0.00003  -0.00000  -0.00004  -0.00000  -0.00004
  6.11529  -0.00000  -0.00003  -0.00000  -0.00003  -0.00000  -0.00004  -0.00000  -0.00004
  6.16541  -0.00000  -0.00003  -0.00000  -0.00003  -0.00000  -0.00004  -0.00000  -0.00004
  6.21554  -0.00000  -0.00003  -0.00000  -0.00003  -0.00000  -0.00004  -0.00000  -0.00004
  6.26566  -0.00000  -0.00003  -0.00000  -0.00003  -0.00000  -0.00004  -0.00000  -0.00004
  6.31579  -0.00001  -0.00003  -0.00001  -0.00003  -0.00000  -0.00004  -0.00000  -0.00004
  6.36591  -0.00001  -0.00003  -0.00001  -0.00003  -0.00000  -0.00004  -0.00000  -0.00004
  6.41604  -0.00001  -0.00003  -0.00001  -0.00003  -0.00001  -0.00004  -0.00001  -0.00004
  6.46617  -0.00001  -0.00003  -0.00001  -0.00003  -0.00001  -0.00004  -0.00001  -0.00004
  6.51629  -0.00000  -0.00003  -0.00000  -0.00003  -0.00001  -0.00004  -0.00001  -0.00004
  6.56642  -0.00000  -0.00003  -0.00000  -0.00003  -0.00001  -0.00004  -0.00001  -0.00004
  6.61654   0.00000  -0.00003   0.00000  -0.00003  -0.00002  -0.00004  -0.00002  -0.00004
  6.66667   0.00000  -0.00003   0.00000  -0.00003  -0.00002  -0.00004  -0.00002  -0.00004
  6.71679   0.00001  -0.00003   0.00001  -0.00003  -0.00001  -0.00004  -0.00001  -0.00004
  6.76692   0.00001  -0.00003   0.00001  -0.00003  -0.00001  -0.00004  -0.00001  -0.00004
  6.81704   0.00001  -0.00003   0.00001  -0.00003  -0.00000  -0.00004  -0.00000  -0.00004
  6.86717   0.00001  -0.00003   0.00001  -0.00003   0.00000  -0.00004   0.00000  -0.00004
  6.91729   0.00001  -0.00003   0.00001  -0.00003   0.00001  -0.00004   0.00001  -0.00004
  6.96742   0.00001  -0.00003   0.00001  -0.00003   0.00001  -0.00004   0.00001  -0.00004
  7.01754   0.00001  -0.00002   0.00001  -0.00002   0.00001  -0.00004   0.00001  -0.00004
  7.06767   0.00001  -0.00002   0.00001  -0.00002   0.00001  -0.00004   0.00001  -0.00004
  7.11779   0.00001  -0.00002   0.00001  -0.00002   0.00001  -0.00004   0.00001  -0.00004
  7.16792   0.00001  -0.00002   0.00001  -0.00002   0.00001  -0.00004   0.00001  -0.00004
  7.21805   0.00000  -0.00002   0.00000  -0.00002   0.00001  -0.00004   0.00001  -0.00004
  7.26817   0.00000  -0.00002   0.00000  -0.00002   0.00001  -0.00004   0.00001  -0.00004
  7.31830   0.00001  -0.00002   0.00001  -0.00002   0.00000  -0.00004   0.00000  -0.00004
  7.36842   0.00001  -0.00002   0.00001  -0.00002  -0.00000  -0.00004  -0.00000  -0.00004
  7.41855   0.00001  -0.00002   0.00001  -0.00002  -0.00000  -0.00004  -0.00000  -0.00004
  7.46867   0.00001  -0.00002   0.00001  -0.00002  -0.00001  -0.00004  -0.00001  -0.00004
  7.51880   0.00002  -0.00002   0.00002  -0.00002  -0.00001  -0.00004  -0.00001  -0.00004
  7.56892   0.00002  -0.00002   0.00002  -0.00002  -0.00000  -0.00004  -0.00000  -0.00004
  7.61905   0.00002  -0.00002   0.00002  -0.00002   0.00000  -0.00004   0.00000  -0.00004
  7.66917   0.00003  -0.00002   0.00003  -0.00002   0.00001  -0.00004   0.00001  -0.00004
  7.71930   0.00003  -0.00002   0.00003  -0.00002   0.00001  -0.00004   0.00001  -0.00004
  7.76942   0.00003  -0.00001   0.00003  -0.00001   0.00002  -0.00004   0.00002  -0.00004
  7.81955   0.00002  -0.00001   0.00002  -0.00001   0.00003  -0.00004   0.00003  -0.00004
  7.86967   0.00001  -0.00001   0.00001  -0.00001   0.00004  -0.00004   0.00004  -0.00004
  7.91980  -0.00002  -0.00001  -0.00002  -0.00001   0.00006  -0.00003   0.00006  -0.00003
  7.96992  -0.00004  -0.00001  -0.00004  -0.00001   0.00006  -0.00003   0.00006  -0.00003
  8.02005  -0.00005  -0.00002  -0.00005  -0.00002   0.00005  -0.00003   0.00005  -0.00003
  8.07018  -0.00006  -0.00002  -0.00006  -0.00002   0.00003  -0.00002   0.00003  -0.00002
  8.12030  -0.00006  -0.00002  -0.00006  -0.00002   0.00000  -0.00002   0.00000  -0.00002
  8.17043  -0.00006  -0.00003  -0.00006  -0.00003  -0.00003  -0.00003  -0.00003  -0.00003
  8.22055  -0.00005  -0.00003  -0.00005  -0.00003  -0.00006  -0.00003  -0.00006  -0.00003
  8.27068  -0.00003  -0.00003  -0.00003  -0.00003  -0.00008  -0.00003  -0.00008  -0.00003
  8.32080  -0.00002  -0.00003  -0.00002  -0.00003  -0.00009  -0.00004  -0.00009  -0.00004
  8.37093  -0.00002  -0.00003  -0.00002  -0.00003  -0.00009  -0.00004  -0.00009  -0.00004
  8.42105  -0.00002  -0.00003  -0.00002  -0.00003  -0.00009  -0.00005  -0.00009  -0.00005
  8.47118  -0.00003  -0.00003  -0.00003  -0.00003  -0.00008  -0.00005  -0.00008  -0.00005
  8.52130  -0.00004  -0.00004  -0.00004  -0.00004  -0.00008  -0.00005  -0.00008  -0.00005
  8.57143  -0.00006  -0.00004  -0.00006  -0.00004  -0.00009  -0.00006  -0.00009  -0.00006
  8.62155  -0.00007  -0.00004  -0.00007  -0.00004  -0.00010  -0.00006  -0.00010  -0.00006
  8.67168  -0.00007  -0.00005  -0.00007  -0.00005  -0.00010  -0.00007  -0.00010  -0.00007
  8.72180  -0.00007  -0.00005  -0.00007  -0.00005  -0.00011  -0.00007  -0.00011  -0.00007
  8.77193  -0.00007  -0.00005  -0.00007  -0.00005  -0.00010  -0.00008  -0.00010  -0.00008
  8.82206  -0.00006  -0.00006  -0.00006  -0.00006  -0.00009  -0.00008  -0.00009  -0.00008
  8.87218  -0.00005  -0.00006  -0.00005  -0.00006  -0.00007  -0.00009  -0.00007  -0.00009
  8.92231  -0.00004  -0.00006  -0.00004  -0.00006  -0.00006  -0.00009  -0.00006  -0.00009
  8.97243  -0.00003  -0.00006  -0.00003  -0.00006  -0.00005  -0.00009  -0.00005  -0.00009
  9.02256  -0.00002  -0.00006  -0.00002  -0.00006  -0.00004  -0.00009  -0.00004  -0.00009
  9.07268  -0.00001  -0.00007  -0.00001  -0.00007  -0.00003  -0.00010  -0.00003  -0.00010
  9.12281  -0.00001  -0.00007  -0.00001  -0.00007  -0.00003  -0.00010  -0.00003  -0.00010
  9.17293  -0.00000  -0.00007  -0.00000  -0.00007  -0.00002  -0.00010  -0.00002  -0.00010
  9.22306  -0.00001  -0.00007  -0.00001  -0.00007  -0.00001  -0.00010  -0.00001  -0.00010
  9.27318  -0.00002  -0.00007  -0.00002  -0.00007  -0.00001  -0.00010  -0.00001  -0.00010
  9.32331  -0.00002  -0.00007  -0.00002  -0.00007  -0.00001  -0.00010  -0.00001  -0.00010
  9.37343  -0.00003  -0.00007  -0.00003  -0.00007  -0.00001  -0.00010  -0.00001  -0.00010
  9.42356  -0.00003  -0.00007  -0.00003  -0.00007  -0.00002  -0.00010  -0.00002  -0.00010
  9.47368  -0.00002  -0.00007  -0.00002  -0.00007  -0.00003  -0.00010  -0.00003  -0.00010
  9.52381  -0.00001  -0.00007  -0.00001  -0.00007  -0.00003  -0.00011  -0.00003  -0.00011
  9.57393   0.00001  -0.00007   0.00001  -0.00007  -0.00003  -0.00011  -0.00003  -0.00011
  9.62406   0.00003  -0.00007   0.00003  -0.00007  -0.00002  -0.00011  -0.00002  -0.00011
  9.67419   0.00004  -0.00007   0.00004  -0.00007   0.00000  -0.00011   0.00000  -0.00011
  9.72431   0.00005  -0.00007   0.00005  -0.00007   0.00002  -0.00011   0.00002  -0.00011
  9.77444   0.00006  -0.00006   0.00006  -0.00006   0.00005  -0.00010   0.00005  -0.00010
  9.82456   0.00006  -0.00006   0.00006  -0.00006   0.00007  -0.00010   0.00007  -0.00010
  9.87469   0.00006  -0.00006   0.00006  -0.00006   0.00009  -0.00010   0.00009  -0.00010
  9.92481   0.00006  -0.00005   0.00006  -0.00005   0.00010  -0.00009   0.00010  -0.00009
  9.97494   0.00006  -0.00005   0.00006  -0.00005   0.00010  -0.00009   0.00010  -0.00009
 10.02506   0.00005  -0.00005   0.00005  -0.00005   0.00009  -0.00008   0.00009  -0.00008