ESCALE ; pCOHP file generated by LOBSTER. Energy is shifted such that the Fermi level lies at 0 eV.
         2          2        401  -6.04511e+00   1.40050e+01   3.97995e+00 
Average
No.1:Ni59->O65(8.3653956266776497)
-10.02506   0.00000  -0.00002   0.00000  -0.00002   0.00000  -0.00002   0.00000  -0.00002
 -9.97494   0.00000  -0.00002   0.00000  -0.00002   0.00000  -0.00002   0.00000  -0.00002
 -9.92481   0.00000  -0.00002   0.00000  -0.00002   0.00000  -0.00002   0.00000  -0.00002
 -9.87469   0.00000  -0.00002   0.00000  -0.00002   0.00000  -0.00002   0.00000  -0.00002
 -9.82456   0.00000  -0.00002   0.00000  -0.00002   0.00000  -0.00002   0.00000  -0.00002
 -9.77444   0.00000  -0.00002   0.00000  -0.00002   0.00000  -0.00002   0.00000  -0.00002
 -9.72431   0.00000  -0.00002   0.00000  -0.00002   0.00000  -0.00002   0.00000  -0.00002
 -9.67419   0.00000  -0.00002   0.00000  -0.00002   0.00000  -0.00002   0.00000  -0.00002
 -9.62406   0.00000  -0.00002   0.00000  -0.00002   0.00000  -0.00002   0.00000  -0.00002
 -9.57393   0.00000  -0.00002   0.00000  -0.00002   0.00000  -0.00002   0.00000  -0.00002
 -9.52381   0.00000  -0.00002   0.00000  -0.00002   0.00000  -0.00002   0.00000  -0.00002
 -9.47368   0.00000  -0.00002   0.00000  -0.00002   0.00000  -0.00002   0.00000  -0.00002
 -9.42356   0.00000  -0.00002   0.00000  -0.00002   0.00000  -0.00002   0.00000  -0.00002
 -9.37343   0.00000  -0.00002   0.00000  -0.00002   0.00000  -0.00002   0.00000  -0.00002
 -9.32331   0.00000  -0.00002   0.00000  -0.00002   0.00000  -0.00002   0.00000  -0.00002
 -9.27318   0.00000  -0.00002   0.00000  -0.00002   0.00000  -0.00002   0.00000  -0.00002
 -9.22306   0.00000  -0.00002   0.00000  -0.00002   0.00000  -0.00002   0.00000  -0.00002
 -9.17293   0.00000  -0.00002   0.00000  -0.00002   0.00000  -0.00002   0.00000  -0.00002
 -9.12281   0.00000  -0.00002   0.00000  -0.00002   0.00000  -0.00002   0.00000  -0.00002
 -9.07268   0.00000  -0.00002   0.00000  -0.00002   0.00000  -0.00002   0.00000  -0.00002
 -9.02256   0.00000  -0.00002   0.00000  -0.00002   0.00000  -0.00002   0.00000  -0.00002
 -8.97243   0.00000  -0.00002   0.00000  -0.00002   0.00000  -0.00002   0.00000  -0.00002
 -8.92231   0.00000  -0.00002   0.00000  -0.00002   0.00000  -0.00002   0.00000  -0.00002
 -8.87218  -0.00000  -0.00002  -0.00000  -0.00002   0.00000  -0.00002   0.00000  -0.00002
 -8.82206  -0.00000  -0.00002  -0.00000  -0.00002   0.00000  -0.00002   0.00000  -0.00002
 -8.77193  -0.00000  -0.00002  -0.00000  -0.00002   0.00000  -0.00002   0.00000  -0.00002
 -8.72180  -0.00000  -0.00002  -0.00000  -0.00002   0.00000  -0.00002   0.00000  -0.00002
 -8.67168  -0.00000  -0.00002  -0.00000  -0.00002   0.00000  -0.00002   0.00000  -0.00002
 -8.62155  -0.00000  -0.00002  -0.00000  -0.00002   0.00000  -0.00002   0.00000  -0.00002
 -8.57143  -0.00000  -0.00002  -0.00000  -0.00002   0.00000  -0.00002   0.00000  -0.00002
 -8.52130  -0.00000  -0.00002  -0.00000  -0.00002   0.00000  -0.00002   0.00000  -0.00002
 -8.47118  -0.00000  -0.00002  -0.00000  -0.00002   0.00000  -0.00002   0.00000  -0.00002
 -8.42105  -0.00000  -0.00002  -0.00000  -0.00002   0.00000  -0.00002   0.00000  -0.00002
 -8.37093  -0.00000  -0.00002  -0.00000  -0.00002   0.00000  -0.00002   0.00000  -0.00002
 -8.32080  -0.00000  -0.00002  -0.00000  -0.00002   0.00000  -0.00002   0.00000  -0.00002
 -8.27068  -0.00000  -0.00002  -0.00000  -0.00002   0.00000  -0.00002   0.00000  -0.00002
 -8.22055  -0.00000  -0.00002  -0.00000  -0.00002   0.00000  -0.00002   0.00000  -0.00002
 -8.17043  -0.00000  -0.00002  -0.00000  -0.00002   0.00000  -0.00002   0.00000  -0.00002
 -8.12030  -0.00000  -0.00002  -0.00000  -0.00002   0.00000  -0.00002   0.00000  -0.00002
 -8.07018  -0.00000  -0.00002  -0.00000  -0.00002   0.00000  -0.00002   0.00000  -0.00002
 -8.02005  -0.00000  -0.00002  -0.00000  -0.00002   0.00000  -0.00002   0.00000  -0.00002
 -7.96992  -0.00000  -0.00002  -0.00000  -0.00002   0.00000  -0.00002   0.00000  -0.00002
 -7.91980  -0.00000  -0.00002  -0.00000  -0.00002   0.00000  -0.00002   0.00000  -0.00002
 -7.86967  -0.00000  -0.00002  -0.00000  -0.00002   0.00000  -0.00002   0.00000  -0.00002
 -7.81955  -0.00000  -0.00002  -0.00000  -0.00002   0.00000  -0.00002   0.00000  -0.00002
 -7.76942  -0.00000  -0.00002  -0.00000  -0.00002   0.00000  -0.00002   0.00000  -0.00002
 -7.71930  -0.00000  -0.00002  -0.00000  -0.00002   0.00000  -0.00002   0.00000  -0.00002
 -7.66917  -0.00000  -0.00002  -0.00000  -0.00002   0.00000  -0.00002   0.00000  -0.00002
 -7.61905  -0.00000  -0.00002  -0.00000  -0.00002  -0.00000  -0.00002  -0.00000  -0.00002
 -7.56892  -0.00000  -0.00002  -0.00000  -0.00002  -0.00000  -0.00002  -0.00000  -0.00002
 -7.51880   0.00000  -0.00002   0.00000  -0.00002  -0.00000  -0.00002  -0.00000  -0.00002
 -7.46867   0.00000  -0.00002   0.00000  -0.00002  -0.00000  -0.00002  -0.00000  -0.00002
 -7.41855  -0.00000  -0.00002  -0.00000  -0.00002  -0.00000  -0.00002  -0.00000  -0.00002
 -7.36842  -0.00000  -0.00002  -0.00000  -0.00002  -0.00000  -0.00002  -0.00000  -0.00002
 -7.31830  -0.00000  -0.00002  -0.00000  -0.00002  -0.00000  -0.00002  -0.00000  -0.00002
 -7.26817  -0.00000  -0.00002  -0.00000  -0.00002  -0.00000  -0.00002  -0.00000  -0.00002
 -7.21805  -0.00000  -0.00002  -0.00000  -0.00002  -0.00000  -0.00002  -0.00000  -0.00002
 -7.16792  -0.00000  -0.00002  -0.00000  -0.00002  -0.00000  -0.00002  -0.00000  -0.00002
 -7.11779  -0.00000  -0.00002  -0.00000  -0.00002  -0.00000  -0.00002  -0.00000  -0.00002
 -7.06767  -0.00001  -0.00002  -0.00001  -0.00002  -0.00000  -0.00002  -0.00000  -0.00002
 -7.01754  -0.00002  -0.00002  -0.00002  -0.00002  -0.00000  -0.00002  -0.00000  -0.00002
 -6.96742  -0.00003  -0.00002  -0.00003  -0.00002  -0.00000  -0.00002  -0.00000  -0.00002
 -6.91729  -0.00005  -0.00003  -0.00005  -0.00003  -0.00000  -0.00002  -0.00000  -0.00002
 -6.86717  -0.00008  -0.00003  -0.00008  -0.00003  -0.00000  -0.00002  -0.00000  -0.00002
 -6.81704  -0.00011  -0.00003  -0.00011  -0.00003  -0.00000  -0.00002  -0.00000  -0.00002
 -6.76692  -0.00014  -0.00004  -0.00014  -0.00004  -0.00001  -0.00002  -0.00001  -0.00002
 -6.71679  -0.00017  -0.00005  -0.00017  -0.00005  -0.00002  -0.00002  -0.00002  -0.00002
 -6.66667  -0.00020  -0.00006  -0.00020  -0.00006  -0.00003  -0.00002  -0.00003  -0.00002
 -6.61654  -0.00021  -0.00007  -0.00021  -0.00007  -0.00004  -0.00002  -0.00004  -0.00002
 -6.56642  -0.00020  -0.00008  -0.00020  -0.00008  -0.00005  -0.00003  -0.00005  -0.00003
 -6.51629  -0.00018  -0.00009  -0.00018  -0.00009  -0.00006  -0.00003  -0.00006  -0.00003
 -6.46617  -0.00013  -0.00010  -0.00013  -0.00010  -0.00004  -0.00003  -0.00004  -0.00003
 -6.41604  -0.00007  -0.00010  -0.00007  -0.00010  -0.00001  -0.00003  -0.00001  -0.00003
 -6.36591   0.00001  -0.00010   0.00001  -0.00010   0.00003  -0.00003   0.00003  -0.00003
 -6.31579   0.00008  -0.00010   0.00008  -0.00010   0.00008  -0.00003   0.00008  -0.00003
 -6.26566   0.00015  -0.00009   0.00015  -0.00009   0.00011  -0.00002   0.00011  -0.00002
 -6.21554   0.00021  -0.00008   0.00021  -0.00008   0.00013  -0.00002   0.00013  -0.00002
 -6.16541   0.00028  -0.00006   0.00028  -0.00006   0.00013  -0.00001   0.00013  -0.00001
 -6.11529   0.00036  -0.00005   0.00036  -0.00005   0.00011  -0.00000   0.00011  -0.00000
 -6.06516   0.00045  -0.00002   0.00045  -0.00002   0.00008   0.00000   0.00008   0.00000
 -6.01504   0.00052   0.00000   0.00052   0.00000   0.00005   0.00000   0.00005   0.00000
 -5.96491   0.00054   0.00003   0.00054   0.00003   0.00002   0.00000   0.00002   0.00000
 -5.91479   0.00049   0.00005   0.00049   0.00005   0.00000   0.00000   0.00000   0.00000
 -5.86466   0.00038   0.00007   0.00038   0.00007  -0.00001   0.00000  -0.00001   0.00000
 -5.81454   0.00025   0.00009   0.00025   0.00009  -0.00003   0.00000  -0.00003   0.00000
 -5.76441   0.00012   0.00009   0.00012   0.00009  -0.00005   0.00000  -0.00005   0.00000
 -5.71429  -0.00000   0.00009  -0.00000   0.00009  -0.00006  -0.00000  -0.00006  -0.00000
 -5.66416  -0.00011   0.00009  -0.00011   0.00009  -0.00008  -0.00001  -0.00008  -0.00001
 -5.61404  -0.00022   0.00008  -0.00022   0.00008  -0.00009  -0.00001  -0.00009  -0.00001
 -5.56391  -0.00032   0.00006  -0.00032   0.00006  -0.00009  -0.00002  -0.00009  -0.00002
 -5.51378  -0.00041   0.00004  -0.00041   0.00004  -0.00006  -0.00002  -0.00006  -0.00002
 -5.46366  -0.00049   0.00001  -0.00049   0.00001  -0.00002  -0.00002  -0.00002  -0.00002
 -5.41353  -0.00054  -0.00001  -0.00054  -0.00001   0.00005  -0.00002   0.00005  -0.00002
 -5.36341  -0.00054  -0.00004  -0.00054  -0.00004   0.00014  -0.00001   0.00014  -0.00001
 -5.31328  -0.00049  -0.00006  -0.00049  -0.00006   0.00021   0.00000   0.00021   0.00000
 -5.26316  -0.00039  -0.00008  -0.00039  -0.00008   0.00025   0.00001   0.00025   0.00001
 -5.21303  -0.00026  -0.00010  -0.00026  -0.00010   0.00026   0.00003   0.00026   0.00003
 -5.16291  -0.00013  -0.00010  -0.00013  -0.00010   0.00022   0.00004   0.00022   0.00004
 -5.11278  -0.00002  -0.00010  -0.00002  -0.00010   0.00015   0.00004   0.00015   0.00004
 -5.06266   0.00006  -0.00010   0.00006  -0.00010   0.00004   0.00005   0.00004   0.00005
 -5.01253   0.00009  -0.00010   0.00009  -0.00010  -0.00009   0.00004  -0.00009   0.00004
 -4.96241   0.00008  -0.00009   0.00008  -0.00009  -0.00021   0.00003  -0.00021   0.00003
 -4.91228   0.00006  -0.00009   0.00006  -0.00009  -0.00032   0.00001  -0.00032   0.00001
 -4.86216   0.00003  -0.00009   0.00003  -0.00009  -0.00039  -0.00000  -0.00039  -0.00000
 -4.81203   0.00002  -0.00009   0.00002  -0.00009  -0.00042  -0.00003  -0.00042  -0.00003
 -4.76190  -0.00000  -0.00009  -0.00000  -0.00009  -0.00042  -0.00005  -0.00042  -0.00005
 -4.71178  -0.00003  -0.00009  -0.00003  -0.00009  -0.00040  -0.00007  -0.00040  -0.00007
 -4.66165  -0.00006  -0.00009  -0.00006  -0.00009  -0.00036  -0.00008  -0.00036  -0.00008
 -4.61153  -0.00010  -0.00010  -0.00010  -0.00010  -0.00031  -0.00010  -0.00031  -0.00010
 -4.56140  -0.00012  -0.00010  -0.00012  -0.00010  -0.00026  -0.00011  -0.00026  -0.00011
 -4.51128  -0.00013  -0.00011  -0.00013  -0.00011  -0.00021  -0.00012  -0.00021  -0.00012
 -4.46115  -0.00012  -0.00012  -0.00012  -0.00012  -0.00016  -0.00013  -0.00016  -0.00013
 -4.41103  -0.00008  -0.00012  -0.00008  -0.00012  -0.00011  -0.00014  -0.00011  -0.00014
 -4.36090  -0.00004  -0.00012  -0.00004  -0.00012  -0.00005  -0.00014  -0.00005  -0.00014
 -4.31078   0.00001  -0.00012   0.00001  -0.00012   0.00002  -0.00014   0.00002  -0.00014
 -4.26065   0.00005  -0.00012   0.00005  -0.00012   0.00008  -0.00013   0.00008  -0.00013
 -4.21053   0.00008  -0.00012   0.00008  -0.00012   0.00014  -0.00013   0.00014  -0.00013
 -4.16040   0.00010  -0.00011   0.00010  -0.00011   0.00018  -0.00012   0.00018  -0.00012
 -4.11028   0.00010  -0.00011   0.00010  -0.00011   0.00020  -0.00011   0.00020  -0.00011
 -4.06015   0.00010  -0.00010   0.00010  -0.00010   0.00021  -0.00010   0.00021  -0.00010
 -4.01003   0.00008  -0.00010   0.00008  -0.00010   0.00022  -0.00009   0.00022  -0.00009
 -3.95990   0.00006  -0.00009   0.00006  -0.00009   0.00022  -0.00008   0.00022  -0.00008
 -3.90977   0.00002  -0.00009   0.00002  -0.00009   0.00020  -0.00007   0.00020  -0.00007
 -3.85965  -0.00002  -0.00009  -0.00002  -0.00009   0.00017  -0.00006   0.00017  -0.00006
 -3.80952  -0.00008  -0.00010  -0.00008  -0.00010   0.00013  -0.00005   0.00013  -0.00005
 -3.75940  -0.00014  -0.00010  -0.00014  -0.00010   0.00007  -0.00005   0.00007  -0.00005
 -3.70927  -0.00019  -0.00011  -0.00019  -0.00011   0.00001  -0.00005   0.00001  -0.00005
 -3.65915  -0.00022  -0.00013  -0.00022  -0.00013  -0.00003  -0.00005  -0.00003  -0.00005
 -3.60902  -0.00024  -0.00014  -0.00024  -0.00014  -0.00006  -0.00005  -0.00006  -0.00005
 -3.55890  -0.00023  -0.00015  -0.00023  -0.00015  -0.00006  -0.00006  -0.00006  -0.00006
 -3.50877  -0.00022  -0.00016  -0.00022  -0.00016  -0.00007  -0.00006  -0.00007  -0.00006
 -3.45865  -0.00022  -0.00017  -0.00022  -0.00017  -0.00010  -0.00006  -0.00010  -0.00006
 -3.40852  -0.00025  -0.00018  -0.00025  -0.00018  -0.00014  -0.00007  -0.00014  -0.00007
 -3.35840  -0.00033  -0.00020  -0.00033  -0.00020  -0.00021  -0.00008  -0.00021  -0.00008
 -3.30827  -0.00044  -0.00022  -0.00044  -0.00022  -0.00028  -0.00010  -0.00028  -0.00010
 -3.25815  -0.00057  -0.00025  -0.00057  -0.00025  -0.00034  -0.00011  -0.00034  -0.00011
 -3.20802  -0.00065  -0.00028  -0.00065  -0.00028  -0.00038  -0.00013  -0.00038  -0.00013
 -3.15789  -0.00064  -0.00031  -0.00064  -0.00031  -0.00039  -0.00015  -0.00039  -0.00015
 -3.10777  -0.00052  -0.00034  -0.00052  -0.00034  -0.00039  -0.00017  -0.00039  -0.00017
 -3.05764  -0.00031  -0.00036  -0.00031  -0.00036  -0.00036  -0.00019  -0.00036  -0.00019
 -3.00752  -0.00006  -0.00036  -0.00006  -0.00036  -0.00033  -0.00021  -0.00033  -0.00021
 -2.95739   0.00018  -0.00035   0.00018  -0.00035  -0.00028  -0.00022  -0.00028  -0.00022
 -2.90727   0.00036  -0.00033   0.00036  -0.00033  -0.00022  -0.00023  -0.00022  -0.00023
 -2.85714   0.00047  -0.00031   0.00047  -0.00031  -0.00015  -0.00024  -0.00015  -0.00024
 -2.80702   0.00053  -0.00028   0.00053  -0.00028  -0.00008  -0.00024  -0.00008  -0.00024
 -2.75689   0.00054  -0.00025   0.00054  -0.00025  -0.00001  -0.00024  -0.00001  -0.00024
 -2.70677   0.00052  -0.00023   0.00052  -0.00023   0.00004  -0.00024   0.00004  -0.00024
 -2.65664   0.00048  -0.00020   0.00048  -0.00020   0.00007  -0.00024   0.00007  -0.00024
 -2.60652   0.00042  -0.00018   0.00042  -0.00018   0.00007  -0.00023   0.00007  -0.00023
 -2.55639   0.00035  -0.00017   0.00035  -0.00017   0.00004  -0.00023   0.00004  -0.00023
 -2.50627   0.00027  -0.00015   0.00027  -0.00015  -0.00001  -0.00023  -0.00001  -0.00023
 -2.45614   0.00020  -0.00014   0.00020  -0.00014  -0.00008  -0.00024  -0.00008  -0.00024
 -2.40602   0.00015  -0.00013   0.00015  -0.00013  -0.00013  -0.00024  -0.00013  -0.00024
 -2.35589   0.00010  -0.00013   0.00010  -0.00013  -0.00017  -0.00025  -0.00017  -0.00025
 -2.30576   0.00007  -0.00013   0.00007  -0.00013  -0.00017  -0.00026  -0.00017  -0.00026
 -2.25564   0.00005  -0.00012   0.00005  -0.00012  -0.00014  -0.00027  -0.00014  -0.00027
 -2.20551   0.00002  -0.00012   0.00002  -0.00012  -0.00009  -0.00027  -0.00009  -0.00027
 -2.15539  -0.00001  -0.00012  -0.00001  -0.00012  -0.00002  -0.00027  -0.00002  -0.00027
 -2.10526  -0.00006  -0.00013  -0.00006  -0.00013   0.00005  -0.00027   0.00005  -0.00027
 -2.05514  -0.00013  -0.00013  -0.00013  -0.00013   0.00011  -0.00026   0.00011  -0.00026
 -2.00501  -0.00019  -0.00014  -0.00019  -0.00014   0.00014  -0.00026   0.00014  -0.00026
 -1.95489  -0.00025  -0.00016  -0.00025  -0.00016   0.00015  -0.00025   0.00015  -0.00025
 -1.90476  -0.00029  -0.00017  -0.00029  -0.00017   0.00011  -0.00024   0.00011  -0.00024
 -1.85464  -0.00030  -0.00018  -0.00030  -0.00018   0.00002  -0.00024   0.00002  -0.00024
 -1.80451  -0.00029  -0.00020  -0.00029  -0.00020  -0.00012  -0.00025  -0.00012  -0.00025
 -1.75439  -0.00026  -0.00021  -0.00026  -0.00021  -0.00027  -0.00026  -0.00027  -0.00026
 -1.70426  -0.00021  -0.00022  -0.00021  -0.00022  -0.00041  -0.00028  -0.00041  -0.00028
 -1.65414  -0.00017  -0.00023  -0.00017  -0.00023  -0.00052  -0.00031  -0.00052  -0.00031
 -1.60401  -0.00013  -0.00024  -0.00013  -0.00024  -0.00057  -0.00034  -0.00057  -0.00034
 -1.55388  -0.00010  -0.00024  -0.00010  -0.00024  -0.00058  -0.00037  -0.00058  -0.00037
 -1.50376  -0.00008  -0.00025  -0.00008  -0.00025  -0.00055  -0.00039  -0.00055  -0.00039
 -1.45363  -0.00006  -0.00025  -0.00006  -0.00025  -0.00050  -0.00042  -0.00050  -0.00042
 -1.40351  -0.00005  -0.00025  -0.00005  -0.00025  -0.00044  -0.00044  -0.00044  -0.00044
 -1.35338  -0.00004  -0.00025  -0.00004  -0.00025  -0.00036  -0.00046  -0.00036  -0.00046
 -1.30326  -0.00003  -0.00026  -0.00003  -0.00026  -0.00027  -0.00047  -0.00027  -0.00047
 -1.25313  -0.00002  -0.00026  -0.00002  -0.00026  -0.00016  -0.00048  -0.00016  -0.00048
 -1.20301  -0.00002  -0.00026  -0.00002  -0.00026  -0.00006  -0.00048  -0.00006  -0.00048
 -1.15288  -0.00001  -0.00026  -0.00001  -0.00026   0.00005  -0.00048   0.00005  -0.00048
 -1.10276  -0.00001  -0.00026  -0.00001  -0.00026   0.00014  -0.00047   0.00014  -0.00047
 -1.05263  -0.00002  -0.00026  -0.00002  -0.00026   0.00021  -0.00046   0.00021  -0.00046
 -1.00251  -0.00002  -0.00026  -0.00002  -0.00026   0.00028  -0.00045   0.00028  -0.00045
 -0.95238  -0.00003  -0.00026  -0.00003  -0.00026   0.00033  -0.00043   0.00033  -0.00043
 -0.90226  -0.00003  -0.00026  -0.00003  -0.00026   0.00037  -0.00041   0.00037  -0.00041
 -0.85213  -0.00003  -0.00027  -0.00003  -0.00027   0.00040  -0.00039   0.00040  -0.00039
 -0.80201  -0.00003  -0.00027  -0.00003  -0.00027   0.00039  -0.00037   0.00039  -0.00037
 -0.75188  -0.00003  -0.00027  -0.00003  -0.00027   0.00036  -0.00036   0.00036  -0.00036
 -0.70175  -0.00003  -0.00027  -0.00003  -0.00027   0.00031  -0.00034   0.00031  -0.00034
 -0.65163  -0.00004  -0.00027  -0.00004  -0.00027   0.00024  -0.00033   0.00024  -0.00033
 -0.60150  -0.00005  -0.00027  -0.00005  -0.00027   0.00017  -0.00032   0.00017  -0.00032
 -0.55138  -0.00007  -0.00028  -0.00007  -0.00028   0.00011  -0.00032   0.00011  -0.00032
 -0.50125  -0.00010  -0.00028  -0.00010  -0.00028   0.00006  -0.00031   0.00006  -0.00031
 -0.45113  -0.00013  -0.00029  -0.00013  -0.00029   0.00003  -0.00031   0.00003  -0.00031
 -0.40100  -0.00015  -0.00030  -0.00015  -0.00030   0.00002  -0.00031   0.00002  -0.00031
 -0.35088  -0.00017  -0.00031  -0.00017  -0.00031   0.00001  -0.00031   0.00001  -0.00031
 -0.30075  -0.00018  -0.00032  -0.00018  -0.00032   0.00000  -0.00031   0.00000  -0.00031
 -0.25063  -0.00018  -0.00032  -0.00018  -0.00032   0.00000  -0.00031   0.00000  -0.00031
 -0.20050  -0.00017  -0.00033  -0.00017  -0.00033   0.00000  -0.00031   0.00000  -0.00031
 -0.15038  -0.00015  -0.00034  -0.00015  -0.00034   0.00000  -0.00031   0.00000  -0.00031
 -0.10025  -0.00012  -0.00035  -0.00012  -0.00035   0.00000  -0.00031   0.00000  -0.00031
 -0.05013  -0.00009  -0.00035  -0.00009  -0.00035   0.00000  -0.00031   0.00000  -0.00031
  0.00000  -0.00006  -0.00035  -0.00006  -0.00035   0.00000  -0.00031   0.00000  -0.00031
  0.05013  -0.00003  -0.00036  -0.00003  -0.00036   0.00000  -0.00031   0.00000  -0.00031
  0.10025  -0.00002  -0.00036  -0.00002  -0.00036   0.00000  -0.00031   0.00000  -0.00031
  0.15038  -0.00001  -0.00036  -0.00001  -0.00036   0.00000  -0.00031   0.00000  -0.00031
  0.20050  -0.00000  -0.00036  -0.00000  -0.00036   0.00000  -0.00031   0.00000  -0.00031
  0.25063  -0.00000  -0.00036  -0.00000  -0.00036   0.00000  -0.00031   0.00000  -0.00031
  0.30075  -0.00000  -0.00036  -0.00000  -0.00036   0.00000  -0.00031   0.00000  -0.00031
  0.35088  -0.00000  -0.00036  -0.00000  -0.00036   0.00000  -0.00031   0.00000  -0.00031
  0.40100  -0.00000  -0.00036  -0.00000  -0.00036   0.00000  -0.00031   0.00000  -0.00031
  0.45113  -0.00000  -0.00036  -0.00000  -0.00036   0.00000  -0.00031   0.00000  -0.00031
  0.50125  -0.00000  -0.00036  -0.00000  -0.00036   0.00000  -0.00031   0.00000  -0.00031
  0.55138  -0.00000  -0.00036  -0.00000  -0.00036   0.00000  -0.00031   0.00000  -0.00031
  0.60150  -0.00001  -0.00036  -0.00001  -0.00036   0.00000  -0.00031   0.00000  -0.00031
  0.65163  -0.00001  -0.00036  -0.00001  -0.00036   0.00000  -0.00031   0.00000  -0.00031
  0.70175  -0.00001  -0.00036  -0.00001  -0.00036   0.00000  -0.00031   0.00000  -0.00031
  0.75188  -0.00000  -0.00036  -0.00000  -0.00036   0.00000  -0.00031   0.00000  -0.00031
  0.80201  -0.00000  -0.00036  -0.00000  -0.00036   0.00000  -0.00031   0.00000  -0.00031
  0.85213   0.00000  -0.00036   0.00000  -0.00036   0.00000  -0.00031   0.00000  -0.00031
  0.90226   0.00000  -0.00036   0.00000  -0.00036   0.00000  -0.00031   0.00000  -0.00031
  0.95238   0.00001  -0.00036   0.00001  -0.00036   0.00000  -0.00031   0.00000  -0.00031
  1.00251   0.00001  -0.00036   0.00001  -0.00036   0.00000  -0.00031   0.00000  -0.00031
  1.05263   0.00001  -0.00036   0.00001  -0.00036   0.00000  -0.00031   0.00000  -0.00031
  1.10276   0.00001  -0.00036   0.00001  -0.00036   0.00000  -0.00031   0.00000  -0.00031
  1.15288   0.00001  -0.00036   0.00001  -0.00036   0.00000  -0.00031   0.00000  -0.00031
  1.20301   0.00001  -0.00036   0.00001  -0.00036   0.00001  -0.00031   0.00001  -0.00031
  1.25313   0.00001  -0.00036   0.00001  -0.00036   0.00001  -0.00031   0.00001  -0.00031
  1.30326   0.00001  -0.00036   0.00001  -0.00036   0.00001  -0.00031   0.00001  -0.00031
  1.35338   0.00001  -0.00035   0.00001  -0.00035   0.00001  -0.00031   0.00001  -0.00031
  1.40351   0.00001  -0.00035   0.00001  -0.00035   0.00001  -0.00031   0.00001  -0.00031
  1.45363   0.00002  -0.00035   0.00002  -0.00035   0.00001  -0.00031   0.00001  -0.00031
  1.50376   0.00002  -0.00035   0.00002  -0.00035   0.00001  -0.00031   0.00001  -0.00031
  1.55388   0.00003  -0.00035   0.00003  -0.00035   0.00001  -0.00030   0.00001  -0.00030
  1.60401   0.00003  -0.00035   0.00003  -0.00035   0.00001  -0.00030   0.00001  -0.00030
  1.65414   0.00004  -0.00035   0.00004  -0.00035   0.00000  -0.00030   0.00000  -0.00030
  1.70426   0.00004  -0.00035   0.00004  -0.00035   0.00000  -0.00030   0.00000  -0.00030
  1.75439   0.00004  -0.00034   0.00004  -0.00034   0.00000  -0.00030   0.00000  -0.00030
  1.80451   0.00004  -0.00034   0.00004  -0.00034   0.00000  -0.00030   0.00000  -0.00030
  1.85464   0.00004  -0.00034   0.00004  -0.00034   0.00000  -0.00030   0.00000  -0.00030
  1.90476   0.00004  -0.00034   0.00004  -0.00034   0.00000  -0.00030   0.00000  -0.00030
  1.95489   0.00004  -0.00033   0.00004  -0.00033   0.00000  -0.00030   0.00000  -0.00030
  2.00501   0.00004  -0.00033   0.00004  -0.00033  -0.00000  -0.00030  -0.00000  -0.00030
  2.05514   0.00003  -0.00033   0.00003  -0.00033  -0.00000  -0.00030  -0.00000  -0.00030
  2.10526   0.00002  -0.00033   0.00002  -0.00033  -0.00000  -0.00030  -0.00000  -0.00030
  2.15539   0.00001  -0.00033   0.00001  -0.00033  -0.00000  -0.00030  -0.00000  -0.00030
  2.20551   0.00001  -0.00033   0.00001  -0.00033  -0.00000  -0.00030  -0.00000  -0.00030
  2.25564   0.00000  -0.00033   0.00000  -0.00033   0.00000  -0.00030   0.00000  -0.00030
  2.30576   0.00000  -0.00033   0.00000  -0.00033   0.00000  -0.00030   0.00000  -0.00030
  2.35589  -0.00000  -0.00033  -0.00000  -0.00033   0.00000  -0.00030   0.00000  -0.00030
  2.40602  -0.00000  -0.00033  -0.00000  -0.00033   0.00000  -0.00030   0.00000  -0.00030
  2.45614  -0.00000  -0.00033  -0.00000  -0.00033   0.00000  -0.00030   0.00000  -0.00030
  2.50627  -0.00000  -0.00033  -0.00000  -0.00033   0.00000  -0.00030   0.00000  -0.00030
  2.55639  -0.00000  -0.00033  -0.00000  -0.00033   0.00000  -0.00030   0.00000  -0.00030
  2.60652  -0.00000  -0.00033  -0.00000  -0.00033   0.00000  -0.00030   0.00000  -0.00030
  2.65664  -0.00000  -0.00033  -0.00000  -0.00033   0.00000  -0.00030   0.00000  -0.00030
  2.70677  -0.00000  -0.00033  -0.00000  -0.00033   0.00000  -0.00030   0.00000  -0.00030
  2.75689  -0.00000  -0.00033  -0.00000  -0.00033   0.00000  -0.00030   0.00000  -0.00030
  2.80702  -0.00000  -0.00033  -0.00000  -0.00033  -0.00000  -0.00030  -0.00000  -0.00030
  2.85714  -0.00000  -0.00033  -0.00000  -0.00033  -0.00000  -0.00030  -0.00000  -0.00030
  2.90727  -0.00000  -0.00033  -0.00000  -0.00033  -0.00001  -0.00030  -0.00001  -0.00030
  2.95739  -0.00000  -0.00033  -0.00000  -0.00033  -0.00001  -0.00031  -0.00001  -0.00031
  3.00752  -0.00000  -0.00033  -0.00000  -0.00033  -0.00002  -0.00031  -0.00002  -0.00031
  3.05764  -0.00000  -0.00033  -0.00000  -0.00033  -0.00003  -0.00031  -0.00003  -0.00031
  3.10777  -0.00000  -0.00033  -0.00000  -0.00033  -0.00004  -0.00031  -0.00004  -0.00031
  3.15789  -0.00000  -0.00033  -0.00000  -0.00033  -0.00004  -0.00031  -0.00004  -0.00031
  3.20802  -0.00000  -0.00033  -0.00000  -0.00033  -0.00003  -0.00031  -0.00003  -0.00031
  3.25815  -0.00000  -0.00033  -0.00000  -0.00033  -0.00003  -0.00031  -0.00003  -0.00031
  3.30827  -0.00000  -0.00033  -0.00000  -0.00033  -0.00003  -0.00032  -0.00003  -0.00032
  3.35840  -0.00000  -0.00033  -0.00000  -0.00033  -0.00004  -0.00032  -0.00004  -0.00032
  3.40852  -0.00000  -0.00033  -0.00000  -0.00033  -0.00004  -0.00032  -0.00004  -0.00032
  3.45865  -0.00000  -0.00033  -0.00000  -0.00033  -0.00005  -0.00032  -0.00005  -0.00032
  3.50877  -0.00000  -0.00033  -0.00000  -0.00033  -0.00005  -0.00033  -0.00005  -0.00033
  3.55890  -0.00000  -0.00033  -0.00000  -0.00033  -0.00004  -0.00033  -0.00004  -0.00033
  3.60902  -0.00000  -0.00033  -0.00000  -0.00033  -0.00003  -0.00033  -0.00003  -0.00033
  3.65915   0.00000  -0.00033   0.00000  -0.00033  -0.00001  -0.00033  -0.00001  -0.00033
  3.70927   0.00000  -0.00033   0.00000  -0.00033   0.00001  -0.00033   0.00001  -0.00033
  3.75940   0.00000  -0.00033   0.00000  -0.00033   0.00002  -0.00033   0.00002  -0.00033
  3.80952   0.00000  -0.00033   0.00000  -0.00033   0.00002  -0.00033   0.00002  -0.00033
  3.85965   0.00000  -0.00033   0.00000  -0.00033   0.00003  -0.00033   0.00003  -0.00033
  3.90977   0.00000  -0.00033   0.00000  -0.00033   0.00003  -0.00032   0.00003  -0.00032
  3.95990   0.00000  -0.00033   0.00000  -0.00033   0.00002  -0.00032   0.00002  -0.00032
  4.01003   0.00000  -0.00033   0.00000  -0.00033   0.00002  -0.00032   0.00002  -0.00032
  4.06015   0.00000  -0.00033   0.00000  -0.00033   0.00001  -0.00032   0.00001  -0.00032
  4.11028   0.00000  -0.00033   0.00000  -0.00033   0.00000  -0.00032   0.00000  -0.00032
  4.16040   0.00000  -0.00033   0.00000  -0.00033  -0.00000  -0.00032  -0.00000  -0.00032
  4.21053   0.00000  -0.00033   0.00000  -0.00033  -0.00000  -0.00032  -0.00000  -0.00032
  4.26065   0.00000  -0.00033   0.00000  -0.00033  -0.00000  -0.00032  -0.00000  -0.00032
  4.31078   0.00000  -0.00033   0.00000  -0.00033  -0.00000  -0.00032  -0.00000  -0.00032
  4.36090   0.00000  -0.00033   0.00000  -0.00033  -0.00000  -0.00032  -0.00000  -0.00032
  4.41103   0.00000  -0.00033   0.00000  -0.00033  -0.00000  -0.00032  -0.00000  -0.00032
  4.46115   0.00000  -0.00033   0.00000  -0.00033  -0.00000  -0.00032  -0.00000  -0.00032
  4.51128   0.00000  -0.00033   0.00000  -0.00033  -0.00000  -0.00032  -0.00000  -0.00032
  4.56140   0.00000  -0.00033   0.00000  -0.00033  -0.00000  -0.00032  -0.00000  -0.00032
  4.61153   0.00000  -0.00033   0.00000  -0.00033  -0.00000  -0.00032  -0.00000  -0.00032
  4.66165   0.00000  -0.00033   0.00000  -0.00033   0.00000  -0.00032   0.00000  -0.00032
  4.71178   0.00000  -0.00033   0.00000  -0.00033   0.00000  -0.00032   0.00000  -0.00032
  4.76190   0.00000  -0.00033   0.00000  -0.00033   0.00000  -0.00032   0.00000  -0.00032
  4.81203   0.00000  -0.00033   0.00000  -0.00033   0.00000  -0.00032   0.00000  -0.00032
  4.86216   0.00000  -0.00033   0.00000  -0.00033   0.00000  -0.00032   0.00000  -0.00032
  4.91228   0.00000  -0.00033   0.00000  -0.00033   0.00000  -0.00032   0.00000  -0.00032
  4.96241   0.00000  -0.00033   0.00000  -0.00033   0.00000  -0.00032   0.00000  -0.00032
  5.01253   0.00000  -0.00033   0.00000  -0.00033   0.00000  -0.00032   0.00000  -0.00032
  5.06266   0.00000  -0.00033   0.00000  -0.00033   0.00000  -0.00032   0.00000  -0.00032
  5.11278   0.00000  -0.00033   0.00000  -0.00033   0.00000  -0.00032   0.00000  -0.00032
  5.16291   0.00000  -0.00033   0.00000  -0.00033   0.00000  -0.00032   0.00000  -0.00032
  5.21303   0.00000  -0.00033   0.00000  -0.00033  -0.00000  -0.00032  -0.00000  -0.00032
  5.26316  -0.00000  -0.00033  -0.00000  -0.00033  -0.00000  -0.00032  -0.00000  -0.00032
  5.31328   0.00000  -0.00033   0.00000  -0.00033  -0.00000  -0.00032  -0.00000  -0.00032
  5.36341   0.00000  -0.00033   0.00000  -0.00033  -0.00000  -0.00032  -0.00000  -0.00032
  5.41353   0.00000  -0.00033   0.00000  -0.00033  -0.00000  -0.00032  -0.00000  -0.00032
  5.46366   0.00000  -0.00033   0.00000  -0.00033  -0.00000  -0.00032  -0.00000  -0.00032
  5.51378   0.00000  -0.00033   0.00000  -0.00033  -0.00000  -0.00032  -0.00000  -0.00032
  5.56391   0.00000  -0.00033   0.00000  -0.00033  -0.00000  -0.00032  -0.00000  -0.00032
  5.61404   0.00000  -0.00033   0.00000  -0.00033   0.00000  -0.00032   0.00000  -0.00032
  5.66416   0.00000  -0.00033   0.00000  -0.00033   0.00000  -0.00032   0.00000  -0.00032
  5.71429   0.00000  -0.00033   0.00000  -0.00033   0.00000  -0.00032   0.00000  -0.00032
  5.76441   0.00000  -0.00033   0.00000  -0.00033   0.00000  -0.00032   0.00000  -0.00032
  5.81454   0.00000  -0.00033   0.00000  -0.00033   0.00000  -0.00032   0.00000  -0.00032
  5.86466   0.00000  -0.00033   0.00000  -0.00033   0.00000  -0.00032   0.00000  -0.00032
  5.91479   0.00000  -0.00033   0.00000  -0.00033   0.00000  -0.00032   0.00000  -0.00032
  5.96491   0.00000  -0.00033   0.00000  -0.00033   0.00000  -0.00032   0.00000  -0.00032
  6.01504   0.00000  -0.00033   0.00000  -0.00033   0.00000  -0.00032   0.00000  -0.00032
  6.06516   0.00000  -0.00033   0.00000  -0.00033   0.00000  -0.00032   0.00000  -0.00032
  6.11529   0.00000  -0.00033   0.00000  -0.00033   0.00000  -0.00032   0.00000  -0.00032
  6.16541   0.00000  -0.00033   0.00000  -0.00033   0.00000  -0.00032   0.00000  -0.00032
  6.21554   0.00000  -0.00033   0.00000  -0.00033   0.00000  -0.00032   0.00000  -0.00032
  6.26566   0.00000  -0.00033   0.00000  -0.00033   0.00000  -0.00032   0.00000  -0.00032
  6.31579   0.00000  -0.00033   0.00000  -0.00033   0.00000  -0.00032   0.00000  -0.00032
  6.36591   0.00001  -0.00033   0.00001  -0.00033  -0.00000  -0.00032  -0.00000  -0.00032
  6.41604   0.00001  -0.00033   0.00001  -0.00033  -0.00000  -0.00032  -0.00000  -0.00032
  6.46617   0.00001  -0.00033   0.00001  -0.00033  -0.00000  -0.00032  -0.00000  -0.00032
  6.51629   0.00000  -0.00033   0.00000  -0.00033  -0.00000  -0.00032  -0.00000  -0.00032
  6.56642  -0.00000  -0.00033  -0.00000  -0.00033  -0.00000  -0.00032  -0.00000  -0.00032
  6.61654  -0.00001  -0.00033  -0.00001  -0.00033  -0.00000  -0.00032  -0.00000  -0.00032
  6.66667  -0.00001  -0.00033  -0.00001  -0.00033  -0.00001  -0.00032  -0.00001  -0.00032
  6.71679  -0.00001  -0.00033  -0.00001  -0.00033  -0.00001  -0.00032  -0.00001  -0.00032
  6.76692  -0.00001  -0.00033  -0.00001  -0.00033  -0.00002  -0.00032  -0.00002  -0.00032
  6.81704  -0.00000  -0.00033  -0.00000  -0.00033  -0.00002  -0.00032  -0.00002  -0.00032
  6.86717  -0.00000  -0.00033  -0.00000  -0.00033  -0.00002  -0.00033  -0.00002  -0.00033
  6.91729  -0.00000  -0.00033  -0.00000  -0.00033  -0.00002  -0.00033  -0.00002  -0.00033
  6.96742  -0.00001  -0.00033  -0.00001  -0.00033  -0.00002  -0.00033  -0.00002  -0.00033
  7.01754  -0.00002  -0.00033  -0.00002  -0.00033  -0.00001  -0.00033  -0.00001  -0.00033
  7.06767  -0.00004  -0.00033  -0.00004  -0.00033  -0.00001  -0.00033  -0.00001  -0.00033
  7.11779  -0.00005  -0.00034  -0.00005  -0.00034  -0.00001  -0.00033  -0.00001  -0.00033
  7.16792  -0.00005  -0.00034  -0.00005  -0.00034  -0.00002  -0.00033  -0.00002  -0.00033
  7.21805  -0.00004  -0.00034  -0.00004  -0.00034  -0.00004  -0.00033  -0.00004  -0.00033
  7.26817  -0.00002  -0.00034  -0.00002  -0.00034  -0.00005  -0.00033  -0.00005  -0.00033
  7.31830   0.00000  -0.00034   0.00000  -0.00034  -0.00006  -0.00034  -0.00006  -0.00034
  7.36842   0.00002  -0.00034   0.00002  -0.00034  -0.00006  -0.00034  -0.00006  -0.00034
  7.41855   0.00002  -0.00034   0.00002  -0.00034  -0.00004  -0.00034  -0.00004  -0.00034
  7.46867   0.00001  -0.00034   0.00001  -0.00034  -0.00002  -0.00034  -0.00002  -0.00034
  7.51880  -0.00001  -0.00034  -0.00001  -0.00034   0.00000  -0.00034   0.00000  -0.00034
  7.56892  -0.00004  -0.00034  -0.00004  -0.00034   0.00002  -0.00034   0.00002  -0.00034
  7.61905  -0.00007  -0.00035  -0.00007  -0.00035   0.00002  -0.00034   0.00002  -0.00034
  7.66917  -0.00010  -0.00035  -0.00010  -0.00035   0.00000  -0.00034   0.00000  -0.00034
  7.71930  -0.00011  -0.00036  -0.00011  -0.00036  -0.00002  -0.00034  -0.00002  -0.00034
  7.76942  -0.00012  -0.00036  -0.00012  -0.00036  -0.00005  -0.00034  -0.00005  -0.00034
  7.81955  -0.00012  -0.00037  -0.00012  -0.00037  -0.00007  -0.00035  -0.00007  -0.00035
  7.86967  -0.00011  -0.00037  -0.00011  -0.00037  -0.00010  -0.00035  -0.00010  -0.00035
  7.91980  -0.00010  -0.00038  -0.00010  -0.00038  -0.00012  -0.00036  -0.00012  -0.00036
  7.96992  -0.00009  -0.00038  -0.00009  -0.00038  -0.00013  -0.00037  -0.00013  -0.00037
  8.02005  -0.00008  -0.00039  -0.00008  -0.00039  -0.00013  -0.00037  -0.00013  -0.00037
  8.07018  -0.00009  -0.00039  -0.00009  -0.00039  -0.00011  -0.00038  -0.00011  -0.00038
  8.12030  -0.00009  -0.00040  -0.00009  -0.00040  -0.00009  -0.00038  -0.00009  -0.00038
  8.17043  -0.00010  -0.00040  -0.00010  -0.00040  -0.00007  -0.00039  -0.00007  -0.00039
  8.22055  -0.00008  -0.00041  -0.00008  -0.00041  -0.00005  -0.00039  -0.00005  -0.00039
  8.27068  -0.00005  -0.00041  -0.00005  -0.00041  -0.00003  -0.00039  -0.00003  -0.00039
  8.32080   0.00001  -0.00041   0.00001  -0.00041  -0.00001  -0.00039  -0.00001  -0.00039
  8.37093   0.00009  -0.00040   0.00009  -0.00040   0.00002  -0.00039   0.00002  -0.00039
  8.42105   0.00019  -0.00039   0.00019  -0.00039   0.00007  -0.00039   0.00007  -0.00039
  8.47118   0.00029  -0.00038   0.00029  -0.00038   0.00013  -0.00038   0.00013  -0.00038
  8.52130   0.00039  -0.00036   0.00039  -0.00036   0.00022  -0.00037   0.00022  -0.00037
  8.57143   0.00048  -0.00034   0.00048  -0.00034   0.00031  -0.00035   0.00031  -0.00035
  8.62155   0.00055  -0.00031   0.00055  -0.00031   0.00040  -0.00033   0.00040  -0.00033
  8.67168   0.00059  -0.00028   0.00059  -0.00028   0.00048  -0.00031   0.00048  -0.00031
  8.72180   0.00061  -0.00025   0.00061  -0.00025   0.00054  -0.00028   0.00054  -0.00028
  8.77193   0.00059  -0.00022   0.00059  -0.00022   0.00057  -0.00025   0.00057  -0.00025
  8.82206   0.00054  -0.00019   0.00054  -0.00019   0.00057  -0.00022   0.00057  -0.00022
  8.87218   0.00046  -0.00017   0.00046  -0.00017   0.00053  -0.00020   0.00053  -0.00020
  8.92231   0.00036  -0.00015   0.00036  -0.00015   0.00047  -0.00017   0.00047  -0.00017
  8.97243   0.00026  -0.00014   0.00026  -0.00014   0.00039  -0.00015   0.00039  -0.00015
  9.02256   0.00016  -0.00013   0.00016  -0.00013   0.00030  -0.00014   0.00030  -0.00014
  9.07268   0.00008  -0.00012   0.00008  -0.00012   0.00021  -0.00013   0.00021  -0.00013
  9.12281   0.00001  -0.00012   0.00001  -0.00012   0.00013  -0.00012   0.00013  -0.00012
  9.17293  -0.00005  -0.00013  -0.00005  -0.00013   0.00005  -0.00012   0.00005  -0.00012
  9.22306  -0.00009  -0.00013  -0.00009  -0.00013  -0.00002  -0.00012  -0.00002  -0.00012
  9.27318  -0.00012  -0.00014  -0.00012  -0.00014  -0.00008  -0.00012  -0.00008  -0.00012
  9.32331  -0.00015  -0.00014  -0.00015  -0.00014  -0.00012  -0.00013  -0.00012  -0.00013
  9.37343  -0.00019  -0.00015  -0.00019  -0.00015  -0.00015  -0.00014  -0.00015  -0.00014
  9.42356  -0.00023  -0.00016  -0.00023  -0.00016  -0.00016  -0.00015  -0.00016  -0.00015
  9.47368  -0.00027  -0.00018  -0.00027  -0.00018  -0.00018  -0.00015  -0.00018  -0.00015
  9.52381  -0.00032  -0.00019  -0.00032  -0.00019  -0.00020  -0.00016  -0.00020  -0.00016
  9.57393  -0.00036  -0.00021  -0.00036  -0.00021  -0.00023  -0.00018  -0.00023  -0.00018
  9.62406  -0.00041  -0.00023  -0.00041  -0.00023  -0.00027  -0.00019  -0.00027  -0.00019
  9.67419  -0.00046  -0.00026  -0.00046  -0.00026  -0.00032  -0.00021  -0.00032  -0.00021
  9.72431  -0.00050  -0.00028  -0.00050  -0.00028  -0.00037  -0.00023  -0.00037  -0.00023
  9.77444  -0.00053  -0.00031  -0.00053  -0.00031  -0.00043  -0.00025  -0.00043  -0.00025
  9.82456  -0.00053  -0.00033  -0.00053  -0.00033  -0.00048  -0.00027  -0.00048  -0.00027
  9.87469  -0.00050  -0.00036  -0.00050  -0.00036  -0.00051  -0.00030  -0.00051  -0.00030
  9.92481  -0.00044  -0.00038  -0.00044  -0.00038  -0.00052  -0.00032  -0.00052  -0.00032
  9.97494  -0.00036  -0.00040  -0.00036  -0.00040  -0.00050  -0.00035  -0.00050  -0.00035
 10.02506  -0.00027  -0.00041  -0.00027  -0.00041  -0.00044  -0.00037  -0.00044  -0.00037