ESCALE ; pCOHP file generated by LOBSTER. Energy is shifted such that the Fermi level lies at 0 eV.
         2          2        401  -6.04511e+00   1.40050e+01   3.97995e+00 
Average
No.1:Ni60->O106(1.8697149731568963)
-10.02506   0.00000  -0.61475   0.00000  -0.61475   0.00000  -0.61055   0.00000  -0.61055
 -9.97494   0.00000  -0.61475   0.00000  -0.61475   0.00000  -0.61055   0.00000  -0.61055
 -9.92481   0.00000  -0.61475   0.00000  -0.61475   0.00000  -0.61055   0.00000  -0.61055
 -9.87469   0.00000  -0.61475   0.00000  -0.61475   0.00000  -0.61055   0.00000  -0.61055
 -9.82456   0.00000  -0.61475   0.00000  -0.61475   0.00000  -0.61055   0.00000  -0.61055
 -9.77444   0.00000  -0.61475   0.00000  -0.61475   0.00000  -0.61055   0.00000  -0.61055
 -9.72431   0.00000  -0.61475   0.00000  -0.61475   0.00000  -0.61055   0.00000  -0.61055
 -9.67419   0.00000  -0.61475   0.00000  -0.61475   0.00000  -0.61055   0.00000  -0.61055
 -9.62406   0.00000  -0.61475   0.00000  -0.61475   0.00000  -0.61055   0.00000  -0.61055
 -9.57393   0.00000  -0.61475   0.00000  -0.61475   0.00000  -0.61055   0.00000  -0.61055
 -9.52381   0.00000  -0.61475   0.00000  -0.61475   0.00000  -0.61055   0.00000  -0.61055
 -9.47368   0.00000  -0.61475   0.00000  -0.61475   0.00000  -0.61055   0.00000  -0.61055
 -9.42356   0.00000  -0.61475   0.00000  -0.61475   0.00000  -0.61055   0.00000  -0.61055
 -9.37343   0.00000  -0.61475   0.00000  -0.61475   0.00000  -0.61055   0.00000  -0.61055
 -9.32331   0.00000  -0.61475   0.00000  -0.61475   0.00000  -0.61055   0.00000  -0.61055
 -9.27318   0.00000  -0.61475   0.00000  -0.61475   0.00000  -0.61055   0.00000  -0.61055
 -9.22306   0.00000  -0.61475   0.00000  -0.61475   0.00000  -0.61055   0.00000  -0.61055
 -9.17293   0.00000  -0.61475   0.00000  -0.61475   0.00000  -0.61055   0.00000  -0.61055
 -9.12281   0.00000  -0.61475   0.00000  -0.61475   0.00000  -0.61055   0.00000  -0.61055
 -9.07268   0.00000  -0.61475   0.00000  -0.61475   0.00000  -0.61055   0.00000  -0.61055
 -9.02256   0.00000  -0.61475   0.00000  -0.61475   0.00000  -0.61055   0.00000  -0.61055
 -8.97243   0.00000  -0.61475   0.00000  -0.61475   0.00000  -0.61055   0.00000  -0.61055
 -8.92231   0.00000  -0.61475   0.00000  -0.61475   0.00000  -0.61055   0.00000  -0.61055
 -8.87218   0.00000  -0.61475   0.00000  -0.61475   0.00000  -0.61055   0.00000  -0.61055
 -8.82206   0.00000  -0.61475   0.00000  -0.61475   0.00000  -0.61055   0.00000  -0.61055
 -8.77193  -0.00000  -0.61475  -0.00000  -0.61475   0.00000  -0.61055   0.00000  -0.61055
 -8.72180   0.00000  -0.61475   0.00000  -0.61475   0.00000  -0.61055   0.00000  -0.61055
 -8.67168   0.00000  -0.61475   0.00000  -0.61475   0.00000  -0.61055   0.00000  -0.61055
 -8.62155   0.00000  -0.61475   0.00000  -0.61475   0.00000  -0.61055   0.00000  -0.61055
 -8.57143   0.00000  -0.61475   0.00000  -0.61475   0.00000  -0.61055   0.00000  -0.61055
 -8.52130   0.00000  -0.61475   0.00000  -0.61475   0.00000  -0.61055   0.00000  -0.61055
 -8.47118   0.00000  -0.61475   0.00000  -0.61475   0.00000  -0.61055   0.00000  -0.61055
 -8.42105   0.00000  -0.61475   0.00000  -0.61475   0.00000  -0.61055   0.00000  -0.61055
 -8.37093   0.00000  -0.61475   0.00000  -0.61475   0.00000  -0.61055   0.00000  -0.61055
 -8.32080   0.00000  -0.61475   0.00000  -0.61475   0.00000  -0.61055   0.00000  -0.61055
 -8.27068   0.00000  -0.61475   0.00000  -0.61475   0.00000  -0.61055   0.00000  -0.61055
 -8.22055   0.00000  -0.61475   0.00000  -0.61475   0.00000  -0.61055   0.00000  -0.61055
 -8.17043   0.00000  -0.61475   0.00000  -0.61475   0.00000  -0.61055   0.00000  -0.61055
 -8.12030   0.00000  -0.61475   0.00000  -0.61475   0.00000  -0.61055   0.00000  -0.61055
 -8.07018   0.00000  -0.61475   0.00000  -0.61475   0.00000  -0.61055   0.00000  -0.61055
 -8.02005   0.00000  -0.61475   0.00000  -0.61475   0.00000  -0.61055   0.00000  -0.61055
 -7.96992   0.00000  -0.61475   0.00000  -0.61475   0.00000  -0.61055   0.00000  -0.61055
 -7.91980   0.00000  -0.61475   0.00000  -0.61475   0.00000  -0.61055   0.00000  -0.61055
 -7.86967   0.00000  -0.61475   0.00000  -0.61475   0.00000  -0.61055   0.00000  -0.61055
 -7.81955   0.00000  -0.61475   0.00000  -0.61475   0.00000  -0.61055   0.00000  -0.61055
 -7.76942   0.00000  -0.61475   0.00000  -0.61475   0.00000  -0.61055   0.00000  -0.61055
 -7.71930  -0.00000  -0.61475  -0.00000  -0.61475   0.00000  -0.61055   0.00000  -0.61055
 -7.66917  -0.00000  -0.61475  -0.00000  -0.61475  -0.00000  -0.61055  -0.00000  -0.61055
 -7.61905  -0.00001  -0.61475  -0.00001  -0.61475  -0.00000  -0.61055  -0.00000  -0.61055
 -7.56892  -0.00001  -0.61475  -0.00001  -0.61475  -0.00000  -0.61055  -0.00000  -0.61055
 -7.51880  -0.00001  -0.61475  -0.00001  -0.61475  -0.00000  -0.61055  -0.00000  -0.61055
 -7.46867  -0.00002  -0.61475  -0.00002  -0.61475  -0.00000  -0.61055  -0.00000  -0.61055
 -7.41855  -0.00003  -0.61475  -0.00003  -0.61475  -0.00000  -0.61055  -0.00000  -0.61055
 -7.36842  -0.00005  -0.61475  -0.00005  -0.61475  -0.00000  -0.61055  -0.00000  -0.61055
 -7.31830  -0.00010  -0.61476  -0.00010  -0.61476  -0.00000  -0.61055  -0.00000  -0.61055
 -7.26817  -0.00019  -0.61477  -0.00019  -0.61477  -0.00000  -0.61055  -0.00000  -0.61055
 -7.21805  -0.00035  -0.61479  -0.00035  -0.61479  -0.00000  -0.61055  -0.00000  -0.61055
 -7.16792  -0.00065  -0.61482  -0.00065  -0.61482  -0.00000  -0.61055  -0.00000  -0.61055
 -7.11779  -0.00130  -0.61488  -0.00130  -0.61488  -0.00000  -0.61055  -0.00000  -0.61055
 -7.06767  -0.00281  -0.61503  -0.00281  -0.61503  -0.00000  -0.61055  -0.00000  -0.61055
 -7.01754  -0.00630  -0.61534  -0.00630  -0.61534  -0.00001  -0.61055  -0.00001  -0.61055
 -6.96742  -0.01382  -0.61603  -0.01382  -0.61603  -0.00004  -0.61055  -0.00004  -0.61055
 -6.91729  -0.02845  -0.61746  -0.02845  -0.61746  -0.00015  -0.61056  -0.00015  -0.61056
 -6.86717  -0.05369  -0.62015  -0.05369  -0.62015  -0.00048  -0.61058  -0.00048  -0.61058
 -6.81704  -0.09197  -0.62476  -0.09197  -0.62476  -0.00138  -0.61065  -0.00138  -0.61065
 -6.76692  -0.14244  -0.63190  -0.14244  -0.63190  -0.00357  -0.61083  -0.00357  -0.61083
 -6.71679  -0.19937  -0.64189  -0.19937  -0.64189  -0.00829  -0.61125  -0.00829  -0.61125
 -6.66667  -0.25269  -0.65456  -0.25269  -0.65456  -0.01735  -0.61212  -0.01735  -0.61212
 -6.61654  -0.29135  -0.66917  -0.29135  -0.66917  -0.03280  -0.61376  -0.03280  -0.61376
 -6.56642  -0.30820  -0.68461  -0.30820  -0.68461  -0.05615  -0.61658  -0.05615  -0.61658
 -6.51629  -0.30328  -0.69982  -0.30328  -0.69982  -0.08736  -0.62095  -0.08736  -0.62095
 -6.46617  -0.28347  -0.71403  -0.28347  -0.71403  -0.12425  -0.62718  -0.12425  -0.62718
 -6.41604  -0.25879  -0.72700  -0.25879  -0.72700  -0.16296  -0.63535  -0.16296  -0.63535
 -6.36591  -0.23782  -0.73892  -0.23782  -0.73892  -0.19983  -0.64537  -0.19983  -0.64537
 -6.31579  -0.22483  -0.75019  -0.22483  -0.75019  -0.23368  -0.65708  -0.23368  -0.65708
 -6.26566  -0.21945  -0.76119  -0.21945  -0.76119  -0.26681  -0.67045  -0.26681  -0.67045
 -6.21554  -0.21822  -0.77213  -0.21822  -0.77213  -0.30335  -0.68566  -0.30335  -0.68566
 -6.16541  -0.21690  -0.78300  -0.21690  -0.78300  -0.34539  -0.70297  -0.34539  -0.70297
 -6.11529  -0.21249  -0.79365  -0.21249  -0.79365  -0.38928  -0.72249  -0.38928  -0.72249
 -6.06516  -0.20416  -0.80388  -0.20416  -0.80388  -0.42533  -0.74380  -0.42533  -0.74380
 -6.01504  -0.19307  -0.81356  -0.19307  -0.81356  -0.44197  -0.76596  -0.44197  -0.76596
 -5.96491  -0.18140  -0.82265  -0.18140  -0.82265  -0.43221  -0.78762  -0.43221  -0.78762
 -5.91479  -0.17132  -0.83124  -0.17132  -0.83124  -0.39795  -0.80757  -0.39795  -0.80757
 -5.86466  -0.16465  -0.83949  -0.16465  -0.83949  -0.34927  -0.82508  -0.34927  -0.82508
 -5.81454  -0.16311  -0.84767  -0.16311  -0.84767  -0.29942  -0.84009  -0.29942  -0.84009
 -5.76441  -0.16860  -0.85612  -0.16860  -0.85612  -0.25903  -0.85307  -0.25903  -0.85307
 -5.71429  -0.18302  -0.86530  -0.18302  -0.86530  -0.23272  -0.86474  -0.23272  -0.86474
 -5.66416  -0.20727  -0.87569  -0.20727  -0.87569  -0.21900  -0.87571  -0.21900  -0.87571
 -5.61404  -0.24025  -0.88773  -0.24025  -0.88773  -0.21259  -0.88637  -0.21259  -0.88637
 -5.56391  -0.27856  -0.90169  -0.27856  -0.90169  -0.20742  -0.89677  -0.20742  -0.89677
 -5.51378  -0.31759  -0.91761  -0.31759  -0.91761  -0.19929  -0.90676  -0.19929  -0.90676
 -5.46366  -0.35341  -0.93532  -0.35341  -0.93532  -0.18727  -0.91614  -0.18727  -0.91614
 -5.41353  -0.38437  -0.95459  -0.38437  -0.95459  -0.17373  -0.92485  -0.17373  -0.92485
 -5.36341  -0.41145  -0.97522  -0.41145  -0.97522  -0.16322  -0.93303  -0.16322  -0.93303
 -5.31328  -0.43690  -0.99712  -0.43690  -0.99712  -0.16100  -0.94110  -0.16100  -0.94110
 -5.26316  -0.46234  -1.02029  -0.46234  -1.02029  -0.17189  -0.94972  -0.17189  -0.94972
 -5.21303  -0.48704  -1.04470  -0.48704  -1.04470  -0.19957  -0.95972  -0.19957  -0.95972
 -5.16291  -0.50761  -1.07015  -0.50761  -1.07015  -0.24577  -0.97204  -0.24577  -0.97204
 -5.11278  -0.51906  -1.09617  -0.51906  -1.09617  -0.30932  -0.98755  -0.30932  -0.98755
 -5.06266  -0.51675  -1.12207  -0.51675  -1.12207  -0.38530  -1.00686  -0.38530  -1.00686
 -5.01253  -0.49846  -1.14705  -0.49846  -1.14705  -0.46550  -1.03019  -0.46550  -1.03019
 -4.96241  -0.46550  -1.17039  -0.46550  -1.17039  -0.54042  -1.05728  -0.54042  -1.05728
 -4.91228  -0.42251  -1.19156  -0.42251  -1.19156  -0.60217  -1.08747  -0.60217  -1.08747
 -4.86216  -0.37608  -1.21042  -0.37608  -1.21042  -0.64677  -1.11989  -0.64677  -1.11989
 -4.81203  -0.33280  -1.22710  -0.33280  -1.22710  -0.67438  -1.15369  -0.67438  -1.15369
 -4.76190  -0.29771  -1.24202  -0.29771  -1.24202  -0.68750  -1.18815  -0.68750  -1.18815
 -4.71178  -0.27350  -1.25573  -0.27350  -1.25573  -0.68833  -1.22265  -0.68833  -1.22265
 -4.66165  -0.26045  -1.26879  -0.26045  -1.26879  -0.67698  -1.25659  -0.67698  -1.25659
 -4.61153  -0.25671  -1.28165  -0.25671  -1.28165  -0.65166  -1.28925  -0.65166  -1.28925
 -4.56140  -0.25887  -1.29463  -0.25887  -1.29463  -0.61058  -1.31986  -0.61058  -1.31986
 -4.51128  -0.26259  -1.30779  -0.26259  -1.30779  -0.55416  -1.34763  -0.55416  -1.34763
 -4.46115  -0.26355  -1.32100  -0.26355  -1.32100  -0.48608  -1.37200  -0.48608  -1.37200
 -4.41103  -0.25847  -1.33396  -0.25847  -1.33396  -0.41259  -1.39268  -0.41259  -1.39268
 -4.36090  -0.24579  -1.34628  -0.24579  -1.34628  -0.34053  -1.40975  -0.34053  -1.40975
 -4.31078  -0.22592  -1.35760  -0.22592  -1.35760  -0.27539  -1.42355  -0.27539  -1.42355
 -4.26065  -0.20094  -1.36767  -0.20094  -1.36767  -0.22033  -1.43460  -0.22033  -1.43460
 -4.21053  -0.17381  -1.37639  -0.17381  -1.37639  -0.17635  -1.44344  -0.17635  -1.44344
 -4.16040  -0.14754  -1.38378  -0.14754  -1.38378  -0.14313  -1.45061  -0.14313  -1.45061
 -4.11028  -0.12445  -1.39002  -0.12445  -1.39002  -0.11970  -1.45661  -0.11970  -1.45661
 -4.06015  -0.10576  -1.39532  -0.10576  -1.39532  -0.10466  -1.46186  -0.10466  -1.46186
 -4.01003  -0.09158  -1.39991  -0.09158  -1.39991  -0.09603  -1.46667  -0.09603  -1.46667
 -3.95990  -0.08134  -1.40399  -0.08134  -1.40399  -0.09122  -1.47124  -0.09122  -1.47124
 -3.90977  -0.07449  -1.40772  -0.07449  -1.40772  -0.08737  -1.47562  -0.08737  -1.47562
 -3.85965  -0.07103  -1.41128  -0.07103  -1.41128  -0.08205  -1.47973  -0.08205  -1.47973
 -3.80952  -0.07151  -1.41487  -0.07151  -1.41487  -0.07383  -1.48344  -0.07383  -1.48344
 -3.75940  -0.07624  -1.41869  -0.07624  -1.41869  -0.06271  -1.48658  -0.06271  -1.48658
 -3.70927  -0.08434  -1.42292  -0.08434  -1.42292  -0.04981  -1.48908  -0.04981  -1.48908
 -3.65915  -0.09325  -1.42759  -0.09325  -1.42759  -0.03680  -1.49092  -0.03680  -1.49092
 -3.60902  -0.09921  -1.43257  -0.09921  -1.43257  -0.02521  -1.49218  -0.02521  -1.49218
 -3.55890  -0.09863  -1.43751  -0.09863  -1.43751  -0.01585  -1.49298  -0.01585  -1.49298
 -3.50877  -0.08942  -1.44199  -0.08942  -1.44199  -0.00872  -1.49342  -0.00872  -1.49342
 -3.45865  -0.07174  -1.44559  -0.07174  -1.44559  -0.00316  -1.49357  -0.00316  -1.49357
 -3.40852  -0.04784  -1.44799  -0.04784  -1.44799   0.00191  -1.49348   0.00191  -1.49348
 -3.35840  -0.02116  -1.44905  -0.02116  -1.44905   0.00770  -1.49309   0.00770  -1.49309
 -3.30827   0.00476  -1.44881   0.00476  -1.44881   0.01547  -1.49232   0.01547  -1.49232
 -3.25815   0.02726  -1.44744   0.02726  -1.44744   0.02622  -1.49100   0.02622  -1.49100
 -3.20802   0.04506  -1.44518   0.04506  -1.44518   0.04040  -1.48898   0.04040  -1.48898
 -3.15789   0.05819  -1.44227   0.05819  -1.44227   0.05761  -1.48609   0.05761  -1.48609
 -3.10777   0.06757  -1.43888   0.06757  -1.43888   0.07645  -1.48226   0.07645  -1.48226
 -3.05764   0.07429  -1.43515   0.07429  -1.43515   0.09480  -1.47751   0.09480  -1.47751
 -3.00752   0.07923  -1.43118   0.07923  -1.43118   0.11038  -1.47197   0.11038  -1.47197
 -2.95739   0.08287  -1.42703   0.08287  -1.42703   0.12147  -1.46588   0.12147  -1.46588
 -2.90727   0.08551  -1.42274   0.08551  -1.42274   0.12738  -1.45950   0.12738  -1.45950
 -2.85714   0.08750  -1.41836   0.08750  -1.41836   0.12862  -1.45305   0.12862  -1.45305
 -2.80702   0.08926  -1.41388   0.08926  -1.41388   0.12670  -1.44670   0.12670  -1.44670
 -2.75689   0.09106  -1.40932   0.09106  -1.40932   0.12363  -1.44050   0.12363  -1.44050
 -2.70677   0.09277  -1.40467   0.09277  -1.40467   0.12151  -1.43441   0.12151  -1.43441
 -2.65664   0.09385  -1.39996   0.09385  -1.39996   0.12194  -1.42830   0.12194  -1.42830
 -2.60652   0.09377  -1.39526   0.09377  -1.39526   0.12567  -1.42200   0.12567  -1.42200
 -2.55639   0.09232  -1.39064   0.09232  -1.39064   0.13235  -1.41537   0.13235  -1.41537
 -2.50627   0.08981  -1.38613   0.08981  -1.38613   0.14059  -1.40832   0.14059  -1.40832
 -2.45614   0.08682  -1.38178   0.08682  -1.38178   0.14846  -1.40088   0.14846  -1.40088
 -2.40602   0.08394  -1.37758   0.08394  -1.37758   0.15424  -1.39315   0.15424  -1.39315
 -2.35589   0.08167  -1.37348   0.08167  -1.37348   0.15715  -1.38527   0.15715  -1.38527
 -2.30576   0.08051  -1.36945   0.08051  -1.36945   0.15774  -1.37736   0.15774  -1.37736
 -2.25564   0.08108  -1.36538   0.08108  -1.36538   0.15753  -1.36947   0.15753  -1.36947
 -2.20551   0.08415  -1.36116   0.08415  -1.36116   0.15820  -1.36154   0.15820  -1.36154
 -2.15539   0.09037  -1.35663   0.09037  -1.35663   0.16074  -1.35348   0.16074  -1.35348
 -2.10526   0.09997  -1.35162   0.09997  -1.35162   0.16520  -1.34520   0.16520  -1.34520
 -2.05514   0.11252  -1.34598   0.11252  -1.34598   0.17094  -1.33663   0.17094  -1.33663
 -2.00501   0.12695  -1.33962   0.12695  -1.33962   0.17722  -1.32775   0.17722  -1.32775
 -1.95489   0.14177  -1.33251   0.14177  -1.33251   0.18350  -1.31855   0.18350  -1.31855
 -1.90476   0.15542  -1.32472   0.15542  -1.32472   0.18929  -1.30906   0.18929  -1.30906
 -1.85464   0.16654  -1.31638   0.16654  -1.31638   0.19376  -1.29935   0.19376  -1.29935
 -1.80451   0.17422  -1.30764   0.17422  -1.30764   0.19557  -1.28955   0.19557  -1.28955
 -1.75439   0.17811  -1.29871   0.17811  -1.29871   0.19323  -1.27986   0.19323  -1.27986
 -1.70426   0.17844  -1.28977   0.17844  -1.28977   0.18577  -1.27055   0.18577  -1.27055
 -1.65414   0.17586  -1.28096   0.17586  -1.28096   0.17343  -1.26185   0.17343  -1.26185
 -1.60401   0.17119  -1.27237   0.17119  -1.27237   0.15774  -1.25395   0.15774  -1.25395
 -1.55388   0.16506  -1.26410   0.16506  -1.26410   0.14106  -1.24688   0.14106  -1.24688
 -1.50376   0.15773  -1.25620   0.15773  -1.25620   0.12571  -1.24058   0.12571  -1.24058
 -1.45363   0.14910  -1.24872   0.14910  -1.24872   0.11330  -1.23490   0.11330  -1.23490
 -1.40351   0.13910  -1.24175   0.13910  -1.24175   0.10455  -1.22966   0.10455  -1.22966
 -1.35338   0.12804  -1.23533   0.12804  -1.23533   0.09950  -1.22467   0.09950  -1.22467
 -1.30326   0.11684  -1.22947   0.11684  -1.22947   0.09789  -1.21976   0.09789  -1.21976
 -1.25313   0.10699  -1.22411   0.10699  -1.22411   0.09947  -1.21478   0.09947  -1.21478
 -1.20301   0.09999  -1.21910   0.09999  -1.21910   0.10408  -1.20956   0.10408  -1.20956
 -1.15288   0.09681  -1.21425   0.09681  -1.21425   0.11154  -1.20397   0.11154  -1.20397
 -1.10276   0.09745  -1.20936   0.09745  -1.20936   0.12134  -1.19789   0.12134  -1.19789
 -1.05263   0.10100  -1.20430   0.10100  -1.20430   0.13232  -1.19125   0.13232  -1.19125
 -1.00251   0.10593  -1.19899   0.10593  -1.19899   0.14239  -1.18412   0.14239  -1.18412
 -0.95238   0.11061  -1.19344   0.11061  -1.19344   0.14879  -1.17666   0.14879  -1.17666
 -0.90226   0.11357  -1.18775   0.11357  -1.18775   0.14883  -1.16920   0.14883  -1.16920
 -0.85213   0.11373  -1.18205   0.11373  -1.18205   0.14092  -1.16213   0.14092  -1.16213
 -0.80201   0.11043  -1.17652   0.11043  -1.17652   0.12534  -1.15585   0.12534  -1.15585
 -0.75188   0.10358  -1.17132   0.10358  -1.17132   0.10420  -1.15063   0.10420  -1.15063
 -0.70175   0.09372  -1.16663   0.09372  -1.16663   0.08070  -1.14658   0.08070  -1.14658
 -0.65163   0.08195  -1.16252   0.08195  -1.16252   0.05813  -1.14367   0.05813  -1.14367
 -0.60150   0.06969  -1.15902   0.06969  -1.15902   0.03888  -1.14172   0.03888  -1.14172
 -0.55138   0.05829  -1.15610   0.05829  -1.15610   0.02414  -1.14051   0.02414  -1.14051
 -0.50125   0.04872  -1.15366   0.04872  -1.15366   0.01392  -1.13981   0.01392  -1.13981
 -0.45113   0.04142  -1.15158   0.04142  -1.15158   0.00746  -1.13944   0.00746  -1.13944
 -0.40100   0.03635  -1.14976   0.03635  -1.14976   0.00373  -1.13925   0.00373  -1.13925
 -0.35088   0.03312  -1.14810   0.03312  -1.14810   0.00175  -1.13916   0.00175  -1.13916
 -0.30075   0.03112  -1.14654   0.03112  -1.14654   0.00078  -1.13913   0.00078  -1.13913
 -0.25063   0.02966  -1.14506   0.02966  -1.14506   0.00033  -1.13911   0.00033  -1.13911
 -0.20050   0.02808  -1.14365   0.02808  -1.14365   0.00013  -1.13910   0.00013  -1.13910
 -0.15038   0.02592  -1.14235   0.02592  -1.14235   0.00005  -1.13910   0.00005  -1.13910
 -0.10025   0.02300  -1.14120   0.02300  -1.14120   0.00002  -1.13910   0.00002  -1.13910
 -0.05013   0.01945  -1.14022   0.01945  -1.14022   0.00001  -1.13910   0.00001  -1.13910
  0.00000   0.01559  -1.13944   0.01559  -1.13944   0.00000  -1.13910   0.00000  -1.13910
  0.05013   0.01182  -1.13885   0.01182  -1.13885   0.00000  -1.13910   0.00000  -1.13910
  0.10025   0.00848  -1.13842   0.00848  -1.13842   0.00000  -1.13910   0.00000  -1.13910
  0.15038   0.00577  -1.13813   0.00577  -1.13813   0.00000  -1.13910   0.00000  -1.13910
  0.20050   0.00384  -1.13794   0.00384  -1.13794   0.00000  -1.13910   0.00000  -1.13910
  0.25063   0.00285  -1.13780   0.00285  -1.13780   0.00000  -1.13910   0.00000  -1.13910
  0.30075   0.00319  -1.13764   0.00319  -1.13764   0.00000  -1.13910   0.00000  -1.13910
  0.35088   0.00567  -1.13735   0.00567  -1.13735   0.00000  -1.13910   0.00000  -1.13910
  0.40100   0.01156  -1.13677   0.01156  -1.13677   0.00000  -1.13910   0.00000  -1.13910
  0.45113   0.02235  -1.13565   0.02235  -1.13565   0.00000  -1.13910   0.00000  -1.13910
  0.50125   0.03889  -1.13370   0.03889  -1.13370   0.00000  -1.13910   0.00000  -1.13910
  0.55138   0.06027  -1.13068   0.06027  -1.13068   0.00000  -1.13910   0.00000  -1.13910
  0.60150   0.08321  -1.12651   0.08321  -1.12651   0.00001  -1.13910   0.00001  -1.13910
  0.65163   0.10285  -1.12136   0.10285  -1.12136   0.00003  -1.13910   0.00003  -1.13910
  0.70175   0.11526  -1.11558   0.11526  -1.11558   0.00012  -1.13909   0.00012  -1.13909
  0.75188   0.12057  -1.10954   0.12057  -1.10954   0.00044  -1.13907   0.00044  -1.13907
  0.80201   0.12491  -1.10327   0.12491  -1.10327   0.00154  -1.13899   0.00154  -1.13899
  0.85213   0.14014  -1.09625   0.14014  -1.09625   0.00481  -1.13875   0.00481  -1.13875
  0.90226   0.18141  -1.08716   0.18141  -1.08716   0.01358  -1.13807   0.01358  -1.13807
  0.95238   0.26342  -1.07395   0.26342  -1.07395   0.03458  -1.13634   0.03458  -1.13634
  1.00251   0.39553  -1.05413   0.39553  -1.05413   0.07949  -1.13235   0.07949  -1.13235
  1.05263   0.57570  -1.02527   0.57570  -1.02527   0.16472  -1.12409   0.16472  -1.12409
  1.10276   0.78473  -0.98593   0.78473  -0.98593   0.30739  -1.10869   0.30739  -1.10869
  1.15288   0.98521  -0.93655   0.98521  -0.93655   0.51600  -1.08282   0.51600  -1.08282
  1.20301   1.12974  -0.87992   1.12974  -0.87992   0.77829  -1.04381   0.77829  -1.04381
  1.25313   1.17791  -0.82088   1.17791  -0.82088   1.05391  -0.99098   1.05391  -0.99098
  1.30326   1.11417  -0.76503   1.11417  -0.76503   1.28047  -0.92680   1.28047  -0.92680
  1.35338   0.95561  -0.71713   0.95561  -0.71713   1.39545  -0.85685   1.39545  -0.85685
  1.40351   0.74422  -0.67983   0.74422  -0.67983   1.36417  -0.78847   1.36417  -0.78847
  1.45363   0.52857  -0.65333   0.52857  -0.65333   1.19676  -0.72848   1.19676  -0.72848
  1.50376   0.34589  -0.63599   0.34589  -0.63599   0.94289  -0.68122   0.94289  -0.68122
  1.55388   0.21352  -0.62529   0.21352  -0.62529   0.66793  -0.64774   0.66793  -0.64774
  1.60401   0.13099  -0.61872   0.13099  -0.61872   0.42613  -0.62638   0.42613  -0.62638
  1.65414   0.08783  -0.61432   0.08783  -0.61432   0.24550  -0.61407   0.24550  -0.61407
  1.70426   0.07113  -0.61076   0.07113  -0.61076   0.12836  -0.60764   0.12836  -0.60764
  1.75439   0.06988  -0.60725   0.06988  -0.60725   0.06159  -0.60455   0.06159  -0.60455
  1.80451   0.07605  -0.60344   0.07605  -0.60344   0.02787  -0.60316   0.02787  -0.60316
  1.85464   0.08406  -0.59923   0.08406  -0.59923   0.01268  -0.60252   0.01268  -0.60252
  1.90476   0.09010  -0.59471   0.09010  -0.59471   0.00660  -0.60219   0.00660  -0.60219
  1.95489   0.09181  -0.59011   0.09181  -0.59011   0.00471  -0.60195   0.00471  -0.60195
  2.00501   0.08829  -0.58568   0.08829  -0.58568   0.00509  -0.60170   0.00509  -0.60170
  2.05514   0.08004  -0.58167   0.08004  -0.58167   0.00734  -0.60133   0.00734  -0.60133
  2.10526   0.06859  -0.57823   0.06859  -0.57823   0.01153  -0.60075   0.01153  -0.60075
  2.15539   0.05591  -0.57543   0.05591  -0.57543   0.01739  -0.59988   0.01739  -0.59988
  2.20551   0.04372  -0.57324   0.04372  -0.57324   0.02391  -0.59868   0.02391  -0.59868
  2.25564   0.03309  -0.57158   0.03309  -0.57158   0.02940  -0.59721   0.02940  -0.59721
  2.30576   0.02437  -0.57036   0.02437  -0.57036   0.03210  -0.59560   0.03210  -0.59560
  2.35589   0.01746  -0.56948   0.01746  -0.56948   0.03110  -0.59404   0.03110  -0.59404
  2.40602   0.01210  -0.56888   0.01210  -0.56888   0.02675  -0.59270   0.02675  -0.59270
  2.45614   0.00804  -0.56847   0.00804  -0.56847   0.02047  -0.59167   0.02047  -0.59167
  2.50627   0.00507  -0.56822   0.00507  -0.56822   0.01400  -0.59097   0.01400  -0.59097
  2.55639   0.00302  -0.56807   0.00302  -0.56807   0.00863  -0.59054   0.00863  -0.59054
  2.60652   0.00169  -0.56798   0.00169  -0.56798   0.00487  -0.59030   0.00487  -0.59030
  2.65664   0.00089  -0.56794   0.00089  -0.56794   0.00258  -0.59017   0.00258  -0.59017
  2.70677   0.00044  -0.56792   0.00044  -0.56792   0.00137  -0.59010   0.00137  -0.59010
  2.75689   0.00020  -0.56791   0.00020  -0.56791   0.00086  -0.59005   0.00086  -0.59005
  2.80702   0.00008  -0.56790   0.00008  -0.56790   0.00081  -0.59001   0.00081  -0.59001
  2.85714   0.00003  -0.56790   0.00003  -0.56790   0.00111  -0.58996   0.00111  -0.58996
  2.90727   0.00001  -0.56790   0.00001  -0.56790   0.00174  -0.58987   0.00174  -0.58987
  2.95739   0.00000  -0.56790   0.00000  -0.56790   0.00267  -0.58974   0.00267  -0.58974
  3.00752   0.00000  -0.56790   0.00000  -0.56790   0.00381  -0.58955   0.00381  -0.58955
  3.05764   0.00000  -0.56790   0.00000  -0.56790   0.00501  -0.58929   0.00501  -0.58929
  3.10777   0.00000  -0.56790   0.00000  -0.56790   0.00611  -0.58899   0.00611  -0.58899
  3.15789   0.00000  -0.56790   0.00000  -0.56790   0.00706  -0.58863   0.00706  -0.58863
  3.20802   0.00000  -0.56790   0.00000  -0.56790   0.00798  -0.58823   0.00798  -0.58823
  3.25815   0.00000  -0.56790   0.00000  -0.56790   0.00915  -0.58778   0.00915  -0.58778
  3.30827   0.00000  -0.56790   0.00000  -0.56790   0.01087  -0.58723   0.01087  -0.58723
  3.35840   0.00000  -0.56790   0.00000  -0.56790   0.01332  -0.58656   0.01332  -0.58656
  3.40852   0.00000  -0.56790   0.00000  -0.56790   0.01645  -0.58574   0.01645  -0.58574
  3.45865   0.00000  -0.56790   0.00000  -0.56790   0.01991  -0.58474   0.01991  -0.58474
  3.50877   0.00000  -0.56790   0.00000  -0.56790   0.02310  -0.58358   0.02310  -0.58358
  3.55890   0.00000  -0.56790   0.00000  -0.56790   0.02530  -0.58231   0.02530  -0.58231
  3.60902   0.00000  -0.56790   0.00000  -0.56790   0.02584  -0.58102   0.02584  -0.58102
  3.65915   0.00000  -0.56790   0.00000  -0.56790   0.02445  -0.57979   0.02445  -0.57979
  3.70927   0.00000  -0.56790   0.00000  -0.56790   0.02138  -0.57872   0.02138  -0.57872
  3.75940   0.00000  -0.56790   0.00000  -0.56790   0.01736  -0.57785   0.01736  -0.57785
  3.80952   0.00000  -0.56790   0.00000  -0.56790   0.01335  -0.57718   0.01335  -0.57718
  3.85965   0.00000  -0.56790   0.00000  -0.56790   0.01017  -0.57667   0.01017  -0.57667
  3.90977   0.00000  -0.56790   0.00000  -0.56790   0.00834  -0.57625   0.00834  -0.57625
  3.95990   0.00000  -0.56790   0.00000  -0.56790   0.00800  -0.57585   0.00800  -0.57585
  4.01003   0.00000  -0.56790   0.00000  -0.56790   0.00898  -0.57540   0.00898  -0.57540
  4.06015   0.00000  -0.56790   0.00000  -0.56790   0.01093  -0.57486   0.01093  -0.57486
  4.11028   0.00000  -0.56790   0.00000  -0.56790   0.01333  -0.57419   0.01333  -0.57419
  4.16040   0.00000  -0.56790   0.00000  -0.56790   0.01568  -0.57340   0.01568  -0.57340
  4.21053   0.00000  -0.56790   0.00000  -0.56790   0.01747  -0.57253   0.01747  -0.57253
  4.26065   0.00000  -0.56790   0.00000  -0.56790   0.01837  -0.57160   0.01837  -0.57160
  4.31078   0.00000  -0.56790   0.00000  -0.56790   0.01819  -0.57069   0.01819  -0.57069
  4.36090   0.00000  -0.56790   0.00000  -0.56790   0.01693  -0.56984   0.01693  -0.56984
  4.41103   0.00000  -0.56790   0.00000  -0.56790   0.01479  -0.56910   0.01479  -0.56910
  4.46115   0.00000  -0.56790   0.00000  -0.56790   0.01211  -0.56850   0.01211  -0.56850
  4.51128   0.00000  -0.56790   0.00000  -0.56790   0.00926  -0.56803   0.00926  -0.56803
  4.56140   0.00000  -0.56790   0.00000  -0.56790   0.00661  -0.56770   0.00661  -0.56770
  4.61153   0.00000  -0.56790   0.00000  -0.56790   0.00440  -0.56748   0.00440  -0.56748
  4.66165   0.00000  -0.56790   0.00000  -0.56790   0.00273  -0.56734   0.00273  -0.56734
  4.71178   0.00000  -0.56790   0.00000  -0.56790   0.00158  -0.56726   0.00158  -0.56726
  4.76190   0.00000  -0.56790   0.00000  -0.56790   0.00085  -0.56722   0.00085  -0.56722
  4.81203   0.00000  -0.56790   0.00000  -0.56790   0.00043  -0.56720   0.00043  -0.56720
  4.86216   0.00000  -0.56790   0.00000  -0.56790   0.00020  -0.56719   0.00020  -0.56719
  4.91228   0.00000  -0.56790   0.00000  -0.56790   0.00009  -0.56718   0.00009  -0.56718
  4.96241   0.00000  -0.56790   0.00000  -0.56790   0.00004  -0.56718   0.00004  -0.56718
  5.01253   0.00000  -0.56790   0.00000  -0.56790   0.00001  -0.56718   0.00001  -0.56718
  5.06266   0.00000  -0.56790   0.00000  -0.56790   0.00000  -0.56718   0.00000  -0.56718
  5.11278   0.00000  -0.56790   0.00000  -0.56790   0.00000  -0.56718   0.00000  -0.56718
  5.16291   0.00000  -0.56790   0.00000  -0.56790   0.00000  -0.56718   0.00000  -0.56718
  5.21303   0.00000  -0.56790   0.00000  -0.56790   0.00000  -0.56718   0.00000  -0.56718
  5.26316   0.00000  -0.56790   0.00000  -0.56790   0.00000  -0.56718   0.00000  -0.56718
  5.31328   0.00000  -0.56790   0.00000  -0.56790   0.00000  -0.56718   0.00000  -0.56718
  5.36341   0.00000  -0.56790   0.00000  -0.56790   0.00000  -0.56718   0.00000  -0.56718
  5.41353   0.00000  -0.56790   0.00000  -0.56790   0.00000  -0.56718   0.00000  -0.56718
  5.46366   0.00000  -0.56790   0.00000  -0.56790   0.00000  -0.56718   0.00000  -0.56718
  5.51378   0.00000  -0.56790   0.00000  -0.56790   0.00000  -0.56718   0.00000  -0.56718
  5.56391   0.00000  -0.56790   0.00000  -0.56790   0.00000  -0.56718   0.00000  -0.56718
  5.61404   0.00000  -0.56790   0.00000  -0.56790   0.00000  -0.56718   0.00000  -0.56718
  5.66416   0.00000  -0.56790   0.00000  -0.56790   0.00000  -0.56718   0.00000  -0.56718
  5.71429   0.00000  -0.56790   0.00000  -0.56790   0.00000  -0.56718   0.00000  -0.56718
  5.76441   0.00000  -0.56790   0.00000  -0.56790   0.00000  -0.56718   0.00000  -0.56718
  5.81454   0.00000  -0.56790   0.00000  -0.56790   0.00000  -0.56718   0.00000  -0.56718
  5.86466   0.00000  -0.56790   0.00000  -0.56790   0.00000  -0.56718   0.00000  -0.56718
  5.91479   0.00001  -0.56790   0.00001  -0.56790   0.00000  -0.56718   0.00000  -0.56718
  5.96491   0.00004  -0.56790   0.00004  -0.56790   0.00000  -0.56718   0.00000  -0.56718
  6.01504   0.00010  -0.56789   0.00010  -0.56789   0.00000  -0.56718   0.00000  -0.56718
  6.06516   0.00023  -0.56788   0.00023  -0.56788   0.00001  -0.56718   0.00001  -0.56718
  6.11529   0.00048  -0.56786   0.00048  -0.56786   0.00003  -0.56718   0.00003  -0.56718
  6.16541   0.00095  -0.56781   0.00095  -0.56781   0.00008  -0.56718   0.00008  -0.56718
  6.21554   0.00170  -0.56773   0.00170  -0.56773   0.00019  -0.56717   0.00019  -0.56717
  6.26566   0.00284  -0.56758   0.00284  -0.56758   0.00042  -0.56715   0.00042  -0.56715
  6.31579   0.00439  -0.56736   0.00439  -0.56736   0.00084  -0.56710   0.00084  -0.56710
  6.36591   0.00632  -0.56705   0.00632  -0.56705   0.00156  -0.56703   0.00156  -0.56703
  6.41604   0.00848  -0.56662   0.00848  -0.56662   0.00266  -0.56689   0.00266  -0.56689
  6.46617   0.01059  -0.56609   0.01059  -0.56609   0.00421  -0.56668   0.00421  -0.56668
  6.51629   0.01232  -0.56547   0.01232  -0.56547   0.00620  -0.56637   0.00620  -0.56637
  6.56642   0.01341  -0.56480   0.01341  -0.56480   0.00850  -0.56594   0.00850  -0.56594
  6.61654   0.01376  -0.56411   0.01376  -0.56411   0.01086  -0.56540   0.01086  -0.56540
  6.66667   0.01354  -0.56343   0.01354  -0.56343   0.01291  -0.56475   0.01291  -0.56475
  6.71679   0.01317  -0.56277   0.01317  -0.56277   0.01433  -0.56403   0.01433  -0.56403
  6.76692   0.01319  -0.56211   0.01319  -0.56211   0.01492  -0.56329   0.01492  -0.56329
  6.81704   0.01410  -0.56141   0.01410  -0.56141   0.01475  -0.56255   0.01475  -0.56255
  6.86717   0.01606  -0.56060   0.01606  -0.56060   0.01419  -0.56184   0.01419  -0.56184
  6.91729   0.01890  -0.55965   0.01890  -0.55965   0.01384  -0.56114   0.01384  -0.56114
  6.96742   0.02213  -0.55854   0.02213  -0.55854   0.01430  -0.56043   0.01430  -0.56043
  7.01754   0.02522  -0.55728   0.02522  -0.55728   0.01592  -0.55963   0.01592  -0.55963
  7.06767   0.02775  -0.55589   0.02775  -0.55589   0.01861  -0.55869   0.01861  -0.55869
  7.11779   0.02956  -0.55441   0.02956  -0.55441   0.02189  -0.55760   0.02189  -0.55760
  7.16792   0.03078  -0.55286   0.03078  -0.55286   0.02511  -0.55634   0.02511  -0.55634
  7.21805   0.03172  -0.55127   0.03172  -0.55127   0.02770  -0.55495   0.02770  -0.55495
  7.26817   0.03280  -0.54963   0.03280  -0.54963   0.02942  -0.55348   0.02942  -0.55348
  7.31830   0.03434  -0.54791   0.03434  -0.54791   0.03045  -0.55195   0.03045  -0.55195
  7.36842   0.03644  -0.54608   0.03644  -0.54608   0.03124  -0.55038   0.03124  -0.55038
  7.41855   0.03891  -0.54413   0.03891  -0.54413   0.03237  -0.54876   0.03237  -0.54876
  7.46867   0.04128  -0.54206   0.04128  -0.54206   0.03424  -0.54704   0.03424  -0.54704
  7.51880   0.04306  -0.53990   0.04306  -0.53990   0.03690  -0.54519   0.03690  -0.54519
  7.56892   0.04387  -0.53771   0.04387  -0.53771   0.03999  -0.54319   0.03999  -0.54319
  7.61905   0.04363  -0.53552   0.04363  -0.53552   0.04293  -0.54104   0.04293  -0.54104
  7.66917   0.04253  -0.53339   0.04253  -0.53339   0.04516  -0.53877   0.04516  -0.53877
  7.71930   0.04104  -0.53133   0.04104  -0.53133   0.04635  -0.53645   0.04635  -0.53645
  7.76942   0.03974  -0.52934   0.03974  -0.52934   0.04646  -0.53412   0.04646  -0.53412
  7.81955   0.03911  -0.52738   0.03911  -0.52738   0.04567  -0.53183   0.04567  -0.53183
  7.86967   0.03929  -0.52541   0.03929  -0.52541   0.04426  -0.52961   0.04426  -0.52961
  7.91980   0.03993  -0.52341   0.03993  -0.52341   0.04261  -0.52748   0.04261  -0.52748
  7.96992   0.04033  -0.52138   0.04033  -0.52138   0.04121  -0.52541   0.04121  -0.52541
  8.02005   0.03982  -0.51939   0.03982  -0.51939   0.04049  -0.52338   0.04049  -0.52338
  8.07018   0.03827  -0.51747   0.03827  -0.51747   0.04062  -0.52135   0.04062  -0.52135
  8.12030   0.03607  -0.51566   0.03607  -0.51566   0.04132  -0.51928   0.04132  -0.51928
  8.17043   0.03406  -0.51396   0.03406  -0.51396   0.04201  -0.51717   0.04201  -0.51717
  8.22055   0.03309  -0.51230   0.03309  -0.51230   0.04221  -0.51505   0.04221  -0.51505
  8.27068   0.03388  -0.51060   0.03388  -0.51060   0.04190  -0.51295   0.04190  -0.51295
  8.32080   0.03685  -0.50875   0.03685  -0.50875   0.04161  -0.51087   0.04161  -0.51087
  8.37093   0.04219  -0.50664   0.04219  -0.50664   0.04220  -0.50875   0.04220  -0.50875
  8.42105   0.04980  -0.50414   0.04980  -0.50414   0.04454  -0.50652   0.04454  -0.50652
  8.47118   0.05922  -0.50117   0.05922  -0.50117   0.04926  -0.50405   0.04926  -0.50405
  8.52130   0.06959  -0.49768   0.06959  -0.49768   0.05653  -0.50122   0.05653  -0.50122
  8.57143   0.07975  -0.49369   0.07975  -0.49369   0.06594  -0.49791   0.06594  -0.49791
  8.62155   0.08858  -0.48925   0.08858  -0.48925   0.07651  -0.49408   0.07651  -0.49408
  8.67168   0.09534  -0.48447   0.09534  -0.48447   0.08678  -0.48973   0.08678  -0.48973
  8.72180   0.09993  -0.47946   0.09993  -0.47946   0.09532  -0.48495   0.09532  -0.48495
  8.77193   0.10275  -0.47431   0.10275  -0.47431   0.10122  -0.47988   0.10122  -0.47988
  8.82206   0.10435  -0.46908   0.10435  -0.46908   0.10441  -0.47464   0.10441  -0.47464
  8.87218   0.10523  -0.46380   0.10523  -0.46380   0.10554  -0.46935   0.10554  -0.46935
  8.92231   0.10575  -0.45850   0.10575  -0.45850   0.10548  -0.46406   0.10548  -0.46406
  8.97243   0.10617  -0.45318   0.10617  -0.45318   0.10493  -0.45881   0.10493  -0.45881
  9.02256   0.10663  -0.44783   0.10663  -0.44783   0.10424  -0.45358   0.10424  -0.45358
  9.07268   0.10708  -0.44247   0.10708  -0.44247   0.10364  -0.44839   0.10364  -0.44839
  9.12281   0.10728  -0.43709   0.10728  -0.43709   0.10323  -0.44321   0.10323  -0.44321
  9.17293   0.10697  -0.43173   0.10697  -0.43173   0.10302  -0.43805   0.10302  -0.43805
  9.22306   0.10605  -0.42641   0.10605  -0.42641   0.10284  -0.43289   0.10284  -0.43289
  9.27318   0.10468  -0.42116   0.10468  -0.42116   0.10236  -0.42776   0.10236  -0.42776
  9.32331   0.10314  -0.41599   0.10314  -0.41599   0.10132  -0.42268   0.10132  -0.42268
  9.37343   0.10171  -0.41090   0.10171  -0.41090   0.09972  -0.41768   0.09972  -0.41768
  9.42356   0.10056  -0.40586   0.10056  -0.40586   0.09777  -0.41278   0.09777  -0.41278
  9.47368   0.09979  -0.40085   0.09979  -0.40085   0.09585  -0.40798   0.09585  -0.40798
  9.52381   0.09953  -0.39586   0.09953  -0.39586   0.09433  -0.40325   0.09433  -0.40325
  9.57393   0.09996  -0.39085   0.09996  -0.39085   0.09353  -0.39856   0.09353  -0.39856
  9.62406   0.10131  -0.38578   0.10131  -0.38578   0.09374  -0.39386   0.09374  -0.39386
  9.67419   0.10376  -0.38057   0.10376  -0.38057   0.09512  -0.38910   0.09512  -0.38910
  9.72431   0.10741  -0.37519   0.10741  -0.37519   0.09763  -0.38420   0.09763  -0.38420
  9.77444   0.11219  -0.36957   0.11219  -0.36957   0.10096  -0.37914   0.10096  -0.37914
  9.82456   0.11778  -0.36366   0.11778  -0.36366   0.10471  -0.37389   0.10471  -0.37389
  9.87469   0.12360  -0.35747   0.12360  -0.35747   0.10860  -0.36845   0.10860  -0.36845
  9.92481   0.12892  -0.35101   0.12892  -0.35101   0.11265  -0.36280   0.11265  -0.36280
  9.97494   0.13310  -0.34433   0.13310  -0.34433   0.11705  -0.35693   0.11705  -0.35693
 10.02506   0.13592  -0.33752   0.13592  -0.33752   0.12191  -0.35082   0.12191  -0.35082